2
10
,
0 (31.0, 35.0) 48.0
1 (11.0, 30.0) 67.0
2 (2.0, 32.0) 68.0
3 (46.0, 26.0) 45.0
4 (28.0, 37.0) 45.0
5 (1.0, 8.0) 85.0
6 (12.0, 32.0) 82.0
7 (44.0, 10.0) 50.0
8 (28.0, 22.0) 41.0
9 (3.0, 8.0) 45.0
,
0 23 16 16 26 23 4 17 23 18 4 0
23 0 10 15 9 2 20 10 14 7 19 23
16 10 0 5 18 9 12 1 19 9 12 16
16 15 5 0 22 13 12 5 24 14 12 16
26 9 18 22 0 11 24 17 8 9 23 26
23 2 9 13 11 0 20 8 16 8 19 23
4 20 12 12 24 20 0 13 22 15 1 4
17 10 1 5 17 8 13 0 19 9 13 17
23 14 19 24 8 16 22 19 0 10 21 23
18 7 9 14 9 8 15 9 10 0 14 18
4 19 12 12 23 19 1 13 21 14 0 4
0 23 16 16 26 23 4 17 23 18 4 0
,
0 34 40 44 61 61 6 33 56 51 11 0
51 0 25 28 9 5 58 28 32 11 49 39
47 14 0 7 48 10 34 2 38 21 25 46
36 30 10 0 61 35 33 14 69 16 19 16
33 24 33 58 0 24 42 52 13 23 26 71
35 4 18 24 20 0 55 18 24 10 52 53
6 31 13 24 69 34 0 24 61 23 3 11
17 14 3 10 19 16 30 0 33 17 36 48
52 17 35 36 12 34 46 28 0 16 55 61
28 15 10 33 17 12 19 26 20 0 28 32
5 33 26 24 56 20 1 32 60 24 0 7
0 60 40 42 27 53 10 33 31 42 13 0