2
10
,
0 (31.0, 35.0) 41.0
1 (11.0, 30.0) 46.0
2 (2.0, 32.0) 59.0
3 (46.0, 26.0) 41.0
4 (28.0, 37.0) 43.0
5 (1.0, 8.0) 59.0
6 (12.0, 32.0) 80.0
7 (44.0, 10.0) 51.0
8 (28.0, 22.0) 62.0
9 (3.0, 8.0) 36.0
,
0 23 16 16 26 23 4 17 23 18 4 0
23 0 10 15 9 2 20 10 14 7 19 23
16 10 0 5 18 9 12 1 19 9 12 16
16 15 5 0 22 13 12 5 24 14 12 16
26 9 18 22 0 11 24 17 8 9 23 26
23 2 9 13 11 0 20 8 16 8 19 23
4 20 12 12 24 20 0 13 22 15 1 4
17 10 1 5 17 8 13 0 19 9 13 17
23 14 19 24 8 16 22 19 0 10 21 23
18 7 9 14 9 8 15 9 10 0 14 18
4 19 12 12 23 19 1 13 21 14 0 4
0 23 16 16 26 23 4 17 23 18 4 0
,
0 30 45 35 47 60 10 47 41 34 8 0
57 0 22 19 19 5 39 17 32 11 49 69
22 29 0 8 30 20 18 3 25 15 16 22
31 25 6 0 59 30 23 13 54 34 19 45
52 14 48 51 0 14 45 45 16 21 68 48
28 4 24 26 16 0 26 25 34 18 56 38
11 43 24 14 39 41 0 15 49 34 3 7
51 26 3 10 47 18 34 0 23 21 27 23
59 32 54 37 20 17 33 47 0 26 53 56
42 14 22 35 27 18 15 19 17 0 34 22
6 39 16 21 49 55 3 14 48 15 0 11
0 51 22 42 63 25 12 48 38 34 12 0