2
10
,
0 (31.0, 35.0) 86.0
1 (11.0, 30.0) 37.0
2 (2.0, 32.0) 39.0
3 (46.0, 26.0) 36.0
4 (28.0, 37.0) 53.0
5 (1.0, 8.0) 87.0
6 (12.0, 32.0) 41.0
7 (44.0, 10.0) 39.0
8 (28.0, 22.0) 85.0
9 (3.0, 8.0) 56.0
,
0 23 16 16 26 23 4 17 23 18 4 0
23 0 10 15 9 2 20 10 14 7 19 23
16 10 0 5 18 9 12 1 19 9 12 16
16 15 5 0 22 13 12 5 24 14 12 16
26 9 18 22 0 11 24 17 8 9 23 26
23 2 9 13 11 0 20 8 16 8 19 23
4 20 12 12 24 20 0 13 22 15 1 4
17 10 1 5 17 8 13 0 19 9 13 17
23 14 19 24 8 16 22 19 0 10 21 23
18 7 9 14 9 8 15 9 10 0 14 18
4 19 12 12 23 19 1 13 21 14 0 4
0 23 16 16 26 23 4 17 23 18 4 0
,
0 41 19 37 55 45 8 44 43 32 5 0
66 0 30 16 10 3 43 20 40 14 34 24
32 26 0 10 44 19 29 2 39 15 25 33
36 24 6 0 38 20 29 14 26 17 30 21
56 15 34 54 0 29 41 30 8 24 61 77
26 2 17 18 13 0 58 12 16 8 35 70
11 32 29 28 47 26 0 33 46 27 2 9
39 18 2 8 25 15 35 0 56 13 13 32
43 24 54 64 23 17 48 32 0 24 52 37
23 16 23 22 17 20 22 12 20 0 15 18
11 41 32 22 54 49 2 16 36 22 0 12
0 54 45 33 40 59 8 45 60 26 11 0