2
10
,
0 (31.0, 35.0) 45.0
1 (11.0, 30.0) 70.0
2 (2.0, 32.0) 33.0
3 (46.0, 26.0) 76.0
4 (28.0, 37.0) 78.0
5 (1.0, 8.0) 64.0
6 (12.0, 32.0) 35.0
7 (44.0, 10.0) 82.0
8 (28.0, 22.0) 60.0
9 (3.0, 8.0) 47.0
,
0 23 16 16 26 23 4 17 23 18 4 0
23 0 10 15 9 2 20 10 14 7 19 23
16 10 0 5 18 9 12 1 19 9 12 16
16 15 5 0 22 13 12 5 24 14 12 16
26 9 18 22 0 11 24 17 8 9 23 26
23 2 9 13 11 0 20 8 16 8 19 23
4 20 12 12 24 20 0 13 22 15 1 4
17 10 1 5 17 8 13 0 19 9 13 17
23 14 19 24 8 16 22 19 0 10 21 23
18 7 9 14 9 8 15 9 10 0 14 18
4 19 12 12 23 19 1 13 21 14 0 4
0 23 16 16 26 23 4 17 23 18 4 0
,
0 43 16 47 76 67 10 43 30 24 12 0
38 0 24 15 23 4 48 11 17 8 40 42
17 29 0 5 46 13 19 2 48 21 22 17
18 42 8 0 51 18 14 12 68 24 15 45
79 24 33 31 0 30 73 44 13 18 58 48
39 5 10 15 15 0 21 12 26 9 34 66
10 50 35 34 48 44 0 27 46 46 2 11
19 27 3 12 43 11 29 0 44 17 38 41
38 23 34 35 9 18 64 28 0 19 33 57
39 19 24 28 25 12 21 20 13 0 41 24
9 36 13 26 59 20 3 20 38 29 0 5
0 43 34 47 62 64 10 30 27 45 8 0