2
10
,
0 (31.0, 35.0) 32.0
1 (11.0, 30.0) 81.0
2 (2.0, 32.0) 38.0
3 (46.0, 26.0) 47.0
4 (28.0, 37.0) 41.0
5 (1.0, 8.0) 33.0
6 (12.0, 32.0) 48.0
7 (44.0, 10.0) 59.0
8 (28.0, 22.0) 86.0
9 (3.0, 8.0) 55.0
,
0 23 16 16 26 23 4 17 23 18 4 0
23 0 10 15 9 2 20 10 14 7 19 23
16 10 0 5 18 9 12 1 19 9 12 16
16 15 5 0 22 13 12 5 24 14 12 16
26 9 18 22 0 11 24 17 8 9 23 26
23 2 9 13 11 0 20 8 16 8 19 23
4 20 12 12 24 20 0 13 22 15 1 4
17 10 1 5 17 8 13 0 19 9 13 17
23 14 19 24 8 16 22 19 0 10 21 23
18 7 9 14 9 8 15 9 10 0 14 18
4 19 12 12 23 19 1 13 21 14 0 4
0 23 16 16 26 23 4 17 23 18 4 0
,
0 41 38 29 58 69 5 28 45 39 5 0
33 0 25 35 25 2 52 29 21 14 25 26
31 25 0 11 45 22 34 2 53 19 16 44
27 19 6 0 54 23 17 8 32 22 34 35
71 19 25 52 0 25 35 40 13 23 59 40
25 5 13 17 11 0 59 14 38 18 24 39
8 55 15 32 26 40 0 32 40 33 3 11
44 10 2 5 43 20 33 0 23 11 13 29
62 38 58 53 24 34 57 29 0 17 40 59
44 12 13 17 26 12 31 19 19 0 22 53
8 28 19 35 68 36 2 37 61 24 0 8
0 57 29 43 45 63 4 38 58 50 11 0