2
10
,
0 (31.0, 35.0) 34.0
1 (11.0, 30.0) 38.0
2 (2.0, 32.0) 84.0
3 (46.0, 26.0) 47.0
4 (28.0, 37.0) 59.0
5 (1.0, 8.0) 85.0
6 (12.0, 32.0) 31.0
7 (44.0, 10.0) 88.0
8 (28.0, 22.0) 37.0
9 (3.0, 8.0) 78.0
,
0 23 16 16 26 23 4 17 23 18 4 0
23 0 10 15 9 2 20 10 14 7 19 23
16 10 0 5 18 9 12 1 19 9 12 16
16 15 5 0 22 13 12 5 24 14 12 16
26 9 18 22 0 11 24 17 8 9 23 26
23 2 9 13 11 0 20 8 16 8 19 23
4 20 12 12 24 20 0 13 22 15 1 4
17 10 1 5 17 8 13 0 19 9 13 17
23 14 19 24 8 16 22 19 0 10 21 23
18 7 9 14 9 8 15 9 10 0 14 18
4 19 12 12 23 19 1 13 21 14 0 4
0 23 16 16 26 23 4 17 23 18 4 0
,
0 55 40 44 60 31 9 34 47 34 8 0
26 0 29 42 10 4 26 27 38 8 52 68
31 19 0 5 48 11 20 2 33 17 32 28
21 29 8 0 34 39 14 13 54 18 17 39
77 11 26 32 0 31 71 50 9 17 40 78
33 4 21 33 31 0 23 18 22 15 33 69
6 58 33 19 26 25 0 18 62 18 1 8
48 25 3 13 22 19 38 0 57 25 23 33
55 29 47 60 13 17 43 44 0 16 32 62
21 12 13 17 11 14 33 19 23 0 26 52
6 26 31 35 24 48 2 37 39 36 0 12
0 35 46 26 62 64 9 35 48 19 7 0