2
10
,
0 (31.0, 35.0) 78.0
1 (11.0, 30.0) 47.0
2 (2.0, 32.0) 86.0
3 (46.0, 26.0) 42.0
4 (28.0, 37.0) 42.0
5 (1.0, 8.0) 39.0
6 (12.0, 32.0) 30.0
7 (44.0, 10.0) 63.0
8 (28.0, 22.0) 32.0
9 (3.0, 8.0) 35.0
,
0 23 16 16 26 23 4 17 23 18 4 0
23 0 10 15 9 2 20 10 14 7 19 23
16 10 0 5 18 9 12 1 19 9 12 16
16 15 5 0 22 13 12 5 24 14 12 16
26 9 18 22 0 11 24 17 8 9 23 26
23 2 9 13 11 0 20 8 16 8 19 23
4 20 12 12 24 20 0 13 22 15 1 4
17 10 1 5 17 8 13 0 19 9 13 17
23 14 19 24 8 16 22 19 0 10 21 23
18 7 9 14 9 8 15 9 10 0 14 18
4 19 12 12 23 19 1 13 21 14 0 4
0 23 16 16 26 23 4 17 23 18 4 0
,
0 58 33 41 59 31 11 21 40 44 11 0
45 0 16 15 26 3 45 13 38 13 25 46
21 21 0 6 35 18 15 1 43 11 14 18
19 30 8 0 53 25 22 11 36 27 18 41
43 16 27 66 0 24 66 18 13 22 33 40
51 4 25 20 12 0 48 19 35 15 27 31
6 27 18 24 33 25 0 21 58 45 3 5
45 11 2 15 51 11 32 0 57 12 22 31
46 22 29 39 11 36 52 57 0 19 21 45
38 9 13 27 18 17 17 16 27 0 15 35
6 40 25 24 62 43 3 13 41 33 0 11
0 25 40 33 50 58 11 51 60 51 9 0