2
10
,
0 (31.0, 35.0) 64.0
1 (11.0, 30.0) 46.0
2 (2.0, 32.0) 34.0
3 (46.0, 26.0) 48.0
4 (28.0, 37.0) 32.0
5 (1.0, 8.0) 33.0
6 (12.0, 32.0) 59.0
7 (44.0, 10.0) 37.0
8 (28.0, 22.0) 35.0
9 (3.0, 8.0) 42.0
,
0 23 16 16 26 23 4 17 23 18 4 0
23 0 10 15 9 2 20 10 14 7 19 23
16 10 0 5 18 9 12 1 19 9 12 16
16 15 5 0 22 13 12 5 24 14 12 16
26 9 18 22 0 11 24 17 8 9 23 26
23 2 9 13 11 0 20 8 16 8 19 23
4 20 12 12 24 20 0 13 22 15 1 4
17 10 1 5 17 8 13 0 19 9 13 17
23 14 19 24 8 16 22 19 0 10 21 23
18 7 9 14 9 8 15 9 10 0 14 18
4 19 12 12 23 19 1 13 21 14 0 4
0 23 16 16 26 23 4 17 23 18 4 0
,
0 68 45 34 33 34 10 39 59 21 6 0
62 0 30 32 26 4 38 10 40 16 26 53
19 22 0 7 25 16 17 3 40 13 16 18
45 18 7 0 44 29 19 12 46 18 21 26
72 25 23 26 0 17 25 47 19 9 68 48
49 5 16 35 17 0 52 22 25 19 53 48
7 55 19 31 67 30 0 14 63 34 3 8
46 16 1 5 27 11 25 0 23 20 38 25
37 37 24 34 20 40 27 27 0 24 52 37
40 12 11 25 11 15 23 14 15 0 42 40
5 41 21 36 65 40 1 14 38 24 0 5
0 61 40 25 69 28 11 28 24 26 6 0