2
10
,
0 (31.0, 35.0) 53.0
1 (11.0, 30.0) 32.0
2 (2.0, 32.0) 55.0
3 (46.0, 26.0) 79.0
4 (28.0, 37.0) 51.0
5 (1.0, 8.0) 49.0
6 (12.0, 32.0) 57.0
7 (44.0, 10.0) 33.0
8 (28.0, 22.0) 62.0
9 (3.0, 8.0) 40.0
,
0 23 16 16 26 23 4 17 23 18 4 0
23 0 10 15 9 2 20 10 14 7 19 23
16 10 0 5 18 9 12 1 19 9 12 16
16 15 5 0 22 13 12 5 24 14 12 16
26 9 18 22 0 11 24 17 8 9 23 26
23 2 9 13 11 0 20 8 16 8 19 23
4 20 12 12 24 20 0 13 22 15 1 4
17 10 1 5 17 8 13 0 19 9 13 17
23 14 19 24 8 16 22 19 0 10 21 23
18 7 9 14 9 8 15 9 10 0 14 18
4 19 12 12 23 19 1 13 21 14 0 4
0 23 16 16 26 23 4 17 23 18 4 0
,
0 49 28 48 40 58 9 40 23 30 12 0
25 0 13 19 18 2 50 25 28 8 52 52
31 22 0 6 39 19 36 2 29 10 33 40
20 37 9 0 29 33 33 6 36 20 25 40
79 21 39 26 0 21 32 18 11 9 29 58
42 2 19 32 13 0 40 12 44 17 42 37
5 38 18 24 66 36 0 36 22 36 1 10
42 20 1 11 31 9 21 0 46 19 34 34
36 26 57 57 10 20 40 23 0 28 50 42
25 16 23 38 13 12 16 24 19 0 26 43
5 38 17 23 50 30 2 21 27 26 0 9
0 57 35 23 55 26 7 30 39 24 9 0