2
10
,
0 (31.0, 35.0) 40.0
1 (11.0, 30.0) 71.0
2 (2.0, 32.0) 54.0
3 (46.0, 26.0) 66.0
4 (28.0, 37.0) 53.0
5 (1.0, 8.0) 69.0
6 (12.0, 32.0) 66.0
7 (44.0, 10.0) 37.0
8 (28.0, 22.0) 62.0
9 (3.0, 8.0) 82.0
,
0 23 16 16 26 23 4 17 23 18 4 0
23 0 10 15 9 2 20 10 14 7 19 23
16 10 0 5 18 9 12 1 19 9 12 16
16 15 5 0 22 13 12 5 24 14 12 16
26 9 18 22 0 11 24 17 8 9 23 26
23 2 9 13 11 0 20 8 16 8 19 23
4 20 12 12 24 20 0 13 22 15 1 4
17 10 1 5 17 8 13 0 19 9 13 17
23 14 19 24 8 16 22 19 0 10 21 23
18 7 9 14 9 8 15 9 10 0 14 18
4 19 12 12 23 19 1 13 21 14 0 4
0 23 16 16 26 23 4 17 23 18 4 0
,
0 69 32 25 29 51 9 30 30 33 5 0
37 0 28 43 26 3 45 28 18 9 42 36
35 17 0 8 34 11 13 1 28 13 13 19
40 22 6 0 43 13 35 10 70 14 29 30
63 13 24 53 0 29 56 47 21 11 60 38
40 4 24 17 30 0 37 13 46 8 51 36
5 28 22 17 47 54 0 38 29 23 2 12
19 26 2 15 27 16 31 0 43 16 31 43
43 17 52 38 19 45 32 26 0 26 31 40
37 14 20 18 12 15 39 13 25 0 26 48
11 57 33 18 50 30 3 31 55 31 0 13
0 62 22 43 77 63 9 35 55 39 6 0