2
10
,
0 (31.0, 35.0) 45.0
1 (11.0, 30.0) 79.0
2 (2.0, 32.0) 37.0
3 (46.0, 26.0) 45.0
4 (28.0, 37.0) 36.0
5 (1.0, 8.0) 72.0
6 (12.0, 32.0) 70.0
7 (44.0, 10.0) 44.0
8 (28.0, 22.0) 44.0
9 (3.0, 8.0) 64.0
,
0 23 16 16 26 23 4 17 23 18 4 0
23 0 10 15 9 2 20 10 14 7 19 23
16 10 0 5 18 9 12 1 19 9 12 16
16 15 5 0 22 13 12 5 24 14 12 16
26 9 18 22 0 11 24 17 8 9 23 26
23 2 9 13 11 0 20 8 16 8 19 23
4 20 12 12 24 20 0 13 22 15 1 4
17 10 1 5 17 8 13 0 19 9 13 17
23 14 19 24 8 16 22 19 0 10 21 23
18 7 9 14 9 8 15 9 10 0 14 18
4 19 12 12 23 19 1 13 21 14 0 4
0 23 16 16 26 23 4 17 23 18 4 0
,
0 24 42 31 27 35 10 44 39 25 9 0
56 0 21 43 16 4 34 28 28 8 54 50
18 13 0 13 28 18 23 2 49 25 20 40
22 34 11 0 42 14 22 6 68 24 12 29
79 23 19 63 0 18 29 45 19 13 48 77
26 5 27 37 30 0 41 21 24 13 47 45
9 56 22 31 49 37 0 32 29 24 1 12
32 27 1 12 20 8 28 0 31 27 32 33
33 34 20 37 8 17 35 27 0 26 29 36
47 11 14 37 27 13 45 28 13 0 34 36
11 36 14 27 41 55 1 37 25 36 0 8
0 38 22 32 47 33 7 39 39 31 7 0