2
10
,
0 (31.0, 35.0) 45.0
1 (11.0, 30.0) 66.0
2 (2.0, 32.0) 58.0
3 (46.0, 26.0) 67.0
4 (28.0, 37.0) 36.0
5 (1.0, 8.0) 61.0
6 (12.0, 32.0) 34.0
7 (44.0, 10.0) 59.0
8 (28.0, 22.0) 44.0
9 (3.0, 8.0) 55.0
,
0 23 16 16 26 23 4 17 23 18 4 0
23 0 10 15 9 2 20 10 14 7 19 23
16 10 0 5 18 9 12 1 19 9 12 16
16 15 5 0 22 13 12 5 24 14 12 16
26 9 18 22 0 11 24 17 8 9 23 26
23 2 9 13 11 0 20 8 16 8 19 23
4 20 12 12 24 20 0 13 22 15 1 4
17 10 1 5 17 8 13 0 19 9 13 17
23 14 19 24 8 16 22 19 0 10 21 23
18 7 9 14 9 8 15 9 10 0 14 18
4 19 12 12 23 19 1 13 21 14 0 4
0 23 16 16 26 23 4 17 23 18 4 0
,
0 32 28 28 36 38 9 29 27 36 12 0
40 0 22 37 20 5 52 15 32 19 57 34
23 23 0 5 36 13 18 2 30 21 18 22
45 26 13 0 34 24 14 7 65 38 13 27
51 10 51 64 0 17 49 19 22 22 39 69
28 2 25 33 20 0 55 18 45 19 35 31
11 59 28 15 64 32 0 34 53 44 3 6
41 24 2 9 34 15 16 0 52 12 16 18
63 24 44 66 8 37 47 42 0 11 51 37
24 16 28 16 26 10 39 14 24 0 35 39
7 24 21 33 29 20 2 20 21 26 0 7
0 54 37 46 49 69 8 45 61 32 10 0