2
10
,
0 (31.0, 35.0) 48.0
1 (11.0, 30.0) 62.0
2 (2.0, 32.0) 67.0
3 (46.0, 26.0) 76.0
4 (28.0, 37.0) 61.0
5 (1.0, 8.0) 70.0
6 (12.0, 32.0) 47.0
7 (44.0, 10.0) 73.0
8 (28.0, 22.0) 42.0
9 (3.0, 8.0) 78.0
,
0 23 16 16 26 23 4 17 23 18 4 0
23 0 10 15 9 2 20 10 14 7 19 23
16 10 0 5 18 9 12 1 19 9 12 16
16 15 5 0 22 13 12 5 24 14 12 16
26 9 18 22 0 11 24 17 8 9 23 26
23 2 9 13 11 0 20 8 16 8 19 23
4 20 12 12 24 20 0 13 22 15 1 4
17 10 1 5 17 8 13 0 19 9 13 17
23 14 19 24 8 16 22 19 0 10 21 23
18 7 9 14 9 8 15 9 10 0 14 18
4 19 12 12 23 19 1 13 21 14 0 4
0 23 16 16 26 23 4 17 23 18 4 0
,
0 35 24 34 74 54 7 28 41 20 11 0
33 0 27 19 12 4 20 17 31 18 47 35
46 24 0 7 49 14 36 2 50 14 33 25
27 19 12 0 66 30 16 11 28 23 31 18
66 20 19 24 0 29 40 22 14 22 50 36
62 4 9 32 19 0 22 10 36 15 52 59
10 49 33 24 36 44 0 18 25 42 3 12
49 28 3 9 25 13 27 0 27 17 16 26
49 22 47 69 21 32 33 29 0 11 28 63
52 18 21 29 17 10 17 20 25 0 43 50
7 42 22 29 56 51 2 38 39 19 0 13
0 37 24 23 44 64 5 37 50 44 7 0