2
10
,
0 (31.0, 35.0) 57.0
1 (11.0, 30.0) 54.0
2 (2.0, 32.0) 31.0
3 (46.0, 26.0) 82.0
4 (28.0, 37.0) 68.0
5 (1.0, 8.0) 33.0
6 (12.0, 32.0) 42.0
7 (44.0, 10.0) 75.0
8 (28.0, 22.0) 34.0
9 (3.0, 8.0) 49.0
,
0 23 16 16 26 23 4 17 23 18 4 0
23 0 10 15 9 2 20 10 14 7 19 23
16 10 0 5 18 9 12 1 19 9 12 16
16 15 5 0 22 13 12 5 24 14 12 16
26 9 18 22 0 11 24 17 8 9 23 26
23 2 9 13 11 0 20 8 16 8 19 23
4 20 12 12 24 20 0 13 22 15 1 4
17 10 1 5 17 8 13 0 19 9 13 17
23 14 19 24 8 16 22 19 0 10 21 23
18 7 9 14 9 8 15 9 10 0 14 18
4 19 12 12 23 19 1 13 21 14 0 4
0 23 16 16 26 23 4 17 23 18 4 0
,
0 27 17 25 31 44 12 36 34 22 8 0
68 0 14 27 21 5 40 16 39 18 40 36
40 16 0 5 52 14 15 3 55 24 24 36
47 38 11 0 62 21 17 13 67 36 24 34
53 11 27 29 0 27 29 49 17 10 63 31
58 4 9 23 27 0 27 16 31 17 50 27
9 51 24 21 41 40 0 34 47 19 1 11
49 28 2 10 31 16 29 0 56 27 34 51
58 37 24 31 9 18 24 45 0 21 31 48
22 18 22 21 27 18 27 28 14 0 37 49
6 50 20 14 66 54 2 38 27 31 0 10
0 68 21 35 48 32 7 30 54 39 7 0