2
10
,
0 (31.0, 35.0) 83.0
1 (11.0, 30.0) 81.0
2 (2.0, 32.0) 31.0
3 (46.0, 26.0) 41.0
4 (28.0, 37.0) 67.0
5 (1.0, 8.0) 40.0
6 (12.0, 32.0) 34.0
7 (44.0, 10.0) 90.0
8 (28.0, 22.0) 79.0
9 (3.0, 8.0) 90.0
,
0 23 16 16 26 23 4 17 23 18 4 0
23 0 10 15 9 2 20 10 14 7 19 23
16 10 0 5 18 9 12 1 19 9 12 16
16 15 5 0 22 13 12 5 24 14 12 16
26 9 18 22 0 11 24 17 8 9 23 26
23 2 9 13 11 0 20 8 16 8 19 23
4 20 12 12 24 20 0 13 22 15 1 4
17 10 1 5 17 8 13 0 19 9 13 17
23 14 19 24 8 16 22 19 0 10 21 23
18 7 9 14 9 8 15 9 10 0 14 18
4 19 12 12 23 19 1 13 21 14 0 4
0 23 16 16 26 23 4 17 23 18 4 0
,
0 66 40 20 79 69 5 39 61 33 6 0
25 0 25 24 23 3 45 14 40 7 48 26
33 16 0 14 19 18 30 3 42 17 33 19
18 27 11 0 48 21 31 11 24 14 28 20
53 23 28 53 0 31 64 18 14 22 35 36
65 3 17 23 21 0 56 10 34 13 57 46
5 52 32 25 57 58 0 17 43 37 1 11
37 28 3 6 20 21 23 0 48 17 23 26
24 16 23 64 10 18 24 49 0 24 47 40
28 10 18 31 18 12 17 17 21 0 18 49
11 48 16 27 40 32 1 34 26 17 0 8
0 43 23 26 38 58 7 25 47 28 10 0