2
10
,
0 (31.0, 35.0) 33.0
1 (11.0, 30.0) 31.0
2 (2.0, 32.0) 44.0
3 (46.0, 26.0) 69.0
4 (28.0, 37.0) 52.0
5 (1.0, 8.0) 49.0
6 (12.0, 32.0) 75.0
7 (44.0, 10.0) 73.0
8 (28.0, 22.0) 48.0
9 (3.0, 8.0) 37.0
,
0 23 16 16 26 23 4 17 23 18 4 0
23 0 10 15 9 2 20 10 14 7 19 23
16 10 0 5 18 9 12 1 19 9 12 16
16 15 5 0 22 13 12 5 24 14 12 16
26 9 18 22 0 11 24 17 8 9 23 26
23 2 9 13 11 0 20 8 16 8 19 23
4 20 12 12 24 20 0 13 22 15 1 4
17 10 1 5 17 8 13 0 19 9 13 17
23 14 19 24 8 16 22 19 0 10 21 23
18 7 9 14 9 8 15 9 10 0 14 18
4 19 12 12 23 19 1 13 21 14 0 4
0 23 16 16 26 23 4 17 23 18 4 0
,
0 35 42 20 52 51 9 45 39 26 12 0
53 0 24 43 14 5 30 26 19 8 41 67
39 18 0 6 24 25 32 3 53 21 33 17
17 31 6 0 36 28 20 8 69 17 15 21
60 22 21 25 0 14 73 18 16 24 49 56
30 5 20 21 24 0 54 15 41 11 22 60
5 30 36 20 27 21 0 14 41 17 2 10
33 17 3 13 29 22 36 0 55 17 32 21
58 32 55 40 18 21 62 46 0 12 21 53
26 14 13 40 23 21 38 10 19 0 34 24
11 41 24 12 38 56 2 37 47 27 0 10
0 33 18 22 69 68 7 41 40 32 12 0