2
10
,
0 (31.0, 35.0) 83.0
1 (11.0, 30.0) 45.0
2 (2.0, 32.0) 31.0
3 (46.0, 26.0) 56.0
4 (28.0, 37.0) 54.0
5 (1.0, 8.0) 87.0
6 (12.0, 32.0) 51.0
7 (44.0, 10.0) 55.0
8 (28.0, 22.0) 41.0
9 (3.0, 8.0) 54.0
,
0 23 16 16 26 23 4 17 23 18 4 0
23 0 10 15 9 2 20 10 14 7 19 23
16 10 0 5 18 9 12 1 19 9 12 16
16 15 5 0 22 13 12 5 24 14 12 16
26 9 18 22 0 11 24 17 8 9 23 26
23 2 9 13 11 0 20 8 16 8 19 23
4 20 12 12 24 20 0 13 22 15 1 4
17 10 1 5 17 8 13 0 19 9 13 17
23 14 19 24 8 16 22 19 0 10 21 23
18 7 9 14 9 8 15 9 10 0 14 18
4 19 12 12 23 19 1 13 21 14 0 4
0 23 16 16 26 23 4 17 23 18 4 0
,
0 65 40 30 67 50 5 24 31 19 7 0
38 0 30 26 22 5 26 26 21 9 46 37
20 11 0 10 42 14 18 3 39 27 15 39
43 43 13 0 59 36 27 13 48 21 30 39
45 21 19 31 0 18 70 38 21 16 63 33
67 4 19 35 18 0 38 14 29 20 42 34
5 53 25 25 41 31 0 28 23 25 1 10
22 16 3 7 51 10 33 0 48 23 30 21
53 20 49 40 8 46 29 27 0 23 40 38
37 12 15 30 16 8 20 22 28 0 36 26
6 34 28 25 33 39 1 36 47 35 0 8
0 27 21 18 40 31 8 38 56 23 6 0