2
10
,
0 (31.0, 35.0) 37.0
1 (11.0, 30.0) 62.0
2 (2.0, 32.0) 44.0
3 (46.0, 26.0) 55.0
4 (28.0, 37.0) 51.0
5 (1.0, 8.0) 60.0
6 (12.0, 32.0) 40.0
7 (44.0, 10.0) 34.0
8 (28.0, 22.0) 74.0
9 (3.0, 8.0) 57.0
,
0 23 16 16 26 23 4 17 23 18 4 0
23 0 10 15 9 2 20 10 14 7 19 23
16 10 0 5 18 9 12 1 19 9 12 16
16 15 5 0 22 13 12 5 24 14 12 16
26 9 18 22 0 11 24 17 8 9 23 26
23 2 9 13 11 0 20 8 16 8 19 23
4 20 12 12 24 20 0 13 22 15 1 4
17 10 1 5 17 8 13 0 19 9 13 17
23 14 19 24 8 16 22 19 0 10 21 23
18 7 9 14 9 8 15 9 10 0 14 18
4 19 12 12 23 19 1 13 21 14 0 4
0 23 16 16 26 23 4 17 23 18 4 0
,
0 62 39 28 77 34 12 22 43 32 6 0
64 0 29 39 14 3 41 21 38 11 27 60
17 12 0 7 27 11 14 3 51 14 20 24
16 21 7 0 62 26 33 14 37 31 28 36
30 11 27 51 0 27 32 50 21 10 37 59
59 4 12 20 25 0 31 13 36 17 57 42
5 30 24 17 35 35 0 38 35 19 2 6
47 15 2 12 48 15 37 0 43 11 32 34
53 33 29 31 11 47 45 48 0 23 56 50
38 13 26 27 15 16 21 28 24 0 42 23
11 48 35 18 35 45 3 24 60 31 0 10
0 67 31 48 56 44 5 17 56 27 5 0