2
10
,
0 (31.0, 35.0) 44.0
1 (11.0, 30.0) 44.0
2 (2.0, 32.0) 85.0
3 (46.0, 26.0) 56.0
4 (28.0, 37.0) 55.0
5 (1.0, 8.0) 41.0
6 (12.0, 32.0) 47.0
7 (44.0, 10.0) 69.0
8 (28.0, 22.0) 57.0
9 (3.0, 8.0) 45.0
,
0 23 16 16 26 23 4 17 23 18 4 0
23 0 10 15 9 2 20 10 14 7 19 23
16 10 0 5 18 9 12 1 19 9 12 16
16 15 5 0 22 13 12 5 24 14 12 16
26 9 18 22 0 11 24 17 8 9 23 26
23 2 9 13 11 0 20 8 16 8 19 23
4 20 12 12 24 20 0 13 22 15 1 4
17 10 1 5 17 8 13 0 19 9 13 17
23 14 19 24 8 16 22 19 0 10 21 23
18 7 9 14 9 8 15 9 10 0 14 18
4 19 12 12 23 19 1 13 21 14 0 4
0 23 16 16 26 23 4 17 23 18 4 0
,
0 30 42 44 29 48 8 46 63 40 8 0
25 0 18 28 20 4 23 14 16 8 55 46
35 23 0 7 22 12 13 3 46 16 29 39
18 43 13 0 60 31 30 12 67 18 14 25
56 10 52 59 0 16 57 47 12 14 66 32
27 2 11 17 28 0 52 18 19 15 45 30
9 43 13 13 55 27 0 17 52 24 3 8
18 14 1 7 47 12 22 0 37 11 30 41
51 27 27 27 14 30 53 40 0 19 47 27
25 14 25 39 19 11 41 12 12 0 27 39
6 49 33 21 61 29 1 23 41 24 0 7
0 33 45 22 40 61 9 26 36 28 11 0