2
10
,
0 (31.0, 35.0) 85.0
1 (11.0, 30.0) 73.0
2 (2.0, 32.0) 32.0
3 (46.0, 26.0) 33.0
4 (28.0, 37.0) 56.0
5 (1.0, 8.0) 64.0
6 (12.0, 32.0) 86.0
7 (44.0, 10.0) 60.0
8 (28.0, 22.0) 52.0
9 (3.0, 8.0) 89.0
,
0 23 16 16 26 23 4 17 23 18 4 0
23 0 10 15 9 2 20 10 14 7 19 23
16 10 0 5 18 9 12 1 19 9 12 16
16 15 5 0 22 13 12 5 24 14 12 16
26 9 18 22 0 11 24 17 8 9 23 26
23 2 9 13 11 0 20 8 16 8 19 23
4 20 12 12 24 20 0 13 22 15 1 4
17 10 1 5 17 8 13 0 19 9 13 17
23 14 19 24 8 16 22 19 0 10 21 23
18 7 9 14 9 8 15 9 10 0 14 18
4 19 12 12 23 19 1 13 21 14 0 4
0 23 16 16 26 23 4 17 23 18 4 0
,
0 40 35 37 41 28 10 41 54 31 12 0
52 0 30 34 9 5 53 10 31 15 55 35
41 26 0 9 44 25 34 3 24 22 18 45
43 18 5 0 64 15 20 12 61 16 35 43
51 16 37 40 0 14 29 47 20 26 49 55
50 3 21 38 27 0 43 23 24 17 40 32
10 58 28 18 39 49 0 34 60 27 3 5
24 24 2 6 51 25 25 0 50 28 36 21
48 41 54 30 14 31 24 52 0 11 55 27
39 13 15 22 26 13 16 27 13 0 41 22
7 49 34 31 47 30 2 31 34 29 0 4
0 29 33 16 38 31 11 34 59 53 4 0