2
10
,
0 (31.0, 35.0) 75.0
1 (11.0, 30.0) 38.0
2 (2.0, 32.0) 59.0
3 (46.0, 26.0) 41.0
4 (28.0, 37.0) 70.0
5 (1.0, 8.0) 60.0
6 (12.0, 32.0) 42.0
7 (44.0, 10.0) 51.0
8 (28.0, 22.0) 43.0
9 (3.0, 8.0) 31.0
,
0 23 16 16 26 23 4 17 23 18 4 0
23 0 10 15 9 2 20 10 14 7 19 23
16 10 0 5 18 9 12 1 19 9 12 16
16 15 5 0 22 13 12 5 24 14 12 16
26 9 18 22 0 11 24 17 8 9 23 26
23 2 9 13 11 0 20 8 16 8 19 23
4 20 12 12 24 20 0 13 22 15 1 4
17 10 1 5 17 8 13 0 19 9 13 17
23 14 19 24 8 16 22 19 0 10 21 23
18 7 9 14 9 8 15 9 10 0 14 18
4 19 12 12 23 19 1 13 21 14 0 4
0 23 16 16 26 23 4 17 23 18 4 0
,
0 55 35 24 62 50 6 46 54 21 9 0
42 0 28 30 20 5 55 14 30 13 23 53
46 16 0 11 28 27 17 3 33 10 24 48
30 44 9 0 33 21 35 12 66 25 17 27
69 21 30 31 0 15 58 27 23 13 69 72
36 3 16 34 20 0 30 11 24 17 52 30
10 33 20 18 69 37 0 23 25 21 3 11
28 12 2 13 43 10 34 0 45 20 35 29
52 30 38 43 12 42 54 39 0 23 59 31
36 13 20 29 15 14 19 11 22 0 34 53
12 53 30 13 63 22 1 15 61 18 0 8
0 36 33 48 57 30 4 40 29 36 13 0