2
10
,
0 (31.0, 35.0) 50.0
1 (11.0, 30.0) 31.0
2 (2.0, 32.0) 73.0
3 (46.0, 26.0) 68.0
4 (28.0, 37.0) 39.0
5 (1.0, 8.0) 64.0
6 (12.0, 32.0) 51.0
7 (44.0, 10.0) 33.0
8 (28.0, 22.0) 30.0
9 (3.0, 8.0) 72.0
,
0 23 16 16 26 23 4 17 23 18 4 0
23 0 10 15 9 2 20 10 14 7 19 23
16 10 0 5 18 9 12 1 19 9 12 16
16 15 5 0 22 13 12 5 24 14 12 16
26 9 18 22 0 11 24 17 8 9 23 26
23 2 9 13 11 0 20 8 16 8 19 23
4 20 12 12 24 20 0 13 22 15 1 4
17 10 1 5 17 8 13 0 19 9 13 17
23 14 19 24 8 16 22 19 0 10 21 23
18 7 9 14 9 8 15 9 10 0 14 18
4 19 12 12 23 19 1 13 21 14 0 4
0 23 16 16 26 23 4 17 23 18 4 0
,
0 50 40 36 53 68 7 48 26 48 12 0
54 0 28 31 10 3 44 12 29 9 55 47
44 13 0 5 23 16 33 2 53 15 13 32
26 20 11 0 53 23 13 8 35 22 20 32
35 26 24 55 0 29 44 41 13 14 65 76
52 3 19 35 15 0 39 11 34 19 52 62
5 58 25 29 43 40 0 19 40 34 2 6
22 23 2 6 43 17 38 0 37 16 29 31
50 18 23 47 23 25 41 32 0 27 46 66
31 8 12 25 15 17 35 26 29 0 33 19
7 37 35 24 50 43 2 14 29 30 0 8
0 32 41 28 58 32 10 28 32 33 12 0