2
10
,
0 (31.0, 35.0) 75.0
1 (11.0, 30.0) 36.0
2 (2.0, 32.0) 45.0
3 (46.0, 26.0) 80.0
4 (28.0, 37.0) 36.0
5 (1.0, 8.0) 30.0
6 (12.0, 32.0) 63.0
7 (44.0, 10.0) 31.0
8 (28.0, 22.0) 40.0
9 (3.0, 8.0) 68.0
,
0 23 16 16 26 23 4 17 23 18 4 0
23 0 10 15 9 2 20 10 14 7 19 23
16 10 0 5 18 9 12 1 19 9 12 16
16 15 5 0 22 13 12 5 24 14 12 16
26 9 18 22 0 11 24 17 8 9 23 26
23 2 9 13 11 0 20 8 16 8 19 23
4 20 12 12 24 20 0 13 22 15 1 4
17 10 1 5 17 8 13 0 19 9 13 17
23 14 19 24 8 16 22 19 0 10 21 23
18 7 9 14 9 8 15 9 10 0 14 18
4 19 12 12 23 19 1 13 21 14 0 4
0 23 16 16 26 23 4 17 23 18 4 0
,
0 43 34 42 69 47 9 18 49 33 7 0
28 0 18 26 17 5 33 15 42 18 26 36
29 20 0 5 23 20 18 3 53 25 27 25
45 19 12 0 44 21 19 6 34 21 36 43
79 10 20 54 0 25 38 50 12 22 58 30
33 2 20 28 18 0 28 10 33 11 40 32
7 35 23 28 49 58 0 18 64 31 1 7
29 23 2 13 28 18 18 0 43 24 38 28
64 34 44 64 13 21 56 54 0 23 23 46
30 13 21 26 22 17 27 13 24 0 28 18
7 38 25 12 47 50 2 23 40 33 0 13
0 55 29 30 48 66 5 51 38 44 5 0