2
10
,
0 (31.0, 35.0) 56.0
1 (11.0, 30.0) 78.0
2 (2.0, 32.0) 52.0
3 (46.0, 26.0) 41.0
4 (28.0, 37.0) 48.0
5 (1.0, 8.0) 78.0
6 (12.0, 32.0) 30.0
7 (44.0, 10.0) 37.0
8 (28.0, 22.0) 36.0
9 (3.0, 8.0) 43.0
,
0 23 16 16 26 23 4 17 23 18 4 0
23 0 10 15 9 2 20 10 14 7 19 23
16 10 0 5 18 9 12 1 19 9 12 16
16 15 5 0 22 13 12 5 24 14 12 16
26 9 18 22 0 11 24 17 8 9 23 26
23 2 9 13 11 0 20 8 16 8 19 23
4 20 12 12 24 20 0 13 22 15 1 4
17 10 1 5 17 8 13 0 19 9 13 17
23 14 19 24 8 16 22 19 0 10 21 23
18 7 9 14 9 8 15 9 10 0 14 18
4 19 12 12 23 19 1 13 21 14 0 4
0 23 16 16 26 23 4 17 23 18 4 0
,
0 24 35 44 72 58 7 40 25 45 10 0
54 0 19 31 18 2 36 11 39 9 54 35
32 29 0 11 24 18 29 3 43 20 32 30
21 35 10 0 45 16 36 7 38 37 15 33
58 11 50 66 0 23 45 41 15 23 47 34
31 5 26 18 18 0 24 13 35 12 24 41
7 30 15 36 26 59 0 33 60 43 2 5
43 13 3 6 41 12 20 0 53 15 17 25
56 34 21 69 21 46 43 34 0 11 42 54
30 12 23 37 15 8 40 12 29 0 31 30
6 50 18 19 56 43 2 18 29 37 0 12
0 26 22 27 27 38 7 48 31 39 11 0