2
10
,
0 (31.0, 35.0) 55.0
1 (11.0, 30.0) 66.0
2 (2.0, 32.0) 42.0
3 (46.0, 26.0) 37.0
4 (28.0, 37.0) 77.0
5 (1.0, 8.0) 60.0
6 (12.0, 32.0) 89.0
7 (44.0, 10.0) 39.0
8 (28.0, 22.0) 76.0
9 (3.0, 8.0) 61.0
,
0 23 16 16 26 23 4 17 23 18 4 0
23 0 10 15 9 2 20 10 14 7 19 23
16 10 0 5 18 9 12 1 19 9 12 16
16 15 5 0 22 13 12 5 24 14 12 16
26 9 18 22 0 11 24 17 8 9 23 26
23 2 9 13 11 0 20 8 16 8 19 23
4 20 12 12 24 20 0 13 22 15 1 4
17 10 1 5 17 8 13 0 19 9 13 17
23 14 19 24 8 16 22 19 0 10 21 23
18 7 9 14 9 8 15 9 10 0 14 18
4 19 12 12 23 19 1 13 21 14 0 4
0 23 16 16 26 23 4 17 23 18 4 0
,
0 66 39 43 34 47 12 45 39 52 6 0
66 0 25 16 16 4 26 16 33 13 26 26
30 17 0 10 52 14 20 2 28 20 17 29
30 26 14 0 66 30 29 9 46 38 25 42
69 14 36 45 0 11 53 38 18 27 55 47
68 5 22 22 29 0 57 22 35 18 47 55
11 52 33 30 38 29 0 39 23 18 3 12
25 24 2 7 43 18 16 0 30 19 20 30
34 25 51 62 15 20 32 34 0 12 40 50
30 18 11 20 21 15 37 10 24 0 33 34
6 50 16 13 60 38 2 24 45 23 0 8
0 38 20 37 58 37 10 30 44 41 4 0