2
10
,
0 (31.0, 35.0) 52.0
1 (11.0, 30.0) 84.0
2 (2.0, 32.0) 44.0
3 (46.0, 26.0) 49.0
4 (28.0, 37.0) 50.0
5 (1.0, 8.0) 44.0
6 (12.0, 32.0) 42.0
7 (44.0, 10.0) 49.0
8 (28.0, 22.0) 60.0
9 (3.0, 8.0) 39.0
,
0 23 16 16 26 23 4 17 23 18 4 0
23 0 10 15 9 2 20 10 14 7 19 23
16 10 0 5 18 9 12 1 19 9 12 16
16 15 5 0 22 13 12 5 24 14 12 16
26 9 18 22 0 11 24 17 8 9 23 26
23 2 9 13 11 0 20 8 16 8 19 23
4 20 12 12 24 20 0 13 22 15 1 4
17 10 1 5 17 8 13 0 19 9 13 17
23 14 19 24 8 16 22 19 0 10 21 23
18 7 9 14 9 8 15 9 10 0 14 18
4 19 12 12 23 19 1 13 21 14 0 4
0 23 16 16 26 23 4 17 23 18 4 0
,
0 68 41 43 45 48 7 34 33 29 9 0
60 0 26 23 19 3 48 21 34 13 20 48
22 31 0 9 20 9 29 3 52 20 27 44
23 22 10 0 24 23 26 7 56 19 14 36
73 12 18 59 0 19 56 36 9 24 31 34
57 5 12 36 27 0 37 10 20 20 26 51
8 25 34 34 31 24 0 19 63 31 2 5
22 28 1 12 50 22 38 0 24 15 16 28
60 17 41 55 19 32 41 52 0 29 34 43
35 17 27 31 11 20 42 25 17 0 20 26
5 28 16 20 49 34 1 33 59 23 0 12
0 65 18 28 27 66 11 19 62 32 11 0