2
10
,
0 (31.0, 35.0) 70.0
1 (11.0, 30.0) 52.0
2 (2.0, 32.0) 53.0
3 (46.0, 26.0) 38.0
4 (28.0, 37.0) 45.0
5 (1.0, 8.0) 47.0
6 (12.0, 32.0) 54.0
7 (44.0, 10.0) 44.0
8 (28.0, 22.0) 72.0
9 (3.0, 8.0) 40.0
,
0 23 16 16 26 23 4 17 23 18 4 0
23 0 10 15 9 2 20 10 14 7 19 23
16 10 0 5 18 9 12 1 19 9 12 16
16 15 5 0 22 13 12 5 24 14 12 16
26 9 18 22 0 11 24 17 8 9 23 26
23 2 9 13 11 0 20 8 16 8 19 23
4 20 12 12 24 20 0 13 22 15 1 4
17 10 1 5 17 8 13 0 19 9 13 17
23 14 19 24 8 16 22 19 0 10 21 23
18 7 9 14 9 8 15 9 10 0 14 18
4 19 12 12 23 19 1 13 21 14 0 4
0 23 16 16 26 23 4 17 23 18 4 0
,
0 68 43 24 60 56 9 38 51 53 12 0
70 0 29 38 21 4 21 26 19 16 23 31
45 26 0 7 34 22 24 2 22 13 12 31
31 19 5 0 60 26 31 14 28 15 17 16
50 20 31 48 0 18 26 37 23 25 37 61
61 4 11 39 21 0 40 12 47 8 19 56
4 45 34 16 36 53 0 39 32 19 2 10
51 26 3 10 45 20 29 0 54 16 25 18
48 40 37 66 15 35 49 23 0 25 52 24
23 13 17 15 23 19 35 14 11 0 30 41
12 42 24 22 69 27 2 15 43 26 0 8
0 25 16 39 34 57 11 31 23 37 5 0