2
10
,
0 (31.0, 35.0) 45.0
1 (11.0, 30.0) 30.0
2 (2.0, 32.0) 43.0
3 (46.0, 26.0) 31.0
4 (28.0, 37.0) 90.0
5 (1.0, 8.0) 78.0
6 (12.0, 32.0) 66.0
7 (44.0, 10.0) 78.0
8 (28.0, 22.0) 41.0
9 (3.0, 8.0) 50.0
,
0 23 16 16 26 23 4 17 23 18 4 0
23 0 10 15 9 2 20 10 14 7 19 23
16 10 0 5 18 9 12 1 19 9 12 16
16 15 5 0 22 13 12 5 24 14 12 16
26 9 18 22 0 11 24 17 8 9 23 26
23 2 9 13 11 0 20 8 16 8 19 23
4 20 12 12 24 20 0 13 22 15 1 4
17 10 1 5 17 8 13 0 19 9 13 17
23 14 19 24 8 16 22 19 0 10 21 23
18 7 9 14 9 8 15 9 10 0 14 18
4 19 12 12 23 19 1 13 21 14 0 4
0 23 16 16 26 23 4 17 23 18 4 0
,
0 56 46 16 79 53 12 39 63 40 5 0
67 0 22 24 12 4 58 20 35 12 28 55
42 26 0 5 48 14 35 1 31 28 24 23
44 38 8 0 64 32 16 5 45 36 19 44
78 10 53 30 0 15 41 36 8 19 45 69
65 3 26 24 20 0 47 15 39 11 43 52
10 58 20 20 30 47 0 22 61 39 2 11
31 11 3 13 49 20 27 0 46 15 34 46
27 42 58 67 18 27 59 48 0 15 51 58
42 15 20 26 18 11 40 16 21 0 39 53
7 56 18 31 50 43 1 32 33 40 0 10
0 59 20 27 30 53 9 44 52 44 10 0