2
10
,
0 (31.0, 35.0) 50.0
1 (11.0, 30.0) 54.0
2 (2.0, 32.0) 58.0
3 (46.0, 26.0) 59.0
4 (28.0, 37.0) 87.0
5 (1.0, 8.0) 58.0
6 (12.0, 32.0) 81.0
7 (44.0, 10.0) 54.0
8 (28.0, 22.0) 83.0
9 (3.0, 8.0) 75.0
,
0 23 16 16 26 23 4 17 23 18 4 0
23 0 10 15 9 2 20 10 14 7 19 23
16 10 0 5 18 9 12 1 19 9 12 16
16 15 5 0 22 13 12 5 24 14 12 16
26 9 18 22 0 11 24 17 8 9 23 26
23 2 9 13 11 0 20 8 16 8 19 23
4 20 12 12 24 20 0 13 22 15 1 4
17 10 1 5 17 8 13 0 19 9 13 17
23 14 19 24 8 16 22 19 0 10 21 23
18 7 9 14 9 8 15 9 10 0 14 18
4 19 12 12 23 19 1 13 21 14 0 4
0 23 16 16 26 23 4 17 23 18 4 0
,
0 41 39 33 67 51 11 26 49 47 8 0
60 0 18 37 11 3 29 23 37 19 36 34
29 29 0 9 45 16 17 3 22 21 19 20
45 27 7 0 38 36 14 12 61 23 15 44
79 20 23 42 0 19 53 50 9 26 25 57
60 3 19 38 16 0 42 12 29 9 30 46
8 48 31 24 59 42 0 37 29 16 2 8
36 15 3 7 30 12 37 0 35 22 18 47
53 40 39 61 10 42 42 42 0 22 51 53
31 18 14 36 26 8 23 11 14 0 33 34
8 29 22 19 67 36 2 20 45 27 0 11
0 38 31 26 56 41 8 18 33 37 6 0