2
10
,
0 (31.0, 35.0) 63.0
1 (11.0, 30.0) 42.0
2 (2.0, 32.0) 36.0
3 (46.0, 26.0) 87.0
4 (28.0, 37.0) 74.0
5 (1.0, 8.0) 39.0
6 (12.0, 32.0) 36.0
7 (44.0, 10.0) 44.0
8 (28.0, 22.0) 83.0
9 (3.0, 8.0) 63.0
,
0 23 16 16 26 23 4 17 23 18 4 0
23 0 10 15 9 2 20 10 14 7 19 23
16 10 0 5 18 9 12 1 19 9 12 16
16 15 5 0 22 13 12 5 24 14 12 16
26 9 18 22 0 11 24 17 8 9 23 26
23 2 9 13 11 0 20 8 16 8 19 23
4 20 12 12 24 20 0 13 22 15 1 4
17 10 1 5 17 8 13 0 19 9 13 17
23 14 19 24 8 16 22 19 0 10 21 23
18 7 9 14 9 8 15 9 10 0 14 18
4 19 12 12 23 19 1 13 21 14 0 4
0 23 16 16 26 23 4 17 23 18 4 0
,
0 52 27 47 39 62 7 40 52 46 6 0
29 0 23 20 26 3 34 29 30 12 50 24
35 14 0 11 24 22 26 3 24 10 24 23
38 27 11 0 34 20 23 7 49 31 25 28
28 24 48 43 0 18 53 25 24 18 42 32
44 5 27 35 27 0 54 9 44 19 57 40
6 36 23 34 39 42 0 26 32 45 1 9
37 24 3 15 51 25 36 0 55 20 18 30
61 37 51 51 12 30 37 45 0 13 59 27
43 10 10 22 10 15 16 27 28 0 21 34
11 29 18 34 67 26 1 22 51 15 0 10
0 24 38 45 50 42 12 25 64 48 7 0