2
10
,
0 (31.0, 35.0) 35.0
1 (11.0, 30.0) 41.0
2 (2.0, 32.0) 82.0
3 (46.0, 26.0) 60.0
4 (28.0, 37.0) 55.0
5 (1.0, 8.0) 41.0
6 (12.0, 32.0) 66.0
7 (44.0, 10.0) 35.0
8 (28.0, 22.0) 31.0
9 (3.0, 8.0) 49.0
,
0 23 16 16 26 23 4 17 23 18 4 0
23 0 10 15 9 2 20 10 14 7 19 23
16 10 0 5 18 9 12 1 19 9 12 16
16 15 5 0 22 13 12 5 24 14 12 16
26 9 18 22 0 11 24 17 8 9 23 26
23 2 9 13 11 0 20 8 16 8 19 23
4 20 12 12 24 20 0 13 22 15 1 4
17 10 1 5 17 8 13 0 19 9 13 17
23 14 19 24 8 16 22 19 0 10 21 23
18 7 9 14 9 8 15 9 10 0 14 18
4 19 12 12 23 19 1 13 21 14 0 4
0 23 16 16 26 23 4 17 23 18 4 0
,
0 48 21 47 60 32 5 39 29 50 5 0
35 0 12 39 15 3 49 27 17 10 47 44
19 28 0 8 45 11 14 2 41 25 22 45
26 32 12 0 26 39 14 8 63 36 20 42
69 14 46 49 0 31 48 18 16 10 30 42
44 3 18 26 22 0 55 11 41 12 36 30
8 55 18 35 26 30 0 20 55 16 3 4
25 17 2 6 17 15 31 0 20 27 21 28
43 17 25 44 13 24 62 28 0 26 23 57
35 19 22 34 25 14 28 21 28 0 19 41
7 48 16 32 41 28 2 24 29 41 0 11
0 27 25 21 60 58 4 47 47 31 8 0