2
10
,
0 (31.0, 35.0) 56.0
1 (11.0, 30.0) 40.0
2 (2.0, 32.0) 38.0
3 (46.0, 26.0) 30.0
4 (28.0, 37.0) 59.0
5 (1.0, 8.0) 49.0
6 (12.0, 32.0) 31.0
7 (44.0, 10.0) 66.0
8 (28.0, 22.0) 72.0
9 (3.0, 8.0) 49.0
,
0 23 16 16 26 23 4 17 23 18 4 0
23 0 10 15 9 2 20 10 14 7 19 23
16 10 0 5 18 9 12 1 19 9 12 16
16 15 5 0 22 13 12 5 24 14 12 16
26 9 18 22 0 11 24 17 8 9 23 26
23 2 9 13 11 0 20 8 16 8 19 23
4 20 12 12 24 20 0 13 22 15 1 4
17 10 1 5 17 8 13 0 19 9 13 17
23 14 19 24 8 16 22 19 0 10 21 23
18 7 9 14 9 8 15 9 10 0 14 18
4 19 12 12 23 19 1 13 21 14 0 4
0 23 16 16 26 23 4 17 23 18 4 0
,
0 29 42 18 64 53 8 35 67 35 9 0
70 0 29 36 20 4 50 15 21 10 40 54
22 31 0 13 51 20 32 2 36 12 19 20
27 21 6 0 38 32 15 13 52 24 20 42
62 25 42 49 0 17 39 39 16 20 55 30
28 2 20 28 13 0 58 24 38 10 32 50
11 24 33 17 36 53 0 18 56 35 2 7
19 12 3 7 47 21 19 0 41 25 36 36
62 35 33 53 17 42 44 20 0 15 43 60
34 13 27 25 21 19 43 14 18 0 27 29
11 38 15 14 63 53 2 34 57 36 0 11
0 31 29 23 60 35 8 19 33 51 11 0