2
10
,
0 (31.0, 35.0) 62.0
1 (11.0, 30.0) 80.0
2 (2.0, 32.0) 39.0
3 (46.0, 26.0) 35.0
4 (28.0, 37.0) 44.0
5 (1.0, 8.0) 82.0
6 (12.0, 32.0) 31.0
7 (44.0, 10.0) 88.0
8 (28.0, 22.0) 78.0
9 (3.0, 8.0) 36.0
,
0 23 16 16 26 23 4 17 23 18 4 0
23 0 10 15 9 2 20 10 14 7 19 23
16 10 0 5 18 9 12 1 19 9 12 16
16 15 5 0 22 13 12 5 24 14 12 16
26 9 18 22 0 11 24 17 8 9 23 26
23 2 9 13 11 0 20 8 16 8 19 23
4 20 12 12 24 20 0 13 22 15 1 4
17 10 1 5 17 8 13 0 19 9 13 17
23 14 19 24 8 16 22 19 0 10 21 23
18 7 9 14 9 8 15 9 10 0 14 18
4 19 12 12 23 19 1 13 21 14 0 4
0 23 16 16 26 23 4 17 23 18 4 0
,
0 52 45 34 78 61 10 24 45 34 8 0
55 0 12 17 26 4 53 18 14 12 48 34
31 15 0 7 41 13 15 2 40 24 15 31
41 33 9 0 55 39 13 7 49 19 29 45
64 11 41 24 0 22 26 28 9 20 29 73
34 5 25 36 15 0 38 20 44 9 39 29
9 44 23 34 66 20 0 21 49 16 3 10
19 22 3 7 20 15 20 0 37 11 32 47
51 32 27 48 12 34 49 30 0 17 60 29
47 18 15 20 20 21 18 21 11 0 23 22
7 37 22 28 57 42 2 36 49 40 0 5
0 58 46 19 40 38 5 41 58 21 10 0