2
10
,
0 (31.0, 35.0) 47.0
1 (11.0, 30.0) 85.0
2 (2.0, 32.0) 67.0
3 (46.0, 26.0) 85.0
4 (28.0, 37.0) 72.0
5 (1.0, 8.0) 50.0
6 (12.0, 32.0) 39.0
7 (44.0, 10.0) 56.0
8 (28.0, 22.0) 90.0
9 (3.0, 8.0) 84.0
,
0 23 16 16 26 23 4 17 23 18 4 0
23 0 10 15 9 2 20 10 14 7 19 23
16 10 0 5 18 9 12 1 19 9 12 16
16 15 5 0 22 13 12 5 24 14 12 16
26 9 18 22 0 11 24 17 8 9 23 26
23 2 9 13 11 0 20 8 16 8 19 23
4 20 12 12 24 20 0 13 22 15 1 4
17 10 1 5 17 8 13 0 19 9 13 17
23 14 19 24 8 16 22 19 0 10 21 23
18 7 9 14 9 8 15 9 10 0 14 18
4 19 12 12 23 19 1 13 21 14 0 4
0 23 16 16 26 23 4 17 23 18 4 0
,
0 32 20 37 27 50 5 29 56 38 6 0
27 0 24 29 10 3 41 17 15 12 43 27
18 24 0 12 33 27 17 2 20 21 15 25
31 21 11 0 38 31 18 9 30 41 20 36
69 26 20 49 0 24 26 22 11 14 33 40
43 5 24 27 19 0 34 15 23 19 40 30
11 60 16 26 36 38 0 30 29 44 1 9
42 12 2 6 22 15 27 0 43 22 15 32
56 17 47 68 12 29 24 50 0 10 44 30
38 17 22 41 17 20 22 22 28 0 27 34
9 48 20 31 48 52 1 29 39 33 0 7
0 30 48 37 56 51 10 29 61 48 6 0