2
10
,
0 (31.0, 35.0) 48.0
1 (11.0, 30.0) 49.0
2 (2.0, 32.0) 42.0
3 (46.0, 26.0) 63.0
4 (28.0, 37.0) 41.0
5 (1.0, 8.0) 52.0
6 (12.0, 32.0) 46.0
7 (44.0, 10.0) 65.0
8 (28.0, 22.0) 43.0
9 (3.0, 8.0) 62.0
,
0 23 16 16 26 23 4 17 23 18 4 0
23 0 10 15 9 2 20 10 14 7 19 23
16 10 0 5 18 9 12 1 19 9 12 16
16 15 5 0 22 13 12 5 24 14 12 16
26 9 18 22 0 11 24 17 8 9 23 26
23 2 9 13 11 0 20 8 16 8 19 23
4 20 12 12 24 20 0 13 22 15 1 4
17 10 1 5 17 8 13 0 19 9 13 17
23 14 19 24 8 16 22 19 0 10 21 23
18 7 9 14 9 8 15 9 10 0 14 18
4 19 12 12 23 19 1 13 21 14 0 4
0 23 16 16 26 23 4 17 23 18 4 0
,
0 53 32 17 62 37 10 39 55 20 5 0
33 0 25 38 10 5 33 18 20 10 43 60
31 15 0 13 44 15 27 2 25 11 30 24
46 42 7 0 29 22 13 8 32 40 33 43
67 19 38 44 0 13 56 35 20 15 39 66
32 4 16 15 30 0 25 16 22 9 27 67
9 55 32 32 60 58 0 28 42 24 2 7
47 12 3 12 35 22 21 0 29 11 33 39
37 16 27 26 24 42 28 29 0 14 36 38
30 12 17 36 16 20 23 17 27 0 33 52
10 34 31 18 44 21 3 35 24 36 0 7
0 25 36 22 72 57 5 34 49 25 6 0