2
10
,
0 (31.0, 35.0) 58.0
1 (11.0, 30.0) 88.0
2 (2.0, 32.0) 54.0
3 (46.0, 26.0) 87.0
4 (28.0, 37.0) 33.0
5 (1.0, 8.0) 56.0
6 (12.0, 32.0) 32.0
7 (44.0, 10.0) 88.0
8 (28.0, 22.0) 69.0
9 (3.0, 8.0) 43.0
,
0 23 16 16 26 23 4 17 23 18 4 0
23 0 10 15 9 2 20 10 14 7 19 23
16 10 0 5 18 9 12 1 19 9 12 16
16 15 5 0 22 13 12 5 24 14 12 16
26 9 18 22 0 11 24 17 8 9 23 26
23 2 9 13 11 0 20 8 16 8 19 23
4 20 12 12 24 20 0 13 22 15 1 4
17 10 1 5 17 8 13 0 19 9 13 17
23 14 19 24 8 16 22 19 0 10 21 23
18 7 9 14 9 8 15 9 10 0 14 18
4 19 12 12 23 19 1 13 21 14 0 4
0 23 16 16 26 23 4 17 23 18 4 0
,
0 39 18 19 45 38 8 18 50 21 8 0
50 0 16 22 17 2 44 15 37 19 46 57
45 22 0 12 34 15 31 2 32 15 30 31
24 28 7 0 26 19 12 14 64 32 19 17
58 20 53 23 0 20 54 28 18 17 67 31
66 3 26 37 25 0 46 10 45 20 28 50
11 21 27 35 63 39 0 26 59 22 2 5
39 17 2 5 23 11 32 0 56 20 27 23
42 33 42 57 24 23 31 22 0 23 35 54
42 8 21 21 21 17 29 25 25 0 38 23
11 21 17 34 30 26 2 16 44 43 0 11
0 29 30 37 59 39 7 50 63 30 10 0