2
10
,
0 (31.0, 35.0) 70.0
1 (11.0, 30.0) 36.0
2 (2.0, 32.0) 54.0
3 (46.0, 26.0) 72.0
4 (28.0, 37.0) 44.0
5 (1.0, 8.0) 37.0
6 (12.0, 32.0) 45.0
7 (44.0, 10.0) 72.0
8 (28.0, 22.0) 30.0
9 (3.0, 8.0) 54.0
,
0 23 16 16 26 23 4 17 23 18 4 0
23 0 10 15 9 2 20 10 14 7 19 23
16 10 0 5 18 9 12 1 19 9 12 16
16 15 5 0 22 13 12 5 24 14 12 16
26 9 18 22 0 11 24 17 8 9 23 26
23 2 9 13 11 0 20 8 16 8 19 23
4 20 12 12 24 20 0 13 22 15 1 4
17 10 1 5 17 8 13 0 19 9 13 17
23 14 19 24 8 16 22 19 0 10 21 23
18 7 9 14 9 8 15 9 10 0 14 18
4 19 12 12 23 19 1 13 21 14 0 4
0 23 16 16 26 23 4 17 23 18 4 0
,
0 56 46 48 58 51 7 30 62 18 8 0
45 0 29 20 11 4 54 20 33 10 37 68
37 12 0 10 43 14 22 3 47 24 27 39
37 38 13 0 25 23 18 8 30 15 25 21
39 25 48 48 0 26 70 40 21 25 32 37
38 2 13 21 22 0 32 24 20 19 39 28
8 36 30 23 29 49 0 39 37 45 2 10
20 20 2 12 33 10 18 0 44 22 26 18
56 32 52 48 17 20 65 33 0 21 47 30
44 16 12 29 25 8 18 24 27 0 19 41
10 33 16 17 30 57 1 30 21 18 0 7
0 39 31 48 62 56 6 46 36 32 10 0