2
10
,
0 (31.0, 35.0) 76.0
1 (11.0, 30.0) 81.0
2 (2.0, 32.0) 46.0
3 (46.0, 26.0) 64.0
4 (28.0, 37.0) 44.0
5 (1.0, 8.0) 49.0
6 (12.0, 32.0) 48.0
7 (44.0, 10.0) 36.0
8 (28.0, 22.0) 32.0
9 (3.0, 8.0) 37.0
,
0 23 16 16 26 23 4 17 23 18 4 0
23 0 10 15 9 2 20 10 14 7 19 23
16 10 0 5 18 9 12 1 19 9 12 16
16 15 5 0 22 13 12 5 24 14 12 16
26 9 18 22 0 11 24 17 8 9 23 26
23 2 9 13 11 0 20 8 16 8 19 23
4 20 12 12 24 20 0 13 22 15 1 4
17 10 1 5 17 8 13 0 19 9 13 17
23 14 19 24 8 16 22 19 0 10 21 23
18 7 9 14 9 8 15 9 10 0 14 18
4 19 12 12 23 19 1 13 21 14 0 4
0 23 16 16 26 23 4 17 23 18 4 0
,
0 43 37 43 36 32 7 41 30 22 9 0
34 0 17 36 18 3 49 15 29 7 24 30
27 28 0 11 29 24 22 1 54 18 22 19
19 31 13 0 28 39 23 14 25 28 21 27
31 24 53 63 0 28 66 31 17 12 56 32
62 5 14 25 23 0 24 15 45 14 46 63
9 49 34 19 44 28 0 14 52 25 2 5
23 12 3 6 36 9 39 0 42 13 17 19
63 36 33 32 9 33 29 34 0 12 51 61
20 16 14 34 20 12 33 25 16 0 25 23
11 23 14 29 52 22 3 30 27 20 0 11
0 28 38 27 75 23 6 22 54 53 8 0