2
10
,
0 (31.0, 35.0) 69.0
1 (11.0, 30.0) 78.0
2 (2.0, 32.0) 77.0
3 (46.0, 26.0) 51.0
4 (28.0, 37.0) 53.0
5 (1.0, 8.0) 43.0
6 (12.0, 32.0) 84.0
7 (44.0, 10.0) 34.0
8 (28.0, 22.0) 47.0
9 (3.0, 8.0) 36.0
,
0 23 16 16 26 23 4 17 23 18 4 0
23 0 10 15 9 2 20 10 14 7 19 23
16 10 0 5 18 9 12 1 19 9 12 16
16 15 5 0 22 13 12 5 24 14 12 16
26 9 18 22 0 11 24 17 8 9 23 26
23 2 9 13 11 0 20 8 16 8 19 23
4 20 12 12 24 20 0 13 22 15 1 4
17 10 1 5 17 8 13 0 19 9 13 17
23 14 19 24 8 16 22 19 0 10 21 23
18 7 9 14 9 8 15 9 10 0 14 18
4 19 12 12 23 19 1 13 21 14 0 4
0 23 16 16 26 23 4 17 23 18 4 0
,
0 66 40 16 41 49 9 22 25 24 10 0
42 0 13 26 10 5 37 10 24 12 40 67
38 15 0 5 37 14 29 2 38 21 28 18
38 40 8 0 55 34 34 10 54 34 34 21
47 24 49 29 0 28 53 47 19 19 63 40
69 4 23 33 17 0 45 12 46 22 47 64
6 23 20 22 70 40 0 20 46 31 2 5
43 21 1 14 34 23 23 0 32 20 27 28
66 23 28 32 12 32 45 22 0 24 25 56
20 10 18 30 12 9 43 17 22 0 29 35
12 50 31 14 60 47 1 16 34 41 0 11
0 42 47 35 37 51 7 49 52 40 12 0