2
10
,
0 (31.0, 35.0) 75.0
1 (11.0, 30.0) 76.0
2 (2.0, 32.0) 47.0
3 (46.0, 26.0) 53.0
4 (28.0, 37.0) 45.0
5 (1.0, 8.0) 80.0
6 (12.0, 32.0) 53.0
7 (44.0, 10.0) 48.0
8 (28.0, 22.0) 64.0
9 (3.0, 8.0) 38.0
,
0 23 16 16 26 23 4 17 23 18 4 0
23 0 10 15 9 2 20 10 14 7 19 23
16 10 0 5 18 9 12 1 19 9 12 16
16 15 5 0 22 13 12 5 24 14 12 16
26 9 18 22 0 11 24 17 8 9 23 26
23 2 9 13 11 0 20 8 16 8 19 23
4 20 12 12 24 20 0 13 22 15 1 4
17 10 1 5 17 8 13 0 19 9 13 17
23 14 19 24 8 16 22 19 0 10 21 23
18 7 9 14 9 8 15 9 10 0 14 18
4 19 12 12 23 19 1 13 21 14 0 4
0 23 16 16 26 23 4 17 23 18 4 0
,
0 57 41 29 35 53 7 45 65 53 5 0
38 0 22 27 15 3 53 10 32 14 54 52
38 30 0 8 28 13 17 2 56 27 28 38
29 30 8 0 29 25 25 15 24 15 36 27
61 11 18 58 0 17 41 46 23 19 44 47
62 3 22 22 25 0 35 11 31 11 35 56
4 56 27 21 60 42 0 29 32 24 2 10
32 13 3 15 33 11 26 0 21 26 22 20
62 16 48 30 13 43 48 21 0 15 24 24
19 10 14 30 27 19 30 15 28 0 22 36
8 51 19 22 32 20 3 15 22 26 0 7
0 39 36 19 55 41 12 31 49 47 10 0