2
10
,
0 (31.0, 35.0) 56.0
1 (11.0, 30.0) 39.0
2 (2.0, 32.0) 34.0
3 (46.0, 26.0) 68.0
4 (28.0, 37.0) 36.0
5 (1.0, 8.0) 57.0
6 (12.0, 32.0) 87.0
7 (44.0, 10.0) 32.0
8 (28.0, 22.0) 77.0
9 (3.0, 8.0) 44.0
,
0 23 16 16 26 23 4 17 23 18 4 0
23 0 10 15 9 2 20 10 14 7 19 23
16 10 0 5 18 9 12 1 19 9 12 16
16 15 5 0 22 13 12 5 24 14 12 16
26 9 18 22 0 11 24 17 8 9 23 26
23 2 9 13 11 0 20 8 16 8 19 23
4 20 12 12 24 20 0 13 22 15 1 4
17 10 1 5 17 8 13 0 19 9 13 17
23 14 19 24 8 16 22 19 0 10 21 23
18 7 9 14 9 8 15 9 10 0 14 18
4 19 12 12 23 19 1 13 21 14 0 4
0 23 16 16 26 23 4 17 23 18 4 0
,
0 31 42 46 49 58 7 18 24 36 7 0
32 0 29 44 12 2 47 16 31 13 26 24
43 13 0 10 28 14 23 1 56 19 21 22
41 42 13 0 60 30 25 10 53 16 26 41
54 10 25 44 0 24 27 50 13 27 45 53
29 3 25 21 16 0 32 24 43 9 23 56
10 39 29 30 33 34 0 37 34 26 2 6
35 26 3 9 37 20 16 0 45 20 25 49
43 36 32 31 17 35 25 58 0 12 29 28
35 7 14 22 14 9 35 17 11 0 31 42
6 56 31 23 27 37 1 22 26 39 0 13
0 58 46 30 61 66 8 40 25 18 12 0