2
10
,
0 (31.0, 35.0) 53.0
1 (11.0, 30.0) 53.0
2 (2.0, 32.0) 36.0
3 (46.0, 26.0) 64.0
4 (28.0, 37.0) 35.0
5 (1.0, 8.0) 47.0
6 (12.0, 32.0) 69.0
7 (44.0, 10.0) 56.0
8 (28.0, 22.0) 31.0
9 (3.0, 8.0) 31.0
,
0 23 16 16 26 23 4 17 23 18 4 0
23 0 10 15 9 2 20 10 14 7 19 23
16 10 0 5 18 9 12 1 19 9 12 16
16 15 5 0 22 13 12 5 24 14 12 16
26 9 18 22 0 11 24 17 8 9 23 26
23 2 9 13 11 0 20 8 16 8 19 23
4 20 12 12 24 20 0 13 22 15 1 4
17 10 1 5 17 8 13 0 19 9 13 17
23 14 19 24 8 16 22 19 0 10 21 23
18 7 9 14 9 8 15 9 10 0 14 18
4 19 12 12 23 19 1 13 21 14 0 4
0 23 16 16 26 23 4 17 23 18 4 0
,
0 31 31 46 47 38 11 51 45 21 10 0
64 0 19 35 25 4 26 17 33 13 20 55
20 13 0 11 38 18 35 2 36 13 18 29
17 35 13 0 47 19 27 8 31 36 17 44
79 24 35 60 0 27 41 23 12 15 49 51
24 5 25 34 25 0 55 12 35 13 54 26
8 51 35 35 27 38 0 20 54 25 2 9
25 18 1 14 50 15 33 0 26 25 32 17
43 32 48 52 22 20 52 23 0 19 24 38
31 11 17 42 21 21 18 16 14 0 32 20
10 40 30 17 36 42 1 17 45 29 0 12
0 36 32 27 31 57 10 24 65 48 11 0