2
10
,
0 (31.0, 35.0) 35.0
1 (11.0, 30.0) 84.0
2 (2.0, 32.0) 42.0
3 (46.0, 26.0) 42.0
4 (28.0, 37.0) 56.0
5 (1.0, 8.0) 57.0
6 (12.0, 32.0) 48.0
7 (44.0, 10.0) 62.0
8 (28.0, 22.0) 64.0
9 (3.0, 8.0) 37.0
,
0 23 16 16 26 23 4 17 23 18 4 0
23 0 10 15 9 2 20 10 14 7 19 23
16 10 0 5 18 9 12 1 19 9 12 16
16 15 5 0 22 13 12 5 24 14 12 16
26 9 18 22 0 11 24 17 8 9 23 26
23 2 9 13 11 0 20 8 16 8 19 23
4 20 12 12 24 20 0 13 22 15 1 4
17 10 1 5 17 8 13 0 19 9 13 17
23 14 19 24 8 16 22 19 0 10 21 23
18 7 9 14 9 8 15 9 10 0 14 18
4 19 12 12 23 19 1 13 21 14 0 4
0 23 16 16 26 23 4 17 23 18 4 0
,
0 37 33 31 38 59 12 24 51 50 7 0
25 0 11 34 17 5 35 15 29 18 24 32
40 13 0 5 50 13 22 2 28 26 13 29
37 26 12 0 35 15 29 10 46 29 35 40
47 10 25 61 0 16 59 42 13 16 59 46
23 3 18 24 18 0 57 24 36 9 27 36
11 23 13 21 53 48 0 17 28 40 2 5
23 20 2 8 33 23 28 0 20 25 31 49
46 29 43 32 21 30 59 55 0 23 42 25
50 15 21 17 12 19 16 27 28 0 26 50
9 28 33 14 35 25 2 35 56 34 0 10
0 60 46 21 78 29 9 45 52 25 7 0