1
5
,
0 (32.0, 34.0) 41.0
1 (44.0, 31.0) 34.0
2 (32.0, 3.0) 42.0
3 (1.0, 18.0) 56.0
4 (2.0, 10.0) 31.0
,
0 23 27 16 9 5 0
23 0 6 16 17 19 23
27 6 0 15 22 23 27
16 16 15 0 17 15 16
9 17 22 17 0 4 9
5 19 23 15 4 0 5
0 23 27 16 9 5 0
,
0 40 72 31 15 9 0
58 0 13 41 44 42 46
78 9 0 20 50 59 31
47 16 28 0 34 35 31
13 32 64 20 0 4 15
8 55 57 34 6 0 8
0 55 42 45 20 6 0