1
5
,
0 (32.0, 34.0) 60.0
1 (44.0, 31.0) 76.0
2 (32.0, 3.0) 40.0
3 (1.0, 18.0) 87.0
4 (2.0, 10.0) 38.0
,
0 23 27 16 9 5 0
23 0 6 16 17 19 23
27 6 0 15 22 23 27
16 16 15 0 17 15 16
9 17 22 17 0 4 9
5 19 23 15 4 0 5
0 23 27 16 9 5 0
,
0 56 27 34 18 7 0
59 0 7 29 48 42 56
66 11 0 42 32 34 30
33 18 22 0 39 37 31
17 24 24 18 0 4 16
8 30 28 37 11 0 14
0 35 31 26 13 11 0