1
5
,
0 (32.0, 34.0) 51.0
1 (44.0, 31.0) 79.0
2 (32.0, 3.0) 70.0
3 (1.0, 18.0) 48.0
4 (2.0, 10.0) 43.0
,
0 23 27 16 9 5 0
23 0 6 16 17 19 23
27 6 0 15 22 23 27
16 16 15 0 17 15 16
9 17 22 17 0 4 9
5 19 23 15 4 0 5
0 23 27 16 9 5 0
,
0 49 42 43 20 15 0
65 0 18 39 22 42 49
44 8 0 45 49 41 78
44 35 41 0 26 37 20
21 37 45 41 0 11 13
10 49 68 35 8 0 7
0 37 67 27 15 12 0