1
5
,
0 (32.0, 34.0) 41.0
1 (44.0, 31.0) 77.0
2 (32.0, 3.0) 47.0
3 (1.0, 18.0) 36.0
4 (2.0, 10.0) 88.0
,
0 23 27 16 9 5 0
23 0 6 16 17 19 23
27 6 0 15 22 23 27
16 16 15 0 17 15 16
9 17 22 17 0 4 9
5 19 23 15 4 0 5
0 23 27 16 9 5 0
,
0 60 54 24 20 13 0
30 0 13 28 25 27 33
33 8 0 28 39 25 56
21 17 27 0 43 25 34
15 29 55 40 0 5 25
5 52 56 41 5 0 13
0 61 70 34 22 12 0