1
5
,
0 (32.0, 34.0) 65.0
1 (44.0, 31.0) 36.0
2 (32.0, 3.0) 89.0
3 (1.0, 18.0) 73.0
4 (2.0, 10.0) 48.0
,
0 23 27 16 9 5 0
23 0 6 16 17 19 23
27 6 0 15 22 23 27
16 16 15 0 17 15 16
9 17 22 17 0 4 9
5 19 23 15 4 0 5
0 23 27 16 9 5 0
,
0 61 37 35 24 12 0
39 0 17 35 42 43 52
45 15 0 21 44 58 49
36 21 18 0 44 45 39
13 28 59 43 0 5 21
13 27 42 21 5 0 13
0 29 42 44 10 8 0