1
5
,
0 (32.0, 34.0) 48.0
1 (44.0, 31.0) 37.0
2 (32.0, 3.0) 43.0
3 (1.0, 18.0) 53.0
4 (2.0, 10.0) 66.0
,
0 23 27 16 9 5 0
23 0 6 16 17 19 23
27 6 0 15 22 23 27
16 16 15 0 17 15 16
9 17 22 17 0 4 9
5 19 23 15 4 0 5
0 23 27 16 9 5 0
,
0 54 50 39 13 14 0
46 0 16 29 44 35 66
49 12 0 38 63 25 46
42 29 37 0 22 34 19
20 39 28 49 0 6 26
6 55 36 35 6 0 10
0 37 44 35 19 6 0