1
5
,
0 (32.0, 34.0) 49.0
1 (44.0, 31.0) 77.0
2 (32.0, 3.0) 58.0
3 (1.0, 18.0) 49.0
4 (2.0, 10.0) 84.0
,
0 23 27 16 9 5 0
23 0 6 16 17 19 23
27 6 0 15 22 23 27
16 16 15 0 17 15 16
9 17 22 17 0 4 9
5 19 23 15 4 0 5
0 23 27 16 9 5 0
,
0 53 44 32 19 12 0
52 0 14 32 20 31 59
55 8 0 20 49 42 30
32 43 26 0 46 41 28
18 38 35 30 0 11 12
15 42 57 43 10 0 8
0 61 68 43 18 7 0