1
5
,
0 (32.0, 34.0) 88.0
1 (44.0, 31.0) 68.0
2 (32.0, 3.0) 33.0
3 (1.0, 18.0) 42.0
4 (2.0, 10.0) 48.0
,
0 23 27 16 9 5 0
23 0 6 16 17 19 23
27 6 0 15 22 23 27
16 16 15 0 17 15 16
9 17 22 17 0 4 9
5 19 23 15 4 0 5
0 23 27 16 9 5 0
,
0 48 77 18 10 9 0
32 0 10 35 22 38 43
67 13 0 36 67 47 44
44 34 26 0 46 34 46
10 21 28 34 0 8 12
12 57 31 19 6 0 5
0 40 56 24 14 14 0