1
5
,
0 (32.0, 34.0) 43.0
1 (44.0, 31.0) 34.0
2 (32.0, 3.0) 67.0
3 (1.0, 18.0) 90.0
4 (2.0, 10.0) 31.0
,
0 23 27 16 9 5 0
23 0 6 16 17 19 23
27 6 0 15 22 23 27
16 16 15 0 17 15 16
9 17 22 17 0 4 9
5 19 23 15 4 0 5
0 23 27 16 9 5 0
,
0 38 45 18 10 7 0
61 0 9 28 25 31 70
74 13 0 27 59 46 39
40 37 28 0 34 32 40
15 39 66 21 0 5 13
8 47 55 25 7 0 11
0 54 56 46 17 13 0