1
5
,
0 (32.0, 34.0) 44.0
1 (44.0, 31.0) 52.0
2 (32.0, 3.0) 89.0
3 (1.0, 18.0) 74.0
4 (2.0, 10.0) 76.0
,
0 23 27 16 9 5 0
23 0 6 16 17 19 23
27 6 0 15 22 23 27
16 16 15 0 17 15 16
9 17 22 17 0 4 9
5 19 23 15 4 0 5
0 23 27 16 9 5 0
,
0 40 46 42 16 15 0
61 0 9 37 19 47 62
49 10 0 45 45 47 69
19 40 32 0 36 18 25
18 48 42 50 0 5 10
15 51 65 42 9 0 8
0 60 33 17 25 15 0