1
5
,
0 (32.0, 34.0) 86.0
1 (44.0, 31.0) 40.0
2 (32.0, 3.0) 60.0
3 (1.0, 18.0) 39.0
4 (2.0, 10.0) 31.0
,
0 23 27 16 9 5 0
23 0 6 16 17 19 23
27 6 0 15 22 23 27
16 16 15 0 17 15 16
9 17 22 17 0 4 9
5 19 23 15 4 0 5
0 23 27 16 9 5 0
,
0 31 73 46 11 15 0
35 0 15 25 22 21 62
46 10 0 27 45 43 42
41 27 31 0 27 29 46
21 36 55 17 0 7 23
13 27 37 41 5 0 13
0 25 70 30 13 12 0