1
5
,
0 (32.0, 34.0) 44.0
1 (44.0, 31.0) 88.0
2 (32.0, 3.0) 74.0
3 (1.0, 18.0) 50.0
4 (2.0, 10.0) 53.0
,
0 23 27 16 9 5 0
23 0 6 16 17 19 23
27 6 0 15 22 23 27
16 16 15 0 17 15 16
9 17 22 17 0 4 9
5 19 23 15 4 0 5
0 23 27 16 9 5 0
,
0 39 58 27 11 7 0
65 0 13 28 48 48 47
36 15 0 27 54 63 59
46 38 41 0 26 37 32
13 38 45 37 0 11 18
11 22 58 32 6 0 6
0 62 42 29 23 13 0