1
5
,
0 (32.0, 34.0) 46.0
1 (44.0, 31.0) 90.0
2 (32.0, 3.0) 58.0
3 (1.0, 18.0) 31.0
4 (2.0, 10.0) 87.0
,
0 23 27 16 9 5 0
23 0 6 16 17 19 23
27 6 0 15 22 23 27
16 16 15 0 17 15 16
9 17 22 17 0 4 9
5 19 23 15 4 0 5
0 23 27 16 9 5 0
,
0 28 73 32 15 8 0
66 0 7 31 49 34 49
60 14 0 39 58 48 53
35 36 33 0 18 36 32
21 19 35 47 0 4 26
9 25 36 36 10 0 9
0 43 40 36 18 10 0