1
5
,
0 (32.0, 34.0) 74.0
1 (44.0, 31.0) 85.0
2 (32.0, 3.0) 57.0
3 (1.0, 18.0) 62.0
4 (2.0, 10.0) 38.0
,
0 23 27 16 9 5 0
23 0 6 16 17 19 23
27 6 0 15 22 23 27
16 16 15 0 17 15 16
9 17 22 17 0 4 9
5 19 23 15 4 0 5
0 23 27 16 9 5 0
,
0 63 35 30 21 7 0
52 0 9 40 30 43 51
40 11 0 27 58 50 47
38 27 29 0 20 19 37
11 34 31 50 0 7 9
12 32 45 20 8 0 8
0 42 53 47 17 14 0