1
5
,
0 (32.0, 34.0) 90.0
1 (44.0, 31.0) 61.0
2 (32.0, 3.0) 45.0
3 (1.0, 18.0) 86.0
4 (2.0, 10.0) 50.0
,
0 23 27 16 9 5 0
23 0 6 16 17 19 23
27 6 0 15 22 23 27
16 16 15 0 17 15 16
9 17 22 17 0 4 9
5 19 23 15 4 0 5
0 23 27 16 9 5 0
,
0 52 43 17 11 9 0
30 0 10 17 37 43 27
49 10 0 37 54 27 68
46 34 40 0 24 42 34
14 25 25 47 0 12 27
11 52 33 26 8 0 6
0 53 36 25 13 14 0