1
5
,
0 (32.0, 34.0) 40.0
1 (44.0, 31.0) 81.0
2 (32.0, 3.0) 86.0
3 (1.0, 18.0) 67.0
4 (2.0, 10.0) 59.0
,
0 23 27 16 9 5 0
23 0 6 16 17 19 23
27 6 0 15 22 23 27
16 16 15 0 17 15 16
9 17 22 17 0 4 9
5 19 23 15 4 0 5
0 23 27 16 9 5 0
,
0 62 27 47 12 14 0
31 0 10 45 28 20 61
80 11 0 31 25 57 63
48 17 23 0 28 45 36
15 39 33 31 0 8 13
6 55 51 21 12 0 8
0 29 32 38 13 7 0