1
5
,
0 (32.0, 34.0) 45.0
1 (44.0, 31.0) 41.0
2 (32.0, 3.0) 82.0
3 (1.0, 18.0) 82.0
4 (2.0, 10.0) 40.0
,
0 23 27 16 9 5 0
23 0 6 16 17 19 23
27 6 0 15 22 23 27
16 16 15 0 17 15 16
9 17 22 17 0 4 9
5 19 23 15 4 0 5
0 23 27 16 9 5 0
,
0 43 50 21 18 8 0
39 0 11 22 24 22 44
68 12 0 26 66 33 59
26 19 21 0 44 43 35
27 29 45 19 0 8 10
14 56 66 26 8 0 14
0 41 33 19 10 11 0