1
5
,
0 (32.0, 34.0) 51.0
1 (44.0, 31.0) 87.0
2 (32.0, 3.0) 59.0
3 (1.0, 18.0) 31.0
4 (2.0, 10.0) 43.0
,
0 23 27 16 9 5 0
23 0 6 16 17 19 23
27 6 0 15 22 23 27
16 16 15 0 17 15 16
9 17 22 17 0 4 9
5 19 23 15 4 0 5
0 23 27 16 9 5 0
,
0 54 45 27 18 9 0
48 0 7 27 44 20 54
47 7 0 27 26 28 43
24 35 35 0 23 23 44
17 28 32 34 0 5 15
12 51 57 29 5 0 13
0 43 60 46 21 14 0