1
5
,
0 (32.0, 34.0) 62.0
1 (44.0, 31.0) 32.0
2 (32.0, 3.0) 87.0
3 (1.0, 18.0) 56.0
4 (2.0, 10.0) 60.0
,
0 23 27 16 9 5 0
23 0 6 16 17 19 23
27 6 0 15 22 23 27
16 16 15 0 17 15 16
9 17 22 17 0 4 9
5 19 23 15 4 0 5
0 23 27 16 9 5 0
,
0 35 68 32 27 13 0
57 0 15 36 22 23 29
64 18 0 44 66 62 32
44 44 35 0 21 16 23
14 52 23 48 0 12 14
6 47 24 20 4 0 7
0 39 67 47 11 12 0