1
5
,
0 (32.0, 34.0) 38.0
1 (44.0, 31.0) 77.0
2 (32.0, 3.0) 79.0
3 (1.0, 18.0) 55.0
4 (2.0, 10.0) 84.0
,
0 23 27 16 9 5 0
23 0 6 16 17 19 23
27 6 0 15 22 23 27
16 16 15 0 17 15 16
9 17 22 17 0 4 9
5 19 23 15 4 0 5
0 23 27 16 9 5 0
,
0 54 30 38 24 5 0
55 0 14 16 29 44 62
68 7 0 45 44 33 31
21 21 38 0 29 42 29
21 29 49 44 0 12 20
14 51 46 31 11 0 9
0 29 45 17 17 12 0