1
5
,
0 (32.0, 34.0) 51.0
1 (44.0, 31.0) 40.0
2 (32.0, 3.0) 40.0
3 (1.0, 18.0) 62.0
4 (2.0, 10.0) 38.0
,
0 23 27 16 9 5 0
23 0 6 16 17 19 23
27 6 0 15 22 23 27
16 16 15 0 17 15 16
9 17 22 17 0 4 9
5 19 23 15 4 0 5
0 23 27 16 9 5 0
,
0 69 45 17 21 6 0
48 0 11 26 48 36 30
68 15 0 19 65 39 54
23 17 21 0 40 36 46
11 42 48 35 0 6 18
10 42 45 35 9 0 6
0 45 80 45 15 6 0