1
5
,
0 (32.0, 34.0) 79.0
1 (44.0, 31.0) 40.0
2 (32.0, 3.0) 37.0
3 (1.0, 18.0) 49.0
4 (2.0, 10.0) 35.0
,
0 23 27 16 9 5 0
23 0 6 16 17 19 23
27 6 0 15 22 23 27
16 16 15 0 17 15 16
9 17 22 17 0 4 9
5 19 23 15 4 0 5
0 23 27 16 9 5 0
,
0 38 60 33 15 9 0
43 0 13 26 44 40 32
27 15 0 18 33 66 79
39 35 33 0 41 23 42
16 41 41 21 0 8 11
10 23 29 42 8 0 9
0 64 46 25 12 6 0