1
5
,
0 (32.0, 34.0) 80.0
1 (44.0, 31.0) 39.0
2 (32.0, 3.0) 71.0
3 (1.0, 18.0) 65.0
4 (2.0, 10.0) 56.0
,
0 23 27 16 9 5 0
23 0 6 16 17 19 23
27 6 0 15 22 23 27
16 16 15 0 17 15 16
9 17 22 17 0 4 9
5 19 23 15 4 0 5
0 23 27 16 9 5 0
,
0 34 69 42 16 7 0
50 0 17 21 46 52 46
75 17 0 42 64 60 76
24 18 21 0 37 31 18
14 48 36 34 0 12 12
13 42 42 40 11 0 14
0 27 51 29 21 11 0