1
5
,
0 (32.0, 34.0) 38.0
1 (44.0, 31.0) 81.0
2 (32.0, 3.0) 31.0
3 (1.0, 18.0) 38.0
4 (2.0, 10.0) 32.0
,
0 23 27 16 9 5 0
23 0 6 16 17 19 23
27 6 0 15 22 23 27
16 16 15 0 17 15 16
9 17 22 17 0 4 9
5 19 23 15 4 0 5
0 23 27 16 9 5 0
,
0 61 60 30 10 11 0
37 0 8 41 19 33 67
50 9 0 37 36 40 65
47 41 31 0 28 30 23
15 44 31 45 0 10 11
12 27 61 27 7 0 6
0 56 30 37 18 8 0