1
5
,
0 (32.0, 34.0) 39.0
1 (44.0, 31.0) 40.0
2 (32.0, 3.0) 44.0
3 (1.0, 18.0) 61.0
4 (2.0, 10.0) 48.0
,
0 23 27 16 9 5 0
23 0 6 16 17 19 23
27 6 0 15 22 23 27
16 16 15 0 17 15 16
9 17 22 17 0 4 9
5 19 23 15 4 0 5
0 23 27 16 9 5 0
,
0 42 63 31 16 7 0
57 0 7 37 27 45 68
33 17 0 16 66 69 61
39 20 22 0 28 16 21
10 40 60 20 0 12 21
11 54 54 31 4 0 12
0 51 50 25 19 10 0