1
5
,
0 (32.0, 34.0) 38.0
1 (44.0, 31.0) 46.0
2 (32.0, 3.0) 80.0
3 (1.0, 18.0) 43.0
4 (2.0, 10.0) 35.0
,
0 23 27 16 9 5 0
23 0 6 16 17 19 23
27 6 0 15 22 23 27
16 16 15 0 17 15 16
9 17 22 17 0 4 9
5 19 23 15 4 0 5
0 23 27 16 9 5 0
,
0 59 44 37 26 15 0
27 0 11 33 46 44 34
80 14 0 30 35 45 65
39 19 44 0 37 41 43
18 42 44 46 0 6 11
15 30 42 31 9 0 6
0 52 76 16 18 6 0