1
5
,
0 (32.0, 34.0) 46.0
1 (44.0, 31.0) 47.0
2 (32.0, 3.0) 54.0
3 (1.0, 18.0) 87.0
4 (2.0, 10.0) 40.0
,
0 23 27 16 9 5 0
23 0 6 16 17 19 23
27 6 0 15 22 23 27
16 16 15 0 17 15 16
9 17 22 17 0 4 9
5 19 23 15 4 0 5
0 23 27 16 9 5 0
,
0 41 76 25 22 6 0
35 0 18 22 32 24 65
73 13 0 32 41 58 60
23 37 21 0 22 37 39
12 24 49 26 0 11 9
15 21 53 26 10 0 11
0 35 33 25 23 7 0