1
5
,
0 (32.0, 34.0) 81.0
1 (44.0, 31.0) 49.0
2 (32.0, 3.0) 36.0
3 (1.0, 18.0) 37.0
4 (2.0, 10.0) 47.0
,
0 23 27 16 9 5 0
23 0 6 16 17 19 23
27 6 0 15 22 23 27
16 16 15 0 17 15 16
9 17 22 17 0 4 9
5 19 23 15 4 0 5
0 23 27 16 9 5 0
,
0 44 73 22 15 9 0
39 0 7 25 39 50 30
53 15 0 31 24 24 43
16 39 31 0 35 16 40
13 37 34 40 0 11 19
9 48 70 37 6 0 9
0 60 74 31 14 13 0