1
5
,
0 (32.0, 34.0) 47.0
1 (44.0, 31.0) 58.0
2 (32.0, 3.0) 49.0
3 (1.0, 18.0) 38.0
4 (2.0, 10.0) 75.0
,
0 23 27 16 9 5 0
23 0 6 16 17 19 23
27 6 0 15 22 23 27
16 16 15 0 17 15 16
9 17 22 17 0 4 9
5 19 23 15 4 0 5
0 23 27 16 9 5 0
,
0 31 35 41 13 6 0
67 0 13 34 47 46 26
44 15 0 15 44 60 71
30 34 29 0 29 43 28
24 40 38 27 0 9 22
15 55 70 21 7 0 6
0 39 62 28 25 12 0