1
5
,
0 (32.0, 34.0) 68.0
1 (44.0, 31.0) 48.0
2 (32.0, 3.0) 37.0
3 (1.0, 18.0) 72.0
4 (2.0, 10.0) 32.0
,
0 23 27 16 9 5 0
23 0 6 16 17 19 23
27 6 0 15 22 23 27
16 16 15 0 17 15 16
9 17 22 17 0 4 9
5 19 23 15 4 0 5
0 23 27 16 9 5 0
,
0 24 61 47 11 8 0
68 0 7 33 30 41 29
64 9 0 42 55 65 38
22 31 42 0 33 37 33
25 49 48 36 0 7 17
15 44 52 26 5 0 7
0 57 43 26 12 10 0