1
5
,
0 (32.0, 34.0) 79.0
1 (44.0, 31.0) 74.0
2 (32.0, 3.0) 43.0
3 (1.0, 18.0) 32.0
4 (2.0, 10.0) 60.0
,
0 23 27 16 9 5 0
23 0 6 16 17 19 23
27 6 0 15 22 23 27
16 16 15 0 17 15 16
9 17 22 17 0 4 9
5 19 23 15 4 0 5
0 23 27 16 9 5 0
,
0 54 76 21 15 9 0
24 0 10 40 21 33 46
40 9 0 44 43 43 77
27 40 25 0 41 34 29
26 31 60 39 0 7 18
7 23 57 40 6 0 7
0 61 61 39 14 6 0