1
5
,
0 (32.0, 34.0) 57.0
1 (44.0, 31.0) 45.0
2 (32.0, 3.0) 58.0
3 (1.0, 18.0) 45.0
4 (2.0, 10.0) 58.0
,
0 23 27 16 9 5 0
23 0 6 16 17 19 23
27 6 0 15 22 23 27
16 16 15 0 17 15 16
9 17 22 17 0 4 9
5 19 23 15 4 0 5
0 23 27 16 9 5 0
,
0 38 79 28 23 11 0
69 0 17 40 44 41 26
68 15 0 27 41 59 65
17 26 36 0 37 19 17
13 52 65 48 0 5 23
10 44 24 41 12 0 12
0 38 49 48 14 14 0