1
5
,
0 (32.0, 34.0) 51.0
1 (44.0, 31.0) 57.0
2 (32.0, 3.0) 76.0
3 (1.0, 18.0) 32.0
4 (2.0, 10.0) 51.0
,
0 23 27 16 9 5 0
23 0 6 16 17 19 23
27 6 0 15 22 23 27
16 16 15 0 17 15 16
9 17 22 17 0 4 9
5 19 23 15 4 0 5
0 23 27 16 9 5 0
,
0 43 52 19 23 14 0
31 0 17 44 51 50 51
68 17 0 44 26 65 48
21 30 31 0 46 22 43
21 36 55 21 0 12 11
8 23 25 42 5 0 12
0 35 66 30 19 8 0