1
5
,
0 (32.0, 34.0) 63.0
1 (44.0, 31.0) 78.0
2 (32.0, 3.0) 68.0
3 (1.0, 18.0) 85.0
4 (2.0, 10.0) 64.0
,
0 23 27 16 9 5 0
23 0 6 16 17 19 23
27 6 0 15 22 23 27
16 16 15 0 17 15 16
9 17 22 17 0 4 9
5 19 23 15 4 0 5
0 23 27 16 9 5 0
,
0 38 63 35 17 9 0
62 0 13 20 51 37 27
28 16 0 33 24 32 63
41 46 45 0 19 40 33
13 48 65 24 0 8 20
11 58 57 20 9 0 13
0 29 32 41 19 10 0