1
5
,
0 (32.0, 34.0) 71.0
1 (44.0, 31.0) 54.0
2 (32.0, 3.0) 47.0
3 (1.0, 18.0) 36.0
4 (2.0, 10.0) 50.0
,
0 23 27 16 9 5 0
23 0 6 16 17 19 23
27 6 0 15 22 23 27
16 16 15 0 17 15 16
9 17 22 17 0 4 9
5 19 23 15 4 0 5
0 23 27 16 9 5 0
,
0 24 29 20 25 9 0
35 0 11 43 40 20 25
59 7 0 36 32 31 60
19 16 25 0 19 29 38
16 42 58 24 0 10 19
9 23 68 44 7 0 12
0 58 50 28 27 15 0