1
5
,
0 (32.0, 34.0) 33.0
1 (44.0, 31.0) 59.0
2 (32.0, 3.0) 45.0
3 (1.0, 18.0) 67.0
4 (2.0, 10.0) 35.0
,
0 23 27 16 9 5 0
23 0 6 16 17 19 23
27 6 0 15 22 23 27
16 16 15 0 17 15 16
9 17 22 17 0 4 9
5 19 23 15 4 0 5
0 23 27 16 9 5 0
,
0 61 57 23 11 11 0
34 0 10 24 29 22 51
80 16 0 26 63 35 61
31 43 38 0 31 46 47
12 50 31 30 0 9 20
13 44 56 23 8 0 8
0 24 70 32 16 14 0