1
5
,
0 (32.0, 34.0) 40.0
1 (44.0, 31.0) 69.0
2 (32.0, 3.0) 30.0
3 (1.0, 18.0) 64.0
4 (2.0, 10.0) 56.0
,
0 23 27 16 9 5 0
23 0 6 16 17 19 23
27 6 0 15 22 23 27
16 16 15 0 17 15 16
9 17 22 17 0 4 9
5 19 23 15 4 0 5
0 23 27 16 9 5 0
,
0 62 40 47 12 14 0
42 0 17 21 46 28 42
74 18 0 43 26 49 47
32 27 19 0 46 22 32
26 27 37 43 0 12 20
8 28 60 19 5 0 11
0 31 27 22 12 13 0