1
5
,
0 (32.0, 34.0) 68.0
1 (44.0, 31.0) 36.0
2 (32.0, 3.0) 67.0
3 (1.0, 18.0) 84.0
4 (2.0, 10.0) 36.0
,
0 23 27 16 9 5 0
23 0 6 16 17 19 23
27 6 0 15 22 23 27
16 16 15 0 17 15 16
9 17 22 17 0 4 9
5 19 23 15 4 0 5
0 23 27 16 9 5 0
,
0 49 79 34 18 8 0
27 0 13 34 22 34 62
50 11 0 25 38 70 62
45 29 41 0 49 37 34
22 46 26 31 0 6 25
6 25 30 31 11 0 7
0 67 77 38 26 10 0