1
5
,
0 (32.0, 34.0) 34.0
1 (44.0, 31.0) 46.0
2 (32.0, 3.0) 77.0
3 (1.0, 18.0) 37.0
4 (2.0, 10.0) 61.0
,
0 23 27 16 9 5 0
23 0 6 16 17 19 23
27 6 0 15 22 23 27
16 16 15 0 17 15 16
9 17 22 17 0 4 9
5 19 23 15 4 0 5
0 23 27 16 9 5 0
,
0 52 59 18 24 5 0
52 0 8 34 39 47 53
55 14 0 41 28 69 41
31 32 33 0 33 32 38
11 43 62 32 0 6 21
10 43 70 26 9 0 7
0 54 28 21 9 9 0