1
5
,
0 (32.0, 34.0) 57.0
1 (44.0, 31.0) 63.0
2 (32.0, 3.0) 52.0
3 (1.0, 18.0) 76.0
4 (2.0, 10.0) 34.0
,
0 23 27 16 9 5 0
23 0 6 16 17 19 23
27 6 0 15 22 23 27
16 16 15 0 17 15 16
9 17 22 17 0 4 9
5 19 23 15 4 0 5
0 23 27 16 9 5 0
,
0 55 30 41 20 13 0
45 0 16 37 37 37 49
58 7 0 22 26 28 66
27 21 30 0 42 25 46
19 20 63 24 0 7 15
9 21 38 40 6 0 9
0 47 36 18 16 11 0