1
5
,
0 (32.0, 34.0) 57.0
1 (44.0, 31.0) 45.0
2 (32.0, 3.0) 40.0
3 (1.0, 18.0) 68.0
4 (2.0, 10.0) 82.0
,
0 23 27 16 9 5 0
23 0 6 16 17 19 23
27 6 0 15 22 23 27
16 16 15 0 17 15 16
9 17 22 17 0 4 9
5 19 23 15 4 0 5
0 23 27 16 9 5 0
,
0 45 48 41 26 6 0
61 0 18 45 30 43 30
63 9 0 18 38 68 68
39 28 23 0 18 26 44
25 26 51 39 0 5 15
6 55 67 42 11 0 10
0 66 67 21 26 5 0