1
5
,
0 (32.0, 34.0) 34.0
1 (44.0, 31.0) 70.0
2 (32.0, 3.0) 42.0
3 (1.0, 18.0) 59.0
4 (2.0, 10.0) 56.0
,
0 23 27 16 9 5 0
23 0 6 16 17 19 23
27 6 0 15 22 23 27
16 16 15 0 17 15 16
9 17 22 17 0 4 9
5 19 23 15 4 0 5
0 23 27 16 9 5 0
,
0 48 30 31 10 9 0
47 0 10 38 49 40 31
45 18 0 16 28 27 50
28 32 41 0 18 33 16
24 25 65 45 0 8 12
11 37 64 23 9 0 5
0 53 63 17 12 9 0