1
5
,
0 (32.0, 34.0) 51.0
1 (44.0, 31.0) 34.0
2 (32.0, 3.0) 35.0
3 (1.0, 18.0) 38.0
4 (2.0, 10.0) 57.0
,
0 23 27 16 9 5 0
23 0 6 16 17 19 23
27 6 0 15 22 23 27
16 16 15 0 17 15 16
9 17 22 17 0 4 9
5 19 23 15 4 0 5
0 23 27 16 9 5 0
,
0 58 70 25 16 14 0
37 0 9 33 49 49 31
79 8 0 44 42 46 61
48 35 38 0 36 28 40
14 21 47 30 0 9 25
11 37 29 39 5 0 14
0 33 71 19 23 5 0