1
5
,
0 (32.0, 34.0) 44.0
1 (44.0, 31.0) 60.0
2 (32.0, 3.0) 76.0
3 (1.0, 18.0) 62.0
4 (2.0, 10.0) 53.0
,
0 23 27 16 9 5 0
23 0 6 16 17 19 23
27 6 0 15 22 23 27
16 16 15 0 17 15 16
9 17 22 17 0 4 9
5 19 23 15 4 0 5
0 23 27 16 9 5 0
,
0 35 49 29 26 11 0
52 0 8 17 35 42 59
73 16 0 46 45 69 31
38 27 44 0 42 35 24
12 37 50 29 0 9 10
12 56 54 35 11 0 10
0 31 30 38 20 9 0