1
5
,
0 (32.0, 34.0) 65.0
1 (44.0, 31.0) 45.0
2 (32.0, 3.0) 89.0
3 (1.0, 18.0) 72.0
4 (2.0, 10.0) 72.0
,
0 23 27 16 9 5 0
23 0 6 16 17 19 23
27 6 0 15 22 23 27
16 16 15 0 17 15 16
9 17 22 17 0 4 9
5 19 23 15 4 0 5
0 23 27 16 9 5 0
,
0 69 77 47 9 13 0
51 0 8 17 20 33 32
75 12 0 35 65 58 70
48 25 33 0 23 18 33
21 30 40 24 0 9 21
9 42 66 42 6 0 13
0 61 64 36 18 9 0