1
5
,
0 (32.0, 34.0) 38.0
1 (44.0, 31.0) 33.0
2 (32.0, 3.0) 38.0
3 (1.0, 18.0) 75.0
4 (2.0, 10.0) 53.0
,
0 23 27 16 9 5 0
23 0 6 16 17 19 23
27 6 0 15 22 23 27
16 16 15 0 17 15 16
9 17 22 17 0 4 9
5 19 23 15 4 0 5
0 23 27 16 9 5 0
,
0 49 29 29 13 11 0
62 0 17 27 25 56 40
48 12 0 17 31 42 42
34 38 19 0 33 37 41
13 43 28 24 0 4 22
14 39 57 31 6 0 6
0 65 62 40 17 6 0