1
5
,
0 (32.0, 34.0) 84.0
1 (44.0, 31.0) 71.0
2 (32.0, 3.0) 33.0
3 (1.0, 18.0) 73.0
4 (2.0, 10.0) 60.0
,
0 23 27 16 9 5 0
23 0 6 16 17 19 23
27 6 0 15 22 23 27
16 16 15 0 17 15 16
9 17 22 17 0 4 9
5 19 23 15 4 0 5
0 23 27 16 9 5 0
,
0 66 77 31 18 8 0
57 0 17 19 21 36 32
66 13 0 23 60 66 40
41 46 33 0 19 22 40
21 42 66 36 0 6 27
14 26 55 21 7 0 12
0 32 69 16 12 12 0