1
5
,
0 (32.0, 34.0) 72.0
1 (44.0, 31.0) 38.0
2 (32.0, 3.0) 51.0
3 (1.0, 18.0) 45.0
4 (2.0, 10.0) 38.0
,
0 23 27 16 9 5 0
23 0 6 16 17 19 23
27 6 0 15 22 23 27
16 16 15 0 17 15 16
9 17 22 17 0 4 9
5 19 23 15 4 0 5
0 23 27 16 9 5 0
,
0 42 33 28 17 9 0
30 0 11 40 20 21 51
74 16 0 17 67 32 40
33 18 32 0 20 46 17
14 26 59 21 0 9 14
14 21 27 38 11 0 15
0 45 44 36 17 11 0