1
5
,
0 (32.0, 34.0) 50.0
1 (44.0, 31.0) 68.0
2 (32.0, 3.0) 56.0
3 (1.0, 18.0) 49.0
4 (2.0, 10.0) 90.0
,
0 23 27 16 9 5 0
23 0 6 16 17 19 23
27 6 0 15 22 23 27
16 16 15 0 17 15 16
9 17 22 17 0 4 9
5 19 23 15 4 0 5
0 23 27 16 9 5 0
,
0 28 35 28 21 6 0
26 0 11 31 20 22 32
33 18 0 31 51 41 46
16 40 21 0 40 43 40
18 39 38 36 0 10 13
11 21 50 38 9 0 9
0 24 40 21 9 7 0