1
5
,
0 (32.0, 34.0) 53.0
1 (44.0, 31.0) 75.0
2 (32.0, 3.0) 60.0
3 (1.0, 18.0) 35.0
4 (2.0, 10.0) 34.0
,
0 23 27 16 9 5 0
23 0 6 16 17 19 23
27 6 0 15 22 23 27
16 16 15 0 17 15 16
9 17 22 17 0 4 9
5 19 23 15 4 0 5
0 23 27 16 9 5 0
,
0 56 67 37 23 8 0
37 0 7 28 37 32 38
64 18 0 34 47 36 29
41 42 37 0 23 32 25
20 28 28 27 0 9 19
8 53 37 45 12 0 8
0 66 52 21 18 9 0