1
5
,
0 (32.0, 34.0) 87.0
1 (44.0, 31.0) 76.0
2 (32.0, 3.0) 64.0
3 (1.0, 18.0) 59.0
4 (2.0, 10.0) 84.0
,
0 23 27 16 9 5 0
23 0 6 16 17 19 23
27 6 0 15 22 23 27
16 16 15 0 17 15 16
9 17 22 17 0 4 9
5 19 23 15 4 0 5
0 23 27 16 9 5 0
,
0 55 53 37 9 8 0
44 0 14 26 23 36 46
35 8 0 15 61 61 72
33 41 35 0 32 45 30
12 34 67 22 0 8 22
7 28 39 36 7 0 8
0 59 37 34 22 10 0