1
5
,
0 (32.0, 34.0) 31.0
1 (44.0, 31.0) 81.0
2 (32.0, 3.0) 74.0
3 (1.0, 18.0) 77.0
4 (2.0, 10.0) 40.0
,
0 23 27 16 9 5 0
23 0 6 16 17 19 23
27 6 0 15 22 23 27
16 16 15 0 17 15 16
9 17 22 17 0 4 9
5 19 23 15 4 0 5
0 23 27 16 9 5 0
,
0 51 57 23 24 14 0
32 0 11 25 18 44 25
63 13 0 42 38 45 29
32 21 44 0 30 34 33
22 21 48 34 0 12 15
8 52 57 44 8 0 10
0 44 36 29 14 12 0