1
5
,
0 (32.0, 34.0) 48.0
1 (44.0, 31.0) 49.0
2 (32.0, 3.0) 32.0
3 (1.0, 18.0) 78.0
4 (2.0, 10.0) 75.0
,
0 23 27 16 9 5 0
23 0 6 16 17 19 23
27 6 0 15 22 23 27
16 16 15 0 17 15 16
9 17 22 17 0 4 9
5 19 23 15 4 0 5
0 23 27 16 9 5 0
,
0 44 43 41 18 11 0
68 0 9 20 23 35 47
42 17 0 42 43 27 48
41 32 27 0 35 38 18
12 35 62 47 0 9 22
8 21 29 33 10 0 8
0 24 33 46 16 8 0