1
5
,
0 (23.0, 19.0) 53.0
1 (42.0, 29.0) 32.0
2 (38.0, 22.0) 35.0
3 (8.0, 3.0) 44.0
4 (14.0, 3.0) 50.0
,
0 15 26 22 4 7 0
15 0 11 8 11 9 15
26 11 0 4 21 19 26
22 8 4 0 18 15 22
4 11 21 18 0 3 4
7 9 19 15 3 0 7
0 15 26 22 4 7 0
,
0 25 36 43 5 17 0
43 0 28 13 28 28 29
66 28 0 8 47 32 41
45 20 7 0 32 21 55
7 29 29 33 0 5 8
17 17 33 17 3 0 20
0 17 71 62 12 11 0