1
5
,
0 (23.0, 19.0) 62.0
1 (42.0, 29.0) 38.0
2 (38.0, 22.0) 45.0
3 (8.0, 3.0) 70.0
4 (14.0, 3.0) 86.0
,
0 15 26 22 4 7 0
15 0 11 8 11 9 15
26 11 0 4 21 19 26
22 8 4 0 18 15 22
4 11 21 18 0 3 4
7 9 19 15 3 0 7
0 15 26 22 4 7 0
,
0 18 52 59 8 12 0
20 0 26 10 13 18 20
52 18 0 8 37 52 72
58 12 8 0 41 17 63
10 32 39 41 0 6 13
11 27 46 17 5 0 20
0 42 73 37 9 20 0