1
5
,
0 (23.0, 19.0) 44.0
1 (42.0, 29.0) 78.0
2 (38.0, 22.0) 86.0
3 (8.0, 3.0) 83.0
4 (14.0, 3.0) 45.0
,
0 15 26 22 4 7 0
15 0 11 8 11 9 15
26 11 0 4 21 19 26
22 8 4 0 18 15 22
4 11 21 18 0 3 4
7 9 19 15 3 0 7
0 15 26 22 4 7 0
,
0 25 63 46 6 13 0
29 0 27 19 14 12 27
75 18 0 7 39 38 52
25 11 12 0 32 42 64
7 20 37 42 0 8 11
9 15 30 40 9 0 9
0 36 36 59 8 10 0