1
5
,
0 (23.0, 19.0) 74.0
1 (42.0, 29.0) 64.0
2 (38.0, 22.0) 49.0
3 (8.0, 3.0) 31.0
4 (14.0, 3.0) 55.0
,
0 15 26 22 4 7 0
15 0 11 8 11 9 15
26 11 0 4 21 19 26
22 8 4 0 18 15 22
4 11 21 18 0 3 4
7 9 19 15 3 0 7
0 15 26 22 4 7 0
,
0 17 40 40 6 15 0
26 0 15 18 14 19 28
48 31 0 9 46 37 58
36 17 8 0 30 30 39
6 27 35 18 0 4 9
17 20 56 25 8 0 10
0 29 51 38 5 11 0