1
5
,
0 (23.0, 19.0) 51.0
1 (42.0, 29.0) 55.0
2 (38.0, 22.0) 60.0
3 (8.0, 3.0) 54.0
4 (14.0, 3.0) 69.0
,
0 15 26 22 4 7 0
15 0 11 8 11 9 15
26 11 0 4 21 19 26
22 8 4 0 18 15 22
4 11 21 18 0 3 4
7 9 19 15 3 0 7
0 15 26 22 4 7 0
,
0 39 49 41 12 11 0
22 0 21 13 11 21 18
41 13 0 9 28 29 52
38 12 9 0 30 23 43
5 25 51 27 0 4 11
10 26 22 35 8 0 11
0 25 32 43 6 10 0