1
5
,
0 (23.0, 19.0) 38.0
1 (42.0, 29.0) 38.0
2 (38.0, 22.0) 88.0
3 (8.0, 3.0) 75.0
4 (14.0, 3.0) 65.0
,
0 15 26 22 4 7 0
15 0 11 8 11 9 15
26 11 0 4 21 19 26
22 8 4 0 18 15 22
4 11 21 18 0 3 4
7 9 19 15 3 0 7
0 15 26 22 4 7 0
,
0 38 31 34 11 15 0
23 0 32 13 21 11 21
28 22 0 10 42 54 26
29 22 5 0 31 18 55
12 14 41 19 0 3 10
18 26 54 24 8 0 19
0 30 40 30 5 18 0