1
5
,
0 (23.0, 19.0) 53.0
1 (42.0, 29.0) 41.0
2 (38.0, 22.0) 66.0
3 (8.0, 3.0) 38.0
4 (14.0, 3.0) 54.0
,
0 15 26 22 4 7 0
15 0 11 8 11 9 15
26 11 0 4 21 19 26
22 8 4 0 18 15 22
4 11 21 18 0 3 4
7 9 19 15 3 0 7
0 15 26 22 4 7 0
,
0 30 42 36 5 10 0
38 0 30 18 30 16 40
39 31 0 11 36 51 64
28 18 5 0 47 24 51
9 22 56 37 0 4 11
21 21 47 36 8 0 13
0 40 26 29 7 9 0