1
5
,
0 (23.0, 19.0) 48.0
1 (42.0, 29.0) 82.0
2 (38.0, 22.0) 38.0
3 (8.0, 3.0) 50.0
4 (14.0, 3.0) 71.0
,
0 15 26 22 4 7 0
15 0 11 8 11 9 15
26 11 0 4 21 19 26
22 8 4 0 18 15 22
4 11 21 18 0 3 4
7 9 19 15 3 0 7
0 15 26 22 4 7 0
,
0 44 62 23 9 9 0
20 0 11 17 27 19 24
61 17 0 10 40 34 76
29 22 5 0 23 17 51
10 24 51 50 0 4 8
11 27 48 18 6 0 14
0 38 35 56 7 16 0