1
5
,
0 (23.0, 19.0) 66.0
1 (42.0, 29.0) 73.0
2 (38.0, 22.0) 72.0
3 (8.0, 3.0) 44.0
4 (14.0, 3.0) 47.0
,
0 15 26 22 4 7 0
15 0 11 8 11 9 15
26 11 0 4 21 19 26
22 8 4 0 18 15 22
4 11 21 18 0 3 4
7 9 19 15 3 0 7
0 15 26 22 4 7 0
,
0 19 71 53 10 14 0
24 0 29 21 22 10 34
61 23 0 9 64 56 45
25 17 11 0 21 23 59
8 19 28 43 0 5 10
12 17 43 46 4 0 20
0 41 58 44 10 14 0