1
5
,
0 (23.0, 19.0) 68.0
1 (42.0, 29.0) 49.0
2 (38.0, 22.0) 57.0
3 (8.0, 3.0) 75.0
4 (14.0, 3.0) 65.0
,
0 15 26 22 4 7 0
15 0 11 8 11 9 15
26 11 0 4 21 19 26
22 8 4 0 18 15 22
4 11 21 18 0 3 4
7 9 19 15 3 0 7
0 15 26 22 4 7 0
,
0 34 47 58 9 9 0
27 0 23 18 24 18 44
43 26 0 8 30 48 41
40 11 8 0 43 17 39
9 26 46 32 0 4 12
11 27 25 22 7 0 11
0 16 66 24 11 8 0