1
5
,
0 (23.0, 19.0) 71.0
1 (42.0, 29.0) 72.0
2 (38.0, 22.0) 58.0
3 (8.0, 3.0) 48.0
4 (14.0, 3.0) 53.0
,
0 15 26 22 4 7 0
15 0 11 8 11 9 15
26 11 0 4 21 19 26
22 8 4 0 18 15 22
4 11 21 18 0 3 4
7 9 19 15 3 0 7
0 15 26 22 4 7 0
,
0 16 58 42 12 9 0
38 0 28 19 14 21 31
54 22 0 4 34 44 35
32 10 12 0 22 26 48
6 18 48 19 0 9 13
15 25 32 19 5 0 8
0 32 65 23 8 16 0