1
5
,
0 (23.0, 19.0) 89.0
1 (42.0, 29.0) 76.0
2 (38.0, 22.0) 54.0
3 (8.0, 3.0) 47.0
4 (14.0, 3.0) 54.0
,
0 15 26 22 4 7 0
15 0 11 8 11 9 15
26 11 0 4 21 19 26
22 8 4 0 18 15 22
4 11 21 18 0 3 4
7 9 19 15 3 0 7
0 15 26 22 4 7 0
,
0 32 56 49 10 18 0
28 0 20 15 33 17 23
66 31 0 6 49 57 65
65 9 7 0 39 31 22
11 21 45 32 0 7 12
10 15 26 29 7 0 20
0 23 71 39 12 13 0