1
5
,
0 (23.0, 19.0) 34.0
1 (42.0, 29.0) 66.0
2 (38.0, 22.0) 88.0
3 (8.0, 3.0) 83.0
4 (14.0, 3.0) 36.0
,
0 15 26 22 4 7 0
15 0 11 8 11 9 15
26 11 0 4 21 19 26
22 8 4 0 18 15 22
4 11 21 18 0 3 4
7 9 19 15 3 0 7
0 15 26 22 4 7 0
,
0 16 40 64 7 14 0
18 0 16 11 31 11 40
67 18 0 10 24 20 63
52 13 5 0 48 34 35
9 31 25 31 0 8 7
12 24 53 21 9 0 7
0 30 47 41 7 17 0