1
5
,
0 (23.0, 19.0) 41.0
1 (42.0, 29.0) 30.0
2 (38.0, 22.0) 41.0
3 (8.0, 3.0) 63.0
4 (14.0, 3.0) 36.0
,
0 15 26 22 4 7 0
15 0 11 8 11 9 15
26 11 0 4 21 19 26
22 8 4 0 18 15 22
4 11 21 18 0 3 4
7 9 19 15 3 0 7
0 15 26 22 4 7 0
,
0 21 66 33 5 15 0
16 0 13 14 26 9 35
44 21 0 5 38 43 46
65 19 12 0 41 42 27
12 24 62 50 0 5 12
19 24 42 39 9 0 12
0 27 66 54 6 17 0