1
5
,
0 (23.0, 19.0) 66.0
1 (42.0, 29.0) 43.0
2 (38.0, 22.0) 51.0
3 (8.0, 3.0) 52.0
4 (14.0, 3.0) 65.0
,
0 15 26 22 4 7 0
15 0 11 8 11 9 15
26 11 0 4 21 19 26
22 8 4 0 18 15 22
4 11 21 18 0 3 4
7 9 19 15 3 0 7
0 15 26 22 4 7 0
,
0 32 48 42 12 17 0
18 0 30 17 16 11 16
51 12 0 7 35 32 66
46 11 9 0 43 36 61
10 18 44 30 0 6 7
12 25 40 20 4 0 11
0 23 42 25 6 18 0