1
5
,
0 (23.0, 19.0) 45.0
1 (42.0, 29.0) 46.0
2 (38.0, 22.0) 31.0
3 (8.0, 3.0) 71.0
4 (14.0, 3.0) 31.0
,
0 15 26 22 4 7 0
15 0 11 8 11 9 15
26 11 0 4 21 19 26
22 8 4 0 18 15 22
4 11 21 18 0 3 4
7 9 19 15 3 0 7
0 15 26 22 4 7 0
,
0 37 62 58 11 13 0
18 0 30 12 19 23 44
65 24 0 12 43 19 26
40 18 7 0 40 33 47
11 11 62 19 0 5 5
16 12 57 25 3 0 8
0 22 65 47 7 17 0