1
5
,
0 (23.0, 19.0) 42.0
1 (42.0, 29.0) 41.0
2 (38.0, 22.0) 82.0
3 (8.0, 3.0) 57.0
4 (14.0, 3.0) 77.0
,
0 15 26 22 4 7 0
15 0 11 8 11 9 15
26 11 0 4 21 19 26
22 8 4 0 18 15 22
4 11 21 18 0 3 4
7 9 19 15 3 0 7
0 15 26 22 4 7 0
,
0 31 34 29 11 10 0
19 0 16 18 28 14 29
31 28 0 12 58 43 75
22 18 7 0 30 32 30
6 27 32 50 0 9 10
19 17 46 29 6 0 17
0 21 51 40 11 14 0