1
5
,
0 (23.0, 19.0) 45.0
1 (42.0, 29.0) 33.0
2 (38.0, 22.0) 34.0
3 (8.0, 3.0) 61.0
4 (14.0, 3.0) 75.0
,
0 15 26 22 4 7 0
15 0 11 8 11 9 15
26 11 0 4 21 19 26
22 8 4 0 18 15 22
4 11 21 18 0 3 4
7 9 19 15 3 0 7
0 15 26 22 4 7 0
,
0 30 42 28 13 9 0
18 0 17 14 26 13 20
76 26 0 11 46 50 29
34 12 7 0 44 44 62
12 16 25 46 0 7 8
8 25 51 15 5 0 13
0 37 33 50 12 13 0