1
5
,
0 (23.0, 19.0) 44.0
1 (42.0, 29.0) 53.0
2 (38.0, 22.0) 88.0
3 (8.0, 3.0) 39.0
4 (14.0, 3.0) 60.0
,
0 15 26 22 4 7 0
15 0 11 8 11 9 15
26 11 0 4 21 19 26
22 8 4 0 18 15 22
4 11 21 18 0 3 4
7 9 19 15 3 0 7
0 15 26 22 4 7 0
,
0 33 50 42 13 12 0
31 0 25 14 27 25 32
69 17 0 10 50 26 71
23 8 5 0 19 32 26
5 14 43 19 0 8 7
15 21 26 25 4 0 17
0 25 28 35 9 19 0