1
5
,
0 (23.0, 19.0) 58.0
1 (42.0, 29.0) 59.0
2 (38.0, 22.0) 72.0
3 (8.0, 3.0) 81.0
4 (14.0, 3.0) 34.0
,
0 15 26 22 4 7 0
15 0 11 8 11 9 15
26 11 0 4 21 19 26
22 8 4 0 18 15 22
4 11 21 18 0 3 4
7 9 19 15 3 0 7
0 15 26 22 4 7 0
,
0 24 55 35 12 11 0
26 0 18 19 27 19 27
46 22 0 7 27 57 71
55 9 6 0 52 30 28
9 23 56 43 0 3 6
11 22 23 28 9 0 20
0 34 62 34 8 8 0