1
5
,
0 (23.0, 19.0) 86.0
1 (42.0, 29.0) 69.0
2 (38.0, 22.0) 60.0
3 (8.0, 3.0) 46.0
4 (14.0, 3.0) 75.0
,
0 15 26 22 4 7 0
15 0 11 8 11 9 15
26 11 0 4 21 19 26
22 8 4 0 18 15 22
4 11 21 18 0 3 4
7 9 19 15 3 0 7
0 15 26 22 4 7 0
,
0 38 62 34 9 11 0
40 0 15 17 20 14 22
76 18 0 7 33 29 55
61 17 11 0 23 28 41
9 29 57 41 0 8 8
15 12 46 34 6 0 12
0 29 32 48 9 15 0