1
5
,
0 (23.0, 19.0) 45.0
1 (42.0, 29.0) 41.0
2 (38.0, 22.0) 63.0
3 (8.0, 3.0) 80.0
4 (14.0, 3.0) 32.0
,
0 15 26 22 4 7 0
15 0 11 8 11 9 15
26 11 0 4 21 19 26
22 8 4 0 18 15 22
4 11 21 18 0 3 4
7 9 19 15 3 0 7
0 15 26 22 4 7 0
,
0 42 54 28 11 7 0
43 0 20 20 15 27 32
31 24 0 8 40 23 27
34 15 12 0 48 17 49
6 30 61 41 0 8 5
12 11 22 28 8 0 11
0 44 36 46 8 12 0