1
5
,
0 (23.0, 19.0) 41.0
1 (42.0, 29.0) 43.0
2 (38.0, 22.0) 67.0
3 (8.0, 3.0) 62.0
4 (14.0, 3.0) 75.0
,
0 15 26 22 4 7 0
15 0 11 8 11 9 15
26 11 0 4 21 19 26
22 8 4 0 18 15 22
4 11 21 18 0 3 4
7 9 19 15 3 0 7
0 15 26 22 4 7 0
,
0 25 65 30 11 16 0
33 0 25 22 26 22 19
63 24 0 6 59 49 29
43 8 11 0 22 42 46
11 24 30 47 0 8 8
19 15 52 20 5 0 9
0 41 41 22 6 20 0