1
5
,
0 (23.0, 19.0) 30.0
1 (42.0, 29.0) 54.0
2 (38.0, 22.0) 43.0
3 (8.0, 3.0) 63.0
4 (14.0, 3.0) 44.0
,
0 15 26 22 4 7 0
15 0 11 8 11 9 15
26 11 0 4 21 19 26
22 8 4 0 18 15 22
4 11 21 18 0 3 4
7 9 19 15 3 0 7
0 15 26 22 4 7 0
,
0 26 75 56 11 16 0
23 0 28 14 20 17 33
59 11 0 12 49 49 69
22 8 5 0 35 43 61
12 32 50 26 0 5 9
18 27 21 34 7 0 9
0 28 48 64 9 10 0