1
5
,
0 (23.0, 19.0) 41.0
1 (42.0, 29.0) 39.0
2 (38.0, 22.0) 79.0
3 (8.0, 3.0) 71.0
4 (14.0, 3.0) 61.0
,
0 15 26 22 4 7 0
15 0 11 8 11 9 15
26 11 0 4 21 19 26
22 8 4 0 18 15 22
4 11 21 18 0 3 4
7 9 19 15 3 0 7
0 15 26 22 4 7 0
,
0 43 65 29 10 13 0
25 0 14 21 12 12 25
48 30 0 10 25 48 65
53 18 10 0 39 37 47
6 12 41 50 0 6 8
11 26 24 34 4 0 11
0 33 42 56 10 13 0