1
5
,
0 (23.0, 19.0) 52.0
1 (42.0, 29.0) 31.0
2 (38.0, 22.0) 58.0
3 (8.0, 3.0) 44.0
4 (14.0, 3.0) 40.0
,
0 15 26 22 4 7 0
15 0 11 8 11 9 15
26 11 0 4 21 19 26
22 8 4 0 18 15 22
4 11 21 18 0 3 4
7 9 19 15 3 0 7
0 15 26 22 4 7 0
,
0 30 41 31 13 19 0
16 0 20 11 15 13 16
62 30 0 9 29 21 53
38 14 4 0 44 23 57
13 14 24 40 0 7 8
15 16 29 22 6 0 16
0 35 74 23 11 18 0