1
5
,
0 (23.0, 19.0) 71.0
1 (42.0, 29.0) 35.0
2 (38.0, 22.0) 58.0
3 (8.0, 3.0) 89.0
4 (14.0, 3.0) 77.0
,
0 15 26 22 4 7 0
15 0 11 8 11 9 15
26 11 0 4 21 19 26
22 8 4 0 18 15 22
4 11 21 18 0 3 4
7 9 19 15 3 0 7
0 15 26 22 4 7 0
,
0 26 51 59 10 14 0
18 0 27 14 13 10 40
68 22 0 4 29 30 36
28 10 10 0 43 43 40
9 29 23 51 0 6 6
21 20 37 25 6 0 15
0 20 46 64 8 11 0