1
5
,
0 (23.0, 19.0) 71.0
1 (42.0, 29.0) 61.0
2 (38.0, 22.0) 61.0
3 (8.0, 3.0) 60.0
4 (14.0, 3.0) 38.0
,
0 15 26 22 4 7 0
15 0 11 8 11 9 15
26 11 0 4 21 19 26
22 8 4 0 18 15 22
4 11 21 18 0 3 4
7 9 19 15 3 0 7
0 15 26 22 4 7 0
,
0 38 70 36 6 21 0
38 0 15 21 27 11 42
61 16 0 7 51 49 59
25 17 12 0 27 21 48
8 20 43 20 0 4 5
8 13 44 23 4 0 21
0 27 64 40 4 11 0