1
5
,
0 (23.0, 19.0) 42.0
1 (42.0, 29.0) 76.0
2 (38.0, 22.0) 57.0
3 (8.0, 3.0) 42.0
4 (14.0, 3.0) 49.0
,
0 15 26 22 4 7 0
15 0 11 8 11 9 15
26 11 0 4 21 19 26
22 8 4 0 18 15 22
4 11 21 18 0 3 4
7 9 19 15 3 0 7
0 15 26 22 4 7 0
,
0 25 73 30 10 9 0
18 0 18 14 12 21 36
66 17 0 5 24 57 68
36 19 7 0 25 41 37
7 19 61 21 0 5 8
12 26 51 27 7 0 9
0 33 49 27 5 8 0