1
5
,
0 (23.0, 19.0) 49.0
1 (42.0, 29.0) 75.0
2 (38.0, 22.0) 38.0
3 (8.0, 3.0) 50.0
4 (14.0, 3.0) 60.0
,
0 15 26 22 4 7 0
15 0 11 8 11 9 15
26 11 0 4 21 19 26
22 8 4 0 18 15 22
4 11 21 18 0 3 4
7 9 19 15 3 0 7
0 15 26 22 4 7 0
,
0 21 74 31 5 16 0
30 0 29 17 16 16 18
60 18 0 5 24 20 74
23 10 7 0 34 35 45
11 18 52 20 0 4 9
21 14 40 38 5 0 20
0 18 29 27 9 9 0