1
5
,
0 (23.0, 19.0) 32.0
1 (42.0, 29.0) 71.0
2 (38.0, 22.0) 82.0
3 (8.0, 3.0) 64.0
4 (14.0, 3.0) 53.0
,
0 15 26 22 4 7 0
15 0 11 8 11 9 15
26 11 0 4 21 19 26
22 8 4 0 18 15 22
4 11 21 18 0 3 4
7 9 19 15 3 0 7
0 15 26 22 4 7 0
,
0 16 75 44 5 21 0
35 0 15 8 21 14 32
40 21 0 10 29 26 53
43 20 11 0 44 27 25
10 15 56 38 0 7 8
11 23 23 33 6 0 11
0 37 70 47 7 7 0