1
5
,
0 (23.0, 19.0) 39.0
1 (42.0, 29.0) 65.0
2 (38.0, 22.0) 83.0
3 (8.0, 3.0) 40.0
4 (14.0, 3.0) 49.0
,
0 15 26 22 4 7 0
15 0 11 8 11 9 15
26 11 0 4 21 19 26
22 8 4 0 18 15 22
4 11 21 18 0 3 4
7 9 19 15 3 0 7
0 15 26 22 4 7 0
,
0 28 68 25 4 16 0
32 0 11 19 15 11 31
34 20 0 9 47 47 39
38 14 7 0 23 30 29
10 22 50 35 0 6 6
15 22 41 29 8 0 13
0 37 71 29 6 16 0