1
5
,
0 (23.0, 19.0) 39.0
1 (42.0, 29.0) 85.0
2 (38.0, 22.0) 61.0
3 (8.0, 3.0) 53.0
4 (14.0, 3.0) 32.0
,
0 15 26 22 4 7 0
15 0 11 8 11 9 15
26 11 0 4 21 19 26
22 8 4 0 18 15 22
4 11 21 18 0 3 4
7 9 19 15 3 0 7
0 15 26 22 4 7 0
,
0 38 76 57 9 17 0
33 0 14 22 15 21 41
44 20 0 12 57 52 75
24 14 10 0 50 24 26
9 13 59 21 0 8 8
18 24 31 39 3 0 8
0 41 55 51 7 11 0