1
5
,
0 (23.0, 19.0) 64.0
1 (42.0, 29.0) 69.0
2 (38.0, 22.0) 46.0
3 (8.0, 3.0) 44.0
4 (14.0, 3.0) 38.0
,
0 15 26 22 4 7 0
15 0 11 8 11 9 15
26 11 0 4 21 19 26
22 8 4 0 18 15 22
4 11 21 18 0 3 4
7 9 19 15 3 0 7
0 15 26 22 4 7 0
,
0 38 48 22 5 18 0
21 0 28 13 16 15 20
51 24 0 6 42 22 53
50 16 7 0 51 24 54
11 23 32 23 0 7 12
17 22 25 31 3 0 21
0 45 63 64 13 10 0