1
5
,
0 (23.0, 19.0) 56.0
1 (42.0, 29.0) 51.0
2 (38.0, 22.0) 86.0
3 (8.0, 3.0) 65.0
4 (14.0, 3.0) 64.0
,
0 15 26 22 4 7 0
15 0 11 8 11 9 15
26 11 0 4 21 19 26
22 8 4 0 18 15 22
4 11 21 18 0 3 4
7 9 19 15 3 0 7
0 15 26 22 4 7 0
,
0 28 74 47 9 10 0
29 0 16 18 16 13 44
31 27 0 6 40 28 39
50 17 6 0 51 23 40
6 29 48 45 0 8 12
10 24 39 32 6 0 13
0 32 54 54 11 13 0