1
5
,
0 (23.0, 19.0) 81.0
1 (42.0, 29.0) 59.0
2 (38.0, 22.0) 35.0
3 (8.0, 3.0) 56.0
4 (14.0, 3.0) 84.0
,
0 15 26 22 4 7 0
15 0 11 8 11 9 15
26 11 0 4 21 19 26
22 8 4 0 18 15 22
4 11 21 18 0 3 4
7 9 19 15 3 0 7
0 15 26 22 4 7 0
,
0 16 26 41 5 21 0
37 0 22 17 29 15 40
72 28 0 7 32 26 28
38 20 10 0 45 28 61
13 24 39 33 0 5 12
13 18 48 42 9 0 9
0 26 67 29 10 10 0