1
5
,
0 (23.0, 19.0) 57.0
1 (42.0, 29.0) 74.0
2 (38.0, 22.0) 54.0
3 (8.0, 3.0) 89.0
4 (14.0, 3.0) 81.0
,
0 15 26 22 4 7 0
15 0 11 8 11 9 15
26 11 0 4 21 19 26
22 8 4 0 18 15 22
4 11 21 18 0 3 4
7 9 19 15 3 0 7
0 15 26 22 4 7 0
,
0 42 59 62 12 21 0
33 0 12 19 26 22 27
35 15 0 6 31 23 33
48 22 9 0 50 30 27
8 32 31 33 0 7 9
16 10 36 32 9 0 21
0 44 75 55 12 17 0