1
5
,
0 (23.0, 19.0) 53.0
1 (42.0, 29.0) 60.0
2 (38.0, 22.0) 47.0
3 (8.0, 3.0) 42.0
4 (14.0, 3.0) 55.0
,
0 15 26 22 4 7 0
15 0 11 8 11 9 15
26 11 0 4 21 19 26
22 8 4 0 18 15 22
4 11 21 18 0 3 4
7 9 19 15 3 0 7
0 15 26 22 4 7 0
,
0 42 71 48 7 17 0
19 0 13 11 21 18 32
70 24 0 8 64 37 50
24 16 7 0 43 23 31
12 14 28 42 0 4 8
14 16 43 33 8 0 10
0 44 49 35 10 16 0