1
5
,
0 (23.0, 19.0) 64.0
1 (42.0, 29.0) 40.0
2 (38.0, 22.0) 76.0
3 (8.0, 3.0) 41.0
4 (14.0, 3.0) 57.0
,
0 15 26 22 4 7 0
15 0 11 8 11 9 15
26 11 0 4 21 19 26
22 8 4 0 18 15 22
4 11 21 18 0 3 4
7 9 19 15 3 0 7
0 15 26 22 4 7 0
,
0 20 45 31 5 10 0
36 0 32 13 25 26 25
54 25 0 5 45 53 55
27 18 6 0 44 18 54
11 31 47 29 0 7 10
8 16 42 31 5 0 8
0 34 70 37 11 15 0