1
5
,
0 (23.0, 19.0) 33.0
1 (42.0, 29.0) 80.0
2 (38.0, 22.0) 67.0
3 (8.0, 3.0) 87.0
4 (14.0, 3.0) 88.0
,
0 15 26 22 4 7 0
15 0 11 8 11 9 15
26 11 0 4 21 19 26
22 8 4 0 18 15 22
4 11 21 18 0 3 4
7 9 19 15 3 0 7
0 15 26 22 4 7 0
,
0 37 67 58 7 14 0
26 0 13 11 23 17 44
48 15 0 10 31 22 56
50 11 11 0 44 24 64
9 28 29 31 0 4 9
11 11 49 16 7 0 16
0 26 61 56 6 12 0