1
5
,
0 (23.0, 19.0) 58.0
1 (42.0, 29.0) 71.0
2 (38.0, 22.0) 77.0
3 (8.0, 3.0) 61.0
4 (14.0, 3.0) 42.0
,
0 15 26 22 4 7 0
15 0 11 8 11 9 15
26 11 0 4 21 19 26
22 8 4 0 18 15 22
4 11 21 18 0 3 4
7 9 19 15 3 0 7
0 15 26 22 4 7 0
,
0 44 26 30 7 14 0
21 0 21 14 20 18 24
32 21 0 11 30 49 39
26 12 6 0 40 33 22
9 32 51 51 0 5 6
21 17 39 30 9 0 13
0 42 38 48 13 18 0