1
5
,
0 (23.0, 19.0) 40.0
1 (42.0, 29.0) 49.0
2 (38.0, 22.0) 87.0
3 (8.0, 3.0) 85.0
4 (14.0, 3.0) 40.0
,
0 15 26 22 4 7 0
15 0 11 8 11 9 15
26 11 0 4 21 19 26
22 8 4 0 18 15 22
4 11 21 18 0 3 4
7 9 19 15 3 0 7
0 15 26 22 4 7 0
,
0 21 65 38 8 8 0
31 0 13 16 15 19 17
54 15 0 6 45 20 37
62 10 10 0 26 42 48
8 16 57 32 0 5 11
12 17 30 39 9 0 12
0 36 67 65 8 21 0