1
5
,
0 (23.0, 19.0) 74.0
1 (42.0, 29.0) 38.0
2 (38.0, 22.0) 60.0
3 (8.0, 3.0) 85.0
4 (14.0, 3.0) 52.0
,
0 15 26 22 4 7 0
15 0 11 8 11 9 15
26 11 0 4 21 19 26
22 8 4 0 18 15 22
4 11 21 18 0 3 4
7 9 19 15 3 0 7
0 15 26 22 4 7 0
,
0 34 70 29 12 10 0
40 0 27 21 31 20 37
56 19 0 11 46 26 37
37 19 8 0 22 41 56
11 13 37 35 0 3 10
18 15 25 36 5 0 8
0 28 26 52 12 17 0