1
5
,
0 (23.0, 19.0) 35.0
1 (42.0, 29.0) 43.0
2 (38.0, 22.0) 82.0
3 (8.0, 3.0) 66.0
4 (14.0, 3.0) 37.0
,
0 15 26 22 4 7 0
15 0 11 8 11 9 15
26 11 0 4 21 19 26
22 8 4 0 18 15 22
4 11 21 18 0 3 4
7 9 19 15 3 0 7
0 15 26 22 4 7 0
,
0 22 66 42 11 15 0
30 0 20 9 33 25 23
76 31 0 8 51 32 47
40 13 4 0 34 30 44
9 25 22 23 0 7 12
13 21 50 32 4 0 14
0 15 57 52 10 8 0