1
5
,
0 (23.0, 19.0) 89.0
1 (42.0, 29.0) 67.0
2 (38.0, 22.0) 59.0
3 (8.0, 3.0) 85.0
4 (14.0, 3.0) 59.0
,
0 15 26 22 4 7 0
15 0 11 8 11 9 15
26 11 0 4 21 19 26
22 8 4 0 18 15 22
4 11 21 18 0 3 4
7 9 19 15 3 0 7
0 15 26 22 4 7 0
,
0 34 71 44 6 20 0
22 0 22 13 26 27 35
39 27 0 11 27 36 40
39 15 10 0 22 30 55
11 18 25 53 0 6 5
13 15 54 25 3 0 13
0 24 27 26 6 17 0