1
5
,
0 (23.0, 19.0) 73.0
1 (42.0, 29.0) 79.0
2 (38.0, 22.0) 33.0
3 (8.0, 3.0) 64.0
4 (14.0, 3.0) 32.0
,
0 15 26 22 4 7 0
15 0 11 8 11 9 15
26 11 0 4 21 19 26
22 8 4 0 18 15 22
4 11 21 18 0 3 4
7 9 19 15 3 0 7
0 15 26 22 4 7 0
,
0 45 37 62 6 18 0
41 0 28 8 21 18 28
40 24 0 7 60 26 58
59 8 11 0 37 16 49
8 24 24 46 0 6 8
12 22 47 27 7 0 9
0 35 56 28 9 14 0