1
5
,
0 (23.0, 19.0) 42.0
1 (42.0, 29.0) 76.0
2 (38.0, 22.0) 71.0
3 (8.0, 3.0) 63.0
4 (14.0, 3.0) 80.0
,
0 15 26 22 4 7 0
15 0 11 8 11 9 15
26 11 0 4 21 19 26
22 8 4 0 18 15 22
4 11 21 18 0 3 4
7 9 19 15 3 0 7
0 15 26 22 4 7 0
,
0 32 36 58 12 18 0
32 0 26 19 27 22 37
44 18 0 11 39 45 31
58 19 11 0 18 37 64
5 30 53 51 0 4 10
15 26 25 26 7 0 9
0 44 39 46 9 18 0