1
5
,
0 (23.0, 19.0) 88.0
1 (42.0, 29.0) 51.0
2 (38.0, 22.0) 73.0
3 (8.0, 3.0) 77.0
4 (14.0, 3.0) 62.0
,
0 15 26 22 4 7 0
15 0 11 8 11 9 15
26 11 0 4 21 19 26
22 8 4 0 18 15 22
4 11 21 18 0 3 4
7 9 19 15 3 0 7
0 15 26 22 4 7 0
,
0 41 58 47 5 13 0
28 0 24 18 18 9 35
34 28 0 7 32 38 46
47 17 4 0 29 36 55
5 15 35 20 0 5 9
8 14 33 21 4 0 15
0 39 41 64 12 21 0