1
5
,
0 (23.0, 19.0) 68.0
1 (42.0, 29.0) 79.0
2 (38.0, 22.0) 31.0
3 (8.0, 3.0) 59.0
4 (14.0, 3.0) 34.0
,
0 15 26 22 4 7 0
15 0 11 8 11 9 15
26 11 0 4 21 19 26
22 8 4 0 18 15 22
4 11 21 18 0 3 4
7 9 19 15 3 0 7
0 15 26 22 4 7 0
,
0 17 65 53 5 18 0
31 0 31 20 18 10 18
33 17 0 9 48 36 53
26 23 6 0 42 23 27
11 29 49 51 0 3 8
12 9 34 24 6 0 20
0 27 28 37 8 8 0