1
5
,
0 (49.0, 37.0) 63.0
1 (3.0, 41.0) 79.0
2 (6.0, 7.0) 58.0
3 (2.0, 4.0) 33.0
4 (26.0, 13.0) 76.0
,
0 31 21 5 2 15 0
31 0 23 26 29 17 31
21 23 0 17 19 18 21
5 26 17 0 2 10 5
2 29 19 2 0 13 2
15 17 18 10 13 0 15
0 31 21 5 2 15 0
,
0 84 36 6 4 23 0
42 0 47 33 40 28 48
54 60 0 22 40 22 55
10 74 20 0 4 30 6
5 70 53 3 0 24 4
39 46 28 15 33 0 38
0 40 39 11 3 15 0