1
5
,
0 (49.0, 37.0) 71.0
1 (3.0, 41.0) 71.0
2 (6.0, 7.0) 37.0
3 (2.0, 4.0) 34.0
4 (26.0, 13.0) 38.0
,
0 31 21 5 2 15 0
31 0 23 26 29 17 31
21 23 0 17 19 18 21
5 26 17 0 2 10 5
2 29 19 2 0 13 2
15 17 18 10 13 0 15
0 31 21 5 2 15 0
,
0 77 22 7 3 15 0
32 0 34 42 80 41 48
30 69 0 39 32 23 33
5 42 18 0 4 24 7
2 57 22 4 0 26 4
42 42 33 20 37 0 31
0 43 32 6 3 22 0