1
5
,
0 (49.0, 37.0) 70.0
1 (3.0, 41.0) 44.0
2 (6.0, 7.0) 41.0
3 (2.0, 4.0) 66.0
4 (26.0, 13.0) 50.0
,
0 31 21 5 2 15 0
31 0 23 26 29 17 31
21 23 0 17 19 18 21
5 26 17 0 2 10 5
2 29 19 2 0 13 2
15 17 18 10 13 0 15
0 31 21 5 2 15 0
,
0 84 41 8 3 37 0
78 0 33 70 49 50 92
56 26 0 28 48 29 38
10 63 31 0 3 17 10
6 50 44 4 0 28 3
21 20 31 28 33 0 39
0 72 38 13 5 28 0