1
5
,
0 (49.0, 37.0) 45.0
1 (3.0, 41.0) 82.0
2 (6.0, 7.0) 83.0
3 (2.0, 4.0) 73.0
4 (26.0, 13.0) 76.0
,
0 31 21 5 2 15 0
31 0 23 26 29 17 31
21 23 0 17 19 18 21
5 26 17 0 2 10 5
2 29 19 2 0 13 2
15 17 18 10 13 0 15
0 31 21 5 2 15 0
,
0 78 36 8 5 20 0
74 0 65 76 74 35 33
25 51 0 24 47 45 51
11 47 20 0 7 17 10
3 41 37 4 0 28 6
28 41 50 17 14 0 19
0 71 24 9 5 16 0