1
5
,
0 (49.0, 37.0) 54.0
1 (3.0, 41.0) 35.0
2 (6.0, 7.0) 57.0
3 (2.0, 4.0) 51.0
4 (26.0, 13.0) 35.0
,
0 31 21 5 2 15 0
31 0 23 26 29 17 31
21 23 0 17 19 18 21
5 26 17 0 2 10 5
2 29 19 2 0 13 2
15 17 18 10 13 0 15
0 31 21 5 2 15 0
,
0 83 41 10 4 21 0
75 0 61 36 74 32 40
54 24 0 18 40 51 61
11 36 28 0 3 15 11
5 40 51 6 0 37 3
28 26 31 16 34 0 21
0 36 53 11 5 21 0