1
5
,
0 (49.0, 37.0) 86.0
1 (3.0, 41.0) 52.0
2 (6.0, 7.0) 34.0
3 (2.0, 4.0) 52.0
4 (26.0, 13.0) 39.0
,
0 31 21 5 2 15 0
31 0 23 26 29 17 31
21 23 0 17 19 18 21
5 26 17 0 2 10 5
2 29 19 2 0 13 2
15 17 18 10 13 0 15
0 31 21 5 2 15 0
,
0 92 23 6 5 32 0
87 0 43 65 75 38 70
57 37 0 45 19 54 24
12 73 49 0 3 25 10
5 29 25 5 0 27 5
20 40 20 30 18 0 17
0 34 46 12 4 29 0