1
5
,
0 (49.0, 37.0) 57.0
1 (3.0, 41.0) 52.0
2 (6.0, 7.0) 75.0
3 (2.0, 4.0) 32.0
4 (26.0, 13.0) 60.0
,
0 31 21 5 2 15 0
31 0 23 26 29 17 31
21 23 0 17 19 18 21
5 26 17 0 2 10 5
2 29 19 2 0 13 2
15 17 18 10 13 0 15
0 31 21 5 2 15 0
,
0 83 25 10 2 36 0
67 0 63 28 86 39 84
45 66 0 47 35 51 56
8 61 39 0 6 25 13
7 52 48 7 0 22 5
36 43 38 28 19 0 40
0 71 29 7 2 21 0