1
5
,
0 (49.0, 37.0) 63.0
1 (3.0, 41.0) 55.0
2 (6.0, 7.0) 36.0
3 (2.0, 4.0) 47.0
4 (26.0, 13.0) 79.0
,
0 31 21 5 2 15 0
31 0 23 26 29 17 31
21 23 0 17 19 18 21
5 26 17 0 2 10 5
2 29 19 2 0 13 2
15 17 18 10 13 0 15
0 31 21 5 2 15 0
,
0 52 45 13 6 39 0
66 0 59 57 32 41 59
28 40 0 50 44 42 42
5 49 51 0 6 16 8
4 68 53 6 0 32 6
27 22 30 11 27 0 26
0 33 49 8 2 40 0