1
5
,
0 (49.0, 37.0) 84.0
1 (3.0, 41.0) 67.0
2 (6.0, 7.0) 41.0
3 (2.0, 4.0) 35.0
4 (26.0, 13.0) 68.0
,
0 31 21 5 2 15 0
31 0 23 26 29 17 31
21 23 0 17 19 18 21
5 26 17 0 2 10 5
2 29 19 2 0 13 2
15 17 18 10 13 0 15
0 31 21 5 2 15 0
,
0 92 54 11 6 41 0
35 0 24 63 51 22 46
50 40 0 44 34 46 25
11 49 29 0 3 25 7
5 84 47 6 0 22 3
19 18 47 21 25 0 23
0 47 59 12 4 34 0