1
5
,
0 (49.0, 37.0) 57.0
1 (3.0, 41.0) 30.0
2 (6.0, 7.0) 35.0
3 (2.0, 4.0) 47.0
4 (26.0, 13.0) 87.0
,
0 31 21 5 2 15 0
31 0 23 26 29 17 31
21 23 0 17 19 18 21
5 26 17 0 2 10 5
2 29 19 2 0 13 2
15 17 18 10 13 0 15
0 31 21 5 2 15 0
,
0 48 48 11 6 27 0
82 0 30 34 45 22 91
29 34 0 39 34 21 50
11 47 33 0 5 26 9
4 41 26 6 0 23 5
23 41 42 17 25 0 16
0 51 53 12 3 16 0