1
5
,
0 (49.0, 37.0) 61.0
1 (3.0, 41.0) 75.0
2 (6.0, 7.0) 46.0
3 (2.0, 4.0) 65.0
4 (26.0, 13.0) 84.0
,
0 31 21 5 2 15 0
31 0 23 26 29 17 31
21 23 0 17 19 18 21
5 26 17 0 2 10 5
2 29 19 2 0 13 2
15 17 18 10 13 0 15
0 31 21 5 2 15 0
,
0 77 53 6 6 35 0
92 0 42 70 64 30 91
61 39 0 37 42 44 22
13 73 21 0 7 30 5
2 44 52 5 0 35 6
22 26 34 16 28 0 15
0 57 61 7 6 36 0