1
5
,
0 (49.0, 37.0) 37.0
1 (3.0, 41.0) 48.0
2 (6.0, 7.0) 42.0
3 (2.0, 4.0) 74.0
4 (26.0, 13.0) 63.0
,
0 31 21 5 2 15 0
31 0 23 26 29 17 31
21 23 0 17 19 18 21
5 26 17 0 2 10 5
2 29 19 2 0 13 2
15 17 18 10 13 0 15
0 31 21 5 2 15 0
,
0 56 56 5 5 32 0
60 0 39 58 31 18 42
36 38 0 49 22 44 42
12 47 21 0 4 27 13
5 62 39 3 0 26 3
33 39 43 12 25 0 20
0 59 32 9 5 42 0