1
5
,
0 (49.0, 37.0) 50.0
1 (3.0, 41.0) 47.0
2 (6.0, 7.0) 74.0
3 (2.0, 4.0) 65.0
4 (26.0, 13.0) 33.0
,
0 31 21 5 2 15 0
31 0 23 26 29 17 31
21 23 0 17 19 18 21
5 26 17 0 2 10 5
2 29 19 2 0 13 2
15 17 18 10 13 0 15
0 31 21 5 2 15 0
,
0 73 36 8 2 41 0
34 0 51 72 80 48 54
30 31 0 44 55 40 46
12 68 38 0 6 29 9
6 78 46 3 0 23 2
26 27 26 22 31 0 30
0 43 60 5 5 41 0