1
5
,
0 (49.0, 37.0) 66.0
1 (3.0, 41.0) 52.0
2 (6.0, 7.0) 33.0
3 (2.0, 4.0) 81.0
4 (26.0, 13.0) 42.0
,
0 31 21 5 2 15 0
31 0 23 26 29 17 31
21 23 0 17 19 18 21
5 26 17 0 2 10 5
2 29 19 2 0 13 2
15 17 18 10 13 0 15
0 31 21 5 2 15 0
,
0 43 47 14 3 33 0
41 0 28 45 48 46 35
49 30 0 46 39 37 32
5 70 46 0 4 12 5
4 49 35 7 0 35 4
35 43 45 15 15 0 28
0 39 31 9 5 23 0