1
5
,
0 (49.0, 37.0) 38.0
1 (3.0, 41.0) 86.0
2 (6.0, 7.0) 59.0
3 (2.0, 4.0) 50.0
4 (26.0, 13.0) 31.0
,
0 31 21 5 2 15 0
31 0 23 26 29 17 31
21 23 0 17 19 18 21
5 26 17 0 2 10 5
2 29 19 2 0 13 2
15 17 18 10 13 0 15
0 31 21 5 2 15 0
,
0 89 41 9 4 22 0
55 0 33 56 59 19 62
34 49 0 50 38 35 41
6 64 22 0 3 31 13
6 36 50 5 0 18 5
34 22 40 30 32 0 23
0 61 47 11 3 31 0