1
5
,
0 (49.0, 37.0) 32.0
1 (3.0, 41.0) 30.0
2 (6.0, 7.0) 43.0
3 (2.0, 4.0) 37.0
4 (26.0, 13.0) 66.0
,
0 31 21 5 2 15 0
31 0 23 26 29 17 31
21 23 0 17 19 18 21
5 26 17 0 2 10 5
2 29 19 2 0 13 2
15 17 18 10 13 0 15
0 31 21 5 2 15 0
,
0 87 45 10 6 21 0
85 0 48 72 38 18 89
27 60 0 21 22 33 51
5 43 20 0 4 28 10
5 77 44 4 0 25 4
38 30 22 30 30 0 20
0 32 26 7 3 36 0