1
5
,
0 (49.0, 37.0) 32.0
1 (3.0, 41.0) 56.0
2 (6.0, 7.0) 51.0
3 (2.0, 4.0) 50.0
4 (26.0, 13.0) 31.0
,
0 31 21 5 2 15 0
31 0 23 26 29 17 31
21 23 0 17 19 18 21
5 26 17 0 2 10 5
2 29 19 2 0 13 2
15 17 18 10 13 0 15
0 31 21 5 2 15 0
,
0 32 43 10 4 15 0
84 0 69 42 53 35 90
55 52 0 24 39 24 56
10 32 25 0 4 30 8
3 42 50 5 0 30 4
21 22 38 14 22 0 22
0 74 21 6 6 25 0