1
5
,
0 (49.0, 37.0) 83.0
1 (3.0, 41.0) 53.0
2 (6.0, 7.0) 61.0
3 (2.0, 4.0) 38.0
4 (26.0, 13.0) 68.0
,
0 31 21 5 2 15 0
31 0 23 26 29 17 31
21 23 0 17 19 18 21
5 26 17 0 2 10 5
2 29 19 2 0 13 2
15 17 18 10 13 0 15
0 31 21 5 2 15 0
,
0 49 56 6 5 22 0
58 0 58 60 71 18 50
32 31 0 26 30 49 30
6 45 20 0 7 11 11
4 81 49 3 0 15 3
43 22 33 19 18 0 32
0 44 38 14 6 21 0