1
5
,
0 (49.0, 37.0) 39.0
1 (3.0, 41.0) 82.0
2 (6.0, 7.0) 50.0
3 (2.0, 4.0) 42.0
4 (26.0, 13.0) 42.0
,
0 31 21 5 2 15 0
31 0 23 26 29 17 31
21 23 0 17 19 18 21
5 26 17 0 2 10 5
2 29 19 2 0 13 2
15 17 18 10 13 0 15
0 31 21 5 2 15 0
,
0 32 29 13 3 31 0
47 0 43 27 45 40 88
21 66 0 37 50 49 45
12 40 41 0 4 12 5
6 56 54 4 0 28 2
40 25 49 17 31 0 21
0 72 37 14 6 41 0