1
5
,
0 (49.0, 37.0) 57.0
1 (3.0, 41.0) 77.0
2 (6.0, 7.0) 30.0
3 (2.0, 4.0) 41.0
4 (26.0, 13.0) 54.0
,
0 31 21 5 2 15 0
31 0 23 26 29 17 31
21 23 0 17 19 18 21
5 26 17 0 2 10 5
2 29 19 2 0 13 2
15 17 18 10 13 0 15
0 31 21 5 2 15 0
,
0 56 52 11 3 32 0
52 0 29 67 47 29 44
54 59 0 41 52 51 38
13 44 45 0 5 24 9
6 56 37 7 0 36 5
33 39 20 27 19 0 31
0 68 42 13 6 15 0