1
5
,
0 (49.0, 37.0) 35.0
1 (3.0, 41.0) 55.0
2 (6.0, 7.0) 61.0
3 (2.0, 4.0) 36.0
4 (26.0, 13.0) 35.0
,
0 31 21 5 2 15 0
31 0 23 26 29 17 31
21 23 0 17 19 18 21
5 26 17 0 2 10 5
2 29 19 2 0 13 2
15 17 18 10 13 0 15
0 31 21 5 2 15 0
,
0 63 25 13 2 16 0
45 0 61 31 57 27 45
56 52 0 47 42 36 33
13 75 46 0 6 22 9
4 71 20 4 0 35 5
19 38 27 23 29 0 38
0 79 54 12 6 23 0