1
5
,
0 (49.0, 37.0) 63.0
1 (3.0, 41.0) 34.0
2 (6.0, 7.0) 53.0
3 (2.0, 4.0) 30.0
4 (26.0, 13.0) 39.0
,
0 31 21 5 2 15 0
31 0 23 26 29 17 31
21 23 0 17 19 18 21
5 26 17 0 2 10 5
2 29 19 2 0 13 2
15 17 18 10 13 0 15
0 31 21 5 2 15 0
,
0 31 36 12 5 33 0
76 0 32 42 37 19 89
41 54 0 32 35 40 23
5 49 46 0 3 17 6
4 64 28 3 0 37 5
26 37 40 13 24 0 27
0 44 55 12 7 17 0