1
5
,
0 (49.0, 37.0) 69.0
1 (3.0, 41.0) 79.0
2 (6.0, 7.0) 56.0
3 (2.0, 4.0) 39.0
4 (26.0, 13.0) 81.0
,
0 31 21 5 2 15 0
31 0 23 26 29 17 31
21 23 0 17 19 18 21
5 26 17 0 2 10 5
2 29 19 2 0 13 2
15 17 18 10 13 0 15
0 31 21 5 2 15 0
,
0 62 46 10 4 27 0
31 0 30 60 74 30 46
31 65 0 28 52 27 39
5 33 45 0 6 19 12
5 83 51 4 0 36 5
31 31 40 18 23 0 18
0 44 39 11 6 37 0