1
5
,
0 (49.0, 37.0) 46.0
1 (3.0, 41.0) 71.0
2 (6.0, 7.0) 43.0
3 (2.0, 4.0) 57.0
4 (26.0, 13.0) 39.0
,
0 31 21 5 2 15 0
31 0 23 26 29 17 31
21 23 0 17 19 18 21
5 26 17 0 2 10 5
2 29 19 2 0 13 2
15 17 18 10 13 0 15
0 31 21 5 2 15 0
,
0 68 56 9 3 40 0
81 0 27 51 68 30 91
40 36 0 28 47 30 53
11 68 40 0 5 23 12
5 45 29 3 0 38 3
44 31 26 18 16 0 17
0 42 40 6 2 31 0