1
5
,
0 (49.0, 37.0) 39.0
1 (3.0, 41.0) 62.0
2 (6.0, 7.0) 86.0
3 (2.0, 4.0) 87.0
4 (26.0, 13.0) 32.0
,
0 31 21 5 2 15 0
31 0 23 26 29 17 31
21 23 0 17 19 18 21
5 26 17 0 2 10 5
2 29 19 2 0 13 2
15 17 18 10 13 0 15
0 31 21 5 2 15 0
,
0 40 50 7 4 37 0
77 0 48 30 66 42 87
46 60 0 36 45 29 43
6 72 43 0 5 28 6
4 79 44 6 0 29 2
42 31 49 19 32 0 21
0 80 47 12 4 29 0