1
5
,
0 (49.0, 37.0) 82.0
1 (3.0, 41.0) 31.0
2 (6.0, 7.0) 35.0
3 (2.0, 4.0) 60.0
4 (26.0, 13.0) 44.0
,
0 31 21 5 2 15 0
31 0 23 26 29 17 31
21 23 0 17 19 18 21
5 26 17 0 2 10 5
2 29 19 2 0 13 2
15 17 18 10 13 0 15
0 31 21 5 2 15 0
,
0 58 38 8 4 29 0
40 0 36 37 76 22 77
33 64 0 37 21 43 62
7 30 45 0 5 10 13
3 69 21 6 0 38 3
18 26 50 18 37 0 40
0 51 30 13 4 16 0