1
5
,
0 (49.0, 37.0) 30.0
1 (3.0, 41.0) 83.0
2 (6.0, 7.0) 57.0
3 (2.0, 4.0) 50.0
4 (26.0, 13.0) 71.0
,
0 31 21 5 2 15 0
31 0 23 26 29 17 31
21 23 0 17 19 18 21
5 26 17 0 2 10 5
2 29 19 2 0 13 2
15 17 18 10 13 0 15
0 31 21 5 2 15 0
,
0 32 57 7 6 25 0
80 0 23 46 29 19 68
24 56 0 46 43 51 38
6 38 22 0 7 18 12
4 57 31 7 0 14 3
21 33 29 15 19 0 24
0 32 60 12 3 24 0