1
5
,
0 (49.0, 37.0) 58.0
1 (3.0, 41.0) 58.0
2 (6.0, 7.0) 40.0
3 (2.0, 4.0) 34.0
4 (26.0, 13.0) 32.0
,
0 31 21 5 2 15 0
31 0 23 26 29 17 31
21 23 0 17 19 18 21
5 26 17 0 2 10 5
2 29 19 2 0 13 2
15 17 18 10 13 0 15
0 31 21 5 2 15 0
,
0 62 43 6 3 29 0
46 0 64 77 46 24 46
36 60 0 39 36 40 39
13 69 32 0 7 29 11
3 71 22 6 0 31 6
25 32 28 22 30 0 31
0 39 46 14 3 40 0