1
5
,
0 (49.0, 37.0) 60.0
1 (3.0, 41.0) 41.0
2 (6.0, 7.0) 65.0
3 (2.0, 4.0) 39.0
4 (26.0, 13.0) 31.0
,
0 31 21 5 2 15 0
31 0 23 26 29 17 31
21 23 0 17 19 18 21
5 26 17 0 2 10 5
2 29 19 2 0 13 2
15 17 18 10 13 0 15
0 31 21 5 2 15 0
,
0 34 45 12 4 41 0
38 0 63 50 71 29 48
41 59 0 45 28 33 46
10 36 38 0 4 12 11
3 69 38 3 0 26 5
27 47 46 17 25 0 30
0 74 37 11 6 18 0