1
5
,
0 (49.0, 37.0) 59.0
1 (3.0, 41.0) 54.0
2 (6.0, 7.0) 55.0
3 (2.0, 4.0) 41.0
4 (26.0, 13.0) 64.0
,
0 31 21 5 2 15 0
31 0 23 26 29 17 31
21 23 0 17 19 18 21
5 26 17 0 2 10 5
2 29 19 2 0 13 2
15 17 18 10 13 0 15
0 31 21 5 2 15 0
,
0 79 25 12 5 16 0
67 0 48 27 79 30 34
24 45 0 35 52 34 33
13 59 21 0 4 18 7
6 40 50 6 0 35 5
43 42 37 17 23 0 38
0 46 23 8 3 24 0