1
5
,
0 (49.0, 37.0) 83.0
1 (3.0, 41.0) 73.0
2 (6.0, 7.0) 74.0
3 (2.0, 4.0) 57.0
4 (26.0, 13.0) 31.0
,
0 31 21 5 2 15 0
31 0 23 26 29 17 31
21 23 0 17 19 18 21
5 26 17 0 2 10 5
2 29 19 2 0 13 2
15 17 18 10 13 0 15
0 31 21 5 2 15 0
,
0 57 48 11 6 39 0
53 0 61 51 77 23 79
61 53 0 51 45 18 41
7 51 43 0 3 19 14
7 45 24 3 0 36 3
17 39 20 29 23 0 40
0 89 37 7 4 32 0