1
5
,
0 (49.0, 37.0) 48.0
1 (3.0, 41.0) 70.0
2 (6.0, 7.0) 42.0
3 (2.0, 4.0) 35.0
4 (26.0, 13.0) 71.0
,
0 31 21 5 2 15 0
31 0 23 26 29 17 31
21 23 0 17 19 18 21
5 26 17 0 2 10 5
2 29 19 2 0 13 2
15 17 18 10 13 0 15
0 31 21 5 2 15 0
,
0 73 58 7 5 25 0
59 0 24 33 58 39 58
51 61 0 40 22 40 45
14 43 19 0 4 31 10
3 50 25 7 0 23 3
43 28 35 29 15 0 40
0 64 42 9 3 19 0