1
5
,
0 (49.0, 37.0) 37.0
1 (3.0, 41.0) 67.0
2 (6.0, 7.0) 42.0
3 (2.0, 4.0) 72.0
4 (26.0, 13.0) 68.0
,
0 31 21 5 2 15 0
31 0 23 26 29 17 31
21 23 0 17 19 18 21
5 26 17 0 2 10 5
2 29 19 2 0 13 2
15 17 18 10 13 0 15
0 31 21 5 2 15 0
,
0 87 32 10 3 23 0
73 0 26 73 79 27 39
46 37 0 39 27 50 38
8 36 45 0 7 18 8
4 33 36 4 0 20 3
30 44 51 25 30 0 41
0 56 21 6 3 42 0