1
5
,
0 (49.0, 37.0) 63.0
1 (3.0, 41.0) 85.0
2 (6.0, 7.0) 62.0
3 (2.0, 4.0) 46.0
4 (26.0, 13.0) 32.0
,
0 31 21 5 2 15 0
31 0 23 26 29 17 31
21 23 0 17 19 18 21
5 26 17 0 2 10 5
2 29 19 2 0 13 2
15 17 18 10 13 0 15
0 31 21 5 2 15 0
,
0 41 32 13 6 15 0
85 0 27 58 58 18 68
29 54 0 32 52 50 35
10 78 29 0 6 24 10
3 55 47 4 0 38 4
33 25 48 14 37 0 24
0 72 52 10 3 43 0