1
5
,
0 (49.0, 37.0) 34.0
1 (3.0, 41.0) 47.0
2 (6.0, 7.0) 36.0
3 (2.0, 4.0) 34.0
4 (26.0, 13.0) 37.0
,
0 31 21 5 2 15 0
31 0 23 26 29 17 31
21 23 0 17 19 18 21
5 26 17 0 2 10 5
2 29 19 2 0 13 2
15 17 18 10 13 0 15
0 31 21 5 2 15 0
,
0 90 26 7 5 43 0
63 0 28 64 74 17 48
46 33 0 36 28 42 41
12 61 36 0 5 30 7
6 82 53 3 0 35 5
39 28 50 28 27 0 23
0 66 49 9 4 23 0