1
5
,
0 (49.0, 37.0) 47.0
1 (3.0, 41.0) 35.0
2 (6.0, 7.0) 69.0
3 (2.0, 4.0) 34.0
4 (26.0, 13.0) 54.0
,
0 31 21 5 2 15 0
31 0 23 26 29 17 31
21 23 0 17 19 18 21
5 26 17 0 2 10 5
2 29 19 2 0 13 2
15 17 18 10 13 0 15
0 31 21 5 2 15 0
,
0 51 49 7 4 37 0
34 0 33 27 53 36 74
24 32 0 35 43 23 61
9 42 31 0 6 19 8
3 83 31 6 0 38 4
21 22 30 12 35 0 15
0 88 36 6 6 21 0