1
5
,
0 (49.0, 37.0) 73.0
1 (3.0, 41.0) 59.0
2 (6.0, 7.0) 41.0
3 (2.0, 4.0) 36.0
4 (26.0, 13.0) 80.0
,
0 31 21 5 2 15 0
31 0 23 26 29 17 31
21 23 0 17 19 18 21
5 26 17 0 2 10 5
2 29 19 2 0 13 2
15 17 18 10 13 0 15
0 31 21 5 2 15 0
,
0 92 32 13 2 18 0
89 0 65 64 34 22 49
29 32 0 29 19 34 43
10 58 40 0 7 11 10
5 61 35 7 0 18 3
31 33 51 24 23 0 30
0 43 28 6 6 29 0