1
5
,
0 (49.0, 37.0) 32.0
1 (3.0, 41.0) 82.0
2 (6.0, 7.0) 54.0
3 (2.0, 4.0) 39.0
4 (26.0, 13.0) 84.0
,
0 31 21 5 2 15 0
31 0 23 26 29 17 31
21 23 0 17 19 18 21
5 26 17 0 2 10 5
2 29 19 2 0 13 2
15 17 18 10 13 0 15
0 31 21 5 2 15 0
,
0 61 59 12 5 26 0
84 0 36 57 31 29 69
23 37 0 41 23 36 49
9 34 41 0 4 23 12
4 30 45 6 0 32 3
35 36 52 21 19 0 29
0 42 32 9 4 35 0