1
5
,
0 (49.0, 37.0) 47.0
1 (3.0, 41.0) 61.0
2 (6.0, 7.0) 56.0
3 (2.0, 4.0) 44.0
4 (26.0, 13.0) 62.0
,
0 31 21 5 2 15 0
31 0 23 26 29 17 31
21 23 0 17 19 18 21
5 26 17 0 2 10 5
2 29 19 2 0 13 2
15 17 18 10 13 0 15
0 31 21 5 2 15 0
,
0 36 41 8 6 31 0
62 0 47 42 57 49 91
21 55 0 30 31 47 56
9 75 46 0 4 14 7
6 40 37 7 0 15 2
39 48 35 12 34 0 34
0 52 30 11 4 39 0