1
5
,
0 (49.0, 37.0) 55.0
1 (3.0, 41.0) 72.0
2 (6.0, 7.0) 59.0
3 (2.0, 4.0) 84.0
4 (26.0, 13.0) 38.0
,
0 31 21 5 2 15 0
31 0 23 26 29 17 31
21 23 0 17 19 18 21
5 26 17 0 2 10 5
2 29 19 2 0 13 2
15 17 18 10 13 0 15
0 31 21 5 2 15 0
,
0 45 37 6 4 21 0
80 0 52 26 65 21 33
27 27 0 45 24 34 58
10 34 36 0 5 20 8
3 61 21 5 0 29 6
16 47 30 28 38 0 16
0 41 28 8 6 32 0