1
5
,
0 (49.0, 37.0) 76.0
1 (3.0, 41.0) 44.0
2 (6.0, 7.0) 48.0
3 (2.0, 4.0) 36.0
4 (26.0, 13.0) 52.0
,
0 31 21 5 2 15 0
31 0 23 26 29 17 31
21 23 0 17 19 18 21
5 26 17 0 2 10 5
2 29 19 2 0 13 2
15 17 18 10 13 0 15
0 31 21 5 2 15 0
,
0 51 52 10 5 21 0
87 0 36 27 73 28 66
47 35 0 35 19 25 38
7 52 22 0 5 26 5
5 38 40 6 0 30 3
42 23 42 19 33 0 20
0 86 24 6 2 27 0