1
5
,
0 (49.0, 37.0) 74.0
1 (3.0, 41.0) 52.0
2 (6.0, 7.0) 52.0
3 (2.0, 4.0) 41.0
4 (26.0, 13.0) 61.0
,
0 31 21 5 2 15 0
31 0 23 26 29 17 31
21 23 0 17 19 18 21
5 26 17 0 2 10 5
2 29 19 2 0 13 2
15 17 18 10 13 0 15
0 31 21 5 2 15 0
,
0 46 41 11 3 37 0
45 0 45 74 77 50 51
34 38 0 40 48 43 33
6 74 46 0 6 15 12
4 77 47 6 0 32 6
25 26 21 13 23 0 26
0 43 30 5 3 34 0