1
5
,
0 (49.0, 37.0) 40.0
1 (3.0, 41.0) 88.0
2 (6.0, 7.0) 42.0
3 (2.0, 4.0) 70.0
4 (26.0, 13.0) 56.0
,
0 31 21 5 2 15 0
31 0 23 26 29 17 31
21 23 0 17 19 18 21
5 26 17 0 2 10 5
2 29 19 2 0 13 2
15 17 18 10 13 0 15
0 31 21 5 2 15 0
,
0 43 28 5 5 40 0
90 0 39 27 77 36 38
38 30 0 39 47 26 31
14 56 30 0 7 11 10
4 38 49 5 0 26 5
36 40 33 14 29 0 23
0 67 21 11 6 17 0