1
5
,
0 (49.0, 37.0) 31.0
1 (3.0, 41.0) 61.0
2 (6.0, 7.0) 67.0
3 (2.0, 4.0) 38.0
4 (26.0, 13.0) 54.0
,
0 31 21 5 2 15 0
31 0 23 26 29 17 31
21 23 0 17 19 18 21
5 26 17 0 2 10 5
2 29 19 2 0 13 2
15 17 18 10 13 0 15
0 31 21 5 2 15 0
,
0 33 50 13 4 19 0
52 0 46 41 30 26 60
48 28 0 32 32 54 55
9 50 35 0 6 18 7
5 54 21 3 0 38 3
32 24 48 20 32 0 43
0 54 50 5 6 22 0