1
5
,
0 (49.0, 37.0) 39.0
1 (3.0, 41.0) 88.0
2 (6.0, 7.0) 47.0
3 (2.0, 4.0) 36.0
4 (26.0, 13.0) 60.0
,
0 31 21 5 2 15 0
31 0 23 26 29 17 31
21 23 0 17 19 18 21
5 26 17 0 2 10 5
2 29 19 2 0 13 2
15 17 18 10 13 0 15
0 31 21 5 2 15 0
,
0 70 39 7 4 17 0
43 0 62 34 35 26 38
46 51 0 32 25 38 57
12 69 24 0 7 26 7
6 53 37 3 0 34 6
34 38 46 21 36 0 21
0 79 28 6 3 19 0