1
5
,
0 (49.0, 37.0) 33.0
1 (3.0, 41.0) 84.0
2 (6.0, 7.0) 63.0
3 (2.0, 4.0) 49.0
4 (26.0, 13.0) 68.0
,
0 31 21 5 2 15 0
31 0 23 26 29 17 31
21 23 0 17 19 18 21
5 26 17 0 2 10 5
2 29 19 2 0 13 2
15 17 18 10 13 0 15
0 31 21 5 2 15 0
,
0 80 49 11 7 39 0
67 0 36 44 74 48 45
30 46 0 26 47 24 26
11 65 28 0 3 15 6
5 30 31 5 0 25 3
37 34 51 11 34 0 16
0 56 24 8 6 17 0