1
5
,
0 (49.0, 37.0) 87.0
1 (3.0, 41.0) 34.0
2 (6.0, 7.0) 38.0
3 (2.0, 4.0) 45.0
4 (26.0, 13.0) 59.0
,
0 31 21 5 2 15 0
31 0 23 26 29 17 31
21 23 0 17 19 18 21
5 26 17 0 2 10 5
2 29 19 2 0 13 2
15 17 18 10 13 0 15
0 31 21 5 2 15 0
,
0 58 46 6 4 40 0
76 0 63 33 74 49 82
60 54 0 18 32 20 24
5 49 31 0 3 17 5
4 30 41 4 0 17 4
24 26 47 25 30 0 25
0 62 47 7 4 24 0