1
5
,
0 (49.0, 37.0) 57.0
1 (3.0, 41.0) 32.0
2 (6.0, 7.0) 66.0
3 (2.0, 4.0) 85.0
4 (26.0, 13.0) 78.0
,
0 31 21 5 2 15 0
31 0 23 26 29 17 31
21 23 0 17 19 18 21
5 26 17 0 2 10 5
2 29 19 2 0 13 2
15 17 18 10 13 0 15
0 31 21 5 2 15 0
,
0 34 55 5 5 28 0
73 0 64 57 39 21 67
25 46 0 36 48 22 36
5 50 33 0 7 22 8
6 41 27 4 0 17 2
41 41 30 31 17 0 30
0 85 55 6 6 18 0