1
5
,
0 (49.0, 37.0) 43.0
1 (3.0, 41.0) 76.0
2 (6.0, 7.0) 48.0
3 (2.0, 4.0) 53.0
4 (26.0, 13.0) 67.0
,
0 31 21 5 2 15 0
31 0 23 26 29 17 31
21 23 0 17 19 18 21
5 26 17 0 2 10 5
2 29 19 2 0 13 2
15 17 18 10 13 0 15
0 31 21 5 2 15 0
,
0 70 24 8 6 30 0
50 0 62 54 59 34 33
27 57 0 37 40 42 31
8 52 19 0 7 14 12
6 60 28 5 0 25 7
33 27 50 21 19 0 28
0 90 57 7 6 24 0