1
5
,
0 (49.0, 37.0) 80.0
1 (3.0, 41.0) 43.0
2 (6.0, 7.0) 57.0
3 (2.0, 4.0) 68.0
4 (26.0, 13.0) 32.0
,
0 31 21 5 2 15 0
31 0 23 26 29 17 31
21 23 0 17 19 18 21
5 26 17 0 2 10 5
2 29 19 2 0 13 2
15 17 18 10 13 0 15
0 31 21 5 2 15 0
,
0 54 45 12 5 43 0
61 0 54 75 58 29 82
60 28 0 21 48 31 30
5 49 25 0 7 18 11
5 58 51 4 0 34 3
28 44 19 20 30 0 18
0 52 39 10 6 40 0