1
5
,
0 (49.0, 37.0) 80.0
1 (3.0, 41.0) 36.0
2 (6.0, 7.0) 31.0
3 (2.0, 4.0) 32.0
4 (26.0, 13.0) 74.0
,
0 31 21 5 2 15 0
31 0 23 26 29 17 31
21 23 0 17 19 18 21
5 26 17 0 2 10 5
2 29 19 2 0 13 2
15 17 18 10 13 0 15
0 31 21 5 2 15 0
,
0 75 47 11 4 24 0
88 0 37 33 55 35 53
36 41 0 32 52 49 57
13 70 42 0 6 21 9
6 36 50 3 0 25 3
24 35 43 12 34 0 29
0 84 29 9 6 19 0