1
5
,
0 (49.0, 37.0) 46.0
1 (3.0, 41.0) 32.0
2 (6.0, 7.0) 86.0
3 (2.0, 4.0) 39.0
4 (26.0, 13.0) 73.0
,
0 31 21 5 2 15 0
31 0 23 26 29 17 31
21 23 0 17 19 18 21
5 26 17 0 2 10 5
2 29 19 2 0 13 2
15 17 18 10 13 0 15
0 31 21 5 2 15 0
,
0 90 41 13 2 25 0
83 0 52 68 35 44 50
53 66 0 30 33 21 48
11 44 25 0 6 18 11
4 37 28 3 0 31 6
37 40 53 12 20 0 29
0 37 51 7 6 25 0