1
5
,
0 (49.0, 37.0) 77.0
1 (3.0, 41.0) 74.0
2 (6.0, 7.0) 42.0
3 (2.0, 4.0) 39.0
4 (26.0, 13.0) 31.0
,
0 31 21 5 2 15 0
31 0 23 26 29 17 31
21 23 0 17 19 18 21
5 26 17 0 2 10 5
2 29 19 2 0 13 2
15 17 18 10 13 0 15
0 31 21 5 2 15 0
,
0 72 21 7 3 40 0
37 0 25 49 73 48 33
36 39 0 43 27 25 42
11 68 33 0 7 14 11
3 61 25 4 0 38 6
20 18 29 23 33 0 24
0 54 44 13 4 30 0