1
5
,
0 (49.0, 37.0) 42.0
1 (3.0, 41.0) 66.0
2 (6.0, 7.0) 80.0
3 (2.0, 4.0) 85.0
4 (26.0, 13.0) 90.0
,
0 31 21 5 2 15 0
31 0 23 26 29 17 31
21 23 0 17 19 18 21
5 26 17 0 2 10 5
2 29 19 2 0 13 2
15 17 18 10 13 0 15
0 31 21 5 2 15 0
,
0 60 27 11 4 20 0
65 0 45 52 48 44 78
40 39 0 44 25 42 55
9 45 47 0 4 12 7
6 64 43 3 0 17 6
35 49 35 23 15 0 34
0 64 56 11 6 17 0