1
5
,
0 (49.0, 37.0) 54.0
1 (3.0, 41.0) 32.0
2 (6.0, 7.0) 43.0
3 (2.0, 4.0) 40.0
4 (26.0, 13.0) 80.0
,
0 31 21 5 2 15 0
31 0 23 26 29 17 31
21 23 0 17 19 18 21
5 26 17 0 2 10 5
2 29 19 2 0 13 2
15 17 18 10 13 0 15
0 31 21 5 2 15 0
,
0 72 48 12 5 20 0
58 0 52 52 83 33 75
45 65 0 38 26 54 33
6 49 33 0 5 12 5
7 59 26 7 0 36 6
26 24 23 29 22 0 39
0 31 35 5 7 22 0