1
5
,
0 (49.0, 37.0) 67.0
1 (3.0, 41.0) 85.0
2 (6.0, 7.0) 64.0
3 (2.0, 4.0) 61.0
4 (26.0, 13.0) 51.0
,
0 31 21 5 2 15 0
31 0 23 26 29 17 31
21 23 0 17 19 18 21
5 26 17 0 2 10 5
2 29 19 2 0 13 2
15 17 18 10 13 0 15
0 31 21 5 2 15 0
,
0 34 22 9 6 29 0
65 0 57 68 40 24 45
40 24 0 51 42 54 42
14 46 29 0 5 18 13
5 73 53 3 0 20 6
40 21 52 24 33 0 40
0 46 40 13 6 34 0