2
10
,
0 (33.0, 40.0) 47.0
1 (44.0, 7.0) 55.0
2 (43.0, 19.0) 83.0
3 (6.0, 49.0) 54.0
4 (27.0, 17.0) 35.0
5 (44.0, 27.0) 56.0
6 (37.0, 49.0) 88.0
7 (19.0, 12.0) 59.0
8 (6.0, 22.0) 37.0
9 (26.0, 1.0) 50.0
,
0 26 22 24 25 16 26 31 11 11 13 0
26 0 17 12 14 12 9 5 16 16 20 26
22 17 0 6 28 10 10 21 13 20 9 22
24 12 6 0 24 8 4 15 12 19 12 24
25 14 28 24 0 19 22 16 20 14 26 25
16 12 10 8 19 0 10 17 5 11 8 16
26 9 10 4 22 10 0 12 15 19 16 26
31 5 21 15 16 17 12 0 21 21 25 31
11 16 13 12 20 5 15 21 0 8 7 11
11 16 20 19 14 11 19 21 8 0 14 11
13 20 9 12 26 8 16 25 7 14 0 13
0 26 22 24 25 16 26 31 11 11 13 0
,
0 38 39 25 62 45 63 39 21 24 38 0
48 0 45 13 26 27 18 10 18 34 55 35
64 30 0 9 70 25 28 59 37 59 12 41
28 25 16 0 55 13 10 42 30 41 18 24
50 36 57 43 0 57 48 27 55 33 53 69
22 33 16 10 41 0 26 27 8 32 20 18
66 23 21 9 52 11 0 28 28 46 27 70
57 9 40 39 40 33 34 0 49 25 37 49
18 21 29 23 47 5 25 50 0 18 17 32
33 19 31 24 38 31 35 44 24 0 20 12
31 29 27 26 67 13 37 32 12 35 0 18
0 49 39 52 40 30 66 65 22 21 32 0