2
10
,
0 (33.0, 40.0) 39.0
1 (44.0, 7.0) 64.0
2 (43.0, 19.0) 43.0
3 (6.0, 49.0) 74.0
4 (27.0, 17.0) 57.0
5 (44.0, 27.0) 77.0
6 (37.0, 49.0) 87.0
7 (19.0, 12.0) 30.0
8 (6.0, 22.0) 88.0
9 (26.0, 1.0) 83.0
,
0 26 22 24 25 16 26 31 11 11 13 0
26 0 17 12 14 12 9 5 16 16 20 26
22 17 0 6 28 10 10 21 13 20 9 22
24 12 6 0 24 8 4 15 12 19 12 24
25 14 28 24 0 19 22 16 20 14 26 25
16 12 10 8 19 0 10 17 5 11 8 16
26 9 10 4 22 10 0 12 15 19 16 26
31 5 21 15 16 17 12 0 21 21 25 31
11 16 13 12 20 5 15 21 0 8 7 11
11 16 20 19 14 11 19 21 8 0 14 11
13 20 9 12 26 8 16 25 7 14 0 13
0 26 22 24 25 16 26 31 11 11 13 0
,
0 36 32 35 33 16 43 48 14 29 28 0
75 0 24 25 40 16 11 10 35 19 47 63
39 28 0 10 50 18 24 28 13 35 14 50
50 24 11 0 65 10 11 30 21 51 22 64
51 31 33 46 0 43 28 17 46 29 60 28
44 21 14 11 51 0 21 22 14 17 9 46
63 16 15 12 53 29 0 16 30 43 28 41
44 11 30 36 38 36 15 0 58 57 47 57
23 28 17 26 30 5 37 22 0 12 15 24
20 46 59 26 23 32 21 24 13 0 18 21
33 22 27 23 62 22 47 62 7 33 0 16
0 55 50 34 69 21 63 49 16 20 36 0