2
10
,
0 (33.0, 40.0) 54.0
1 (44.0, 7.0) 37.0
2 (43.0, 19.0) 36.0
3 (6.0, 49.0) 34.0
4 (27.0, 17.0) 38.0
5 (44.0, 27.0) 63.0
6 (37.0, 49.0) 44.0
7 (19.0, 12.0) 51.0
8 (6.0, 22.0) 79.0
9 (26.0, 1.0) 50.0
,
0 26 22 24 25 16 26 31 11 11 13 0
26 0 17 12 14 12 9 5 16 16 20 26
22 17 0 6 28 10 10 21 13 20 9 22
24 12 6 0 24 8 4 15 12 19 12 24
25 14 28 24 0 19 22 16 20 14 26 25
16 12 10 8 19 0 10 17 5 11 8 16
26 9 10 4 22 10 0 12 15 19 16 26
31 5 21 15 16 17 12 0 21 21 25 31
11 16 13 12 20 5 15 21 0 8 7 11
11 16 20 19 14 11 19 21 8 0 14 11
13 20 9 12 26 8 16 25 7 14 0 13
0 26 22 24 25 16 26 31 11 11 13 0
,
0 59 55 55 47 23 72 50 17 16 33 0
70 0 46 34 30 27 20 12 24 39 43 57
37 25 0 15 46 12 16 59 20 52 24 33
58 31 10 0 69 10 5 40 34 24 20 60
49 25 64 36 0 53 49 16 38 34 70 55
18 26 10 18 35 0 15 49 12 21 12 21
68 9 29 9 64 18 0 33 40 22 18 49
75 5 57 43 33 31 26 0 60 39 27 76
17 22 17 18 26 6 42 37 0 10 13 32
32 47 34 26 17 25 38 58 19 0 22 24
35 46 13 34 77 17 41 59 10 23 0 24
0 37 63 24 42 26 77 64 12 11 19 0