2
10
,
0 (33.0, 40.0) 54.0
1 (44.0, 7.0) 38.0
2 (43.0, 19.0) 44.0
3 (6.0, 49.0) 67.0
4 (27.0, 17.0) 32.0
5 (44.0, 27.0) 49.0
6 (37.0, 49.0) 80.0
7 (19.0, 12.0) 61.0
8 (6.0, 22.0) 61.0
9 (26.0, 1.0) 49.0
,
0 26 22 24 25 16 26 31 11 11 13 0
26 0 17 12 14 12 9 5 16 16 20 26
22 17 0 6 28 10 10 21 13 20 9 22
24 12 6 0 24 8 4 15 12 19 12 24
25 14 28 24 0 19 22 16 20 14 26 25
16 12 10 8 19 0 10 17 5 11 8 16
26 9 10 4 22 10 0 12 15 19 16 26
31 5 21 15 16 17 12 0 21 21 25 31
11 16 13 12 20 5 15 21 0 8 7 11
11 16 20 19 14 11 19 21 8 0 14 11
13 20 9 12 26 8 16 25 7 14 0 13
0 26 22 24 25 16 26 31 11 11 13 0
,
0 28 26 35 39 38 41 82 25 13 26 0
30 0 21 18 38 34 13 13 23 28 23 75
50 50 0 16 60 25 15 31 29 45 15 50
67 16 7 0 47 21 8 24 30 32 31 48
28 27 30 42 0 32 37 29 40 23 62 49
44 13 12 18 21 0 25 42 11 19 18 40
32 17 18 10 23 22 0 33 34 52 41 36
59 15 62 42 23 25 24 0 59 61 32 31
17 17 36 30 35 12 22 32 0 22 16 32
27 48 39 41 17 23 47 60 21 0 23 26
25 20 16 12 61 16 46 62 7 31 0 17
0 35 66 48 72 35 77 90 33 29 33 0