2
10
,
0 (33.0, 40.0) 69.0
1 (44.0, 7.0) 59.0
2 (43.0, 19.0) 58.0
3 (6.0, 49.0) 62.0
4 (27.0, 17.0) 38.0
5 (44.0, 27.0) 86.0
6 (37.0, 49.0) 42.0
7 (19.0, 12.0) 55.0
8 (6.0, 22.0) 49.0
9 (26.0, 1.0) 76.0
,
0 26 22 24 25 16 26 31 11 11 13 0
26 0 17 12 14 12 9 5 16 16 20 26
22 17 0 6 28 10 10 21 13 20 9 22
24 12 6 0 24 8 4 15 12 19 12 24
25 14 28 24 0 19 22 16 20 14 26 25
16 12 10 8 19 0 10 17 5 11 8 16
26 9 10 4 22 10 0 12 15 19 16 26
31 5 21 15 16 17 12 0 21 21 25 31
11 16 13 12 20 5 15 21 0 8 7 11
11 16 20 19 14 11 19 21 8 0 14 11
13 20 9 12 26 8 16 25 7 14 0 13
0 26 22 24 25 16 26 31 11 11 13 0
,
0 32 47 48 48 43 67 76 25 12 37 0
29 0 22 12 25 31 11 7 40 24 56 31
59 23 0 6 63 11 18 43 30 36 25 29
56 25 10 0 29 12 9 29 15 55 23 30
57 30 73 26 0 28 43 22 42 23 77 72
42 15 15 12 38 0 27 44 12 30 16 32
72 23 30 4 46 10 0 21 43 30 20 37
69 10 52 22 43 36 16 0 46 53 53 65
13 34 14 25 56 8 15 41 0 18 12 32
27 19 59 21 17 14 55 26 20 0 34 31
29 26 24 25 59 21 32 50 11 26 0 31
0 48 38 56 52 17 58 77 28 16 26 0