2
10
,
0 (33.0, 40.0) 34.0
1 (44.0, 7.0) 43.0
2 (43.0, 19.0) 31.0
3 (6.0, 49.0) 54.0
4 (27.0, 17.0) 65.0
5 (44.0, 27.0) 36.0
6 (37.0, 49.0) 39.0
7 (19.0, 12.0) 41.0
8 (6.0, 22.0) 44.0
9 (26.0, 1.0) 34.0
,
0 26 22 24 25 16 26 31 11 11 13 0
26 0 17 12 14 12 9 5 16 16 20 26
22 17 0 6 28 10 10 21 13 20 9 22
24 12 6 0 24 8 4 15 12 19 12 24
25 14 28 24 0 19 22 16 20 14 26 25
16 12 10 8 19 0 10 17 5 11 8 16
26 9 10 4 22 10 0 12 15 19 16 26
31 5 21 15 16 17 12 0 21 21 25 31
11 16 13 12 20 5 15 21 0 8 7 11
11 16 20 19 14 11 19 21 8 0 14 11
13 20 9 12 26 8 16 25 7 14 0 13
0 26 22 24 25 16 26 31 11 11 13 0
,
0 42 64 34 49 19 28 51 30 20 23 0
50 0 25 33 30 34 11 14 17 38 31 53
28 22 0 8 67 14 20 47 22 35 16 50
29 24 8 0 52 12 11 17 29 53 33 52
37 34 46 52 0 27 37 24 32 36 71 55
23 16 19 11 26 0 11 34 13 29 21 45
26 17 16 9 23 23 0 13 16 48 43 54
45 11 61 31 28 41 30 0 46 41 67 75
25 33 22 26 58 6 27 27 0 24 9 30
32 24 51 38 15 24 38 51 23 0 33 32
14 37 23 33 45 21 28 46 10 40 0 29
0 33 46 38 40 33 63 37 31 16 36 0