2
10
,
0 (33.0, 40.0) 35.0
1 (44.0, 7.0) 84.0
2 (43.0, 19.0) 57.0
3 (6.0, 49.0) 80.0
4 (27.0, 17.0) 40.0
5 (44.0, 27.0) 37.0
6 (37.0, 49.0) 67.0
7 (19.0, 12.0) 38.0
8 (6.0, 22.0) 72.0
9 (26.0, 1.0) 43.0
,
0 26 22 24 25 16 26 31 11 11 13 0
26 0 17 12 14 12 9 5 16 16 20 26
22 17 0 6 28 10 10 21 13 20 9 22
24 12 6 0 24 8 4 15 12 19 12 24
25 14 28 24 0 19 22 16 20 14 26 25
16 12 10 8 19 0 10 17 5 11 8 16
26 9 10 4 22 10 0 12 15 19 16 26
31 5 21 15 16 17 12 0 21 21 25 31
11 16 13 12 20 5 15 21 0 8 7 11
11 16 20 19 14 11 19 21 8 0 14 11
13 20 9 12 26 8 16 25 7 14 0 13
0 26 22 24 25 16 26 31 11 11 13 0
,
0 44 36 68 56 45 44 31 14 13 14 0
34 0 40 15 20 21 22 9 44 47 59 26
44 42 0 14 30 25 22 43 17 53 17 36
58 20 15 0 57 22 5 20 16 22 37 53
69 33 59 27 0 46 50 37 22 22 49 44
20 27 16 9 27 0 21 22 13 25 16 25
44 13 25 11 22 19 0 20 28 43 31 74
56 9 42 24 21 49 13 0 31 52 46 88
29 21 30 17 39 12 22 59 0 9 17 26
24 45 61 31 32 30 42 25 23 0 23 31
33 55 13 18 64 16 29 31 13 36 0 35
0 27 43 67 62 41 28 84 30 25 21 0