2
10
,
0 (33.0, 40.0) 58.0
1 (44.0, 7.0) 67.0
2 (43.0, 19.0) 44.0
3 (6.0, 49.0) 54.0
4 (27.0, 17.0) 64.0
5 (44.0, 27.0) 54.0
6 (37.0, 49.0) 79.0
7 (19.0, 12.0) 59.0
8 (6.0, 22.0) 55.0
9 (26.0, 1.0) 41.0
,
0 26 22 24 25 16 26 31 11 11 13 0
26 0 17 12 14 12 9 5 16 16 20 26
22 17 0 6 28 10 10 21 13 20 9 22
24 12 6 0 24 8 4 15 12 19 12 24
25 14 28 24 0 19 22 16 20 14 26 25
16 12 10 8 19 0 10 17 5 11 8 16
26 9 10 4 22 10 0 12 15 19 16 26
31 5 21 15 16 17 12 0 21 21 25 31
11 16 13 12 20 5 15 21 0 8 7 11
11 16 20 19 14 11 19 21 8 0 14 11
13 20 9 12 26 8 16 25 7 14 0 13
0 26 22 24 25 16 26 31 11 11 13 0
,
0 36 28 27 52 31 72 52 22 30 31 0
60 0 26 17 15 25 13 5 16 41 43 56
27 20 0 9 50 13 18 28 36 23 26 36
60 31 11 0 38 19 12 18 19 19 36 34
50 29 32 69 0 27 36 30 56 16 63 66
38 31 24 19 44 0 27 31 6 26 21 19
63 16 11 5 55 25 0 29 38 42 44 77
47 8 36 20 32 21 31 0 33 45 67 54
25 21 32 25 42 12 32 60 0 21 11 20
33 26 42 37 20 18 37 52 15 0 41 23
36 58 27 22 44 21 28 58 19 39 0 24
0 27 26 36 52 17 27 84 13 27 21 0