2
10
,
0 (33.0, 40.0) 54.0
1 (44.0, 7.0) 76.0
2 (43.0, 19.0) 34.0
3 (6.0, 49.0) 48.0
4 (27.0, 17.0) 66.0
5 (44.0, 27.0) 43.0
6 (37.0, 49.0) 50.0
7 (19.0, 12.0) 54.0
8 (6.0, 22.0) 77.0
9 (26.0, 1.0) 41.0
,
0 26 22 24 25 16 26 31 11 11 13 0
26 0 17 12 14 12 9 5 16 16 20 26
22 17 0 6 28 10 10 21 13 20 9 22
24 12 6 0 24 8 4 15 12 19 12 24
25 14 28 24 0 19 22 16 20 14 26 25
16 12 10 8 19 0 10 17 5 11 8 16
26 9 10 4 22 10 0 12 15 19 16 26
31 5 21 15 16 17 12 0 21 21 25 31
11 16 13 12 20 5 15 21 0 8 7 11
11 16 20 19 14 11 19 21 8 0 14 11
13 20 9 12 26 8 16 25 7 14 0 13
0 26 22 24 25 16 26 31 11 11 13 0
,
0 76 62 42 30 22 61 88 32 33 18 0
56 0 38 15 26 21 23 10 27 34 49 36
47 43 0 14 70 16 27 26 14 33 17 33
56 23 12 0 31 21 6 40 32 26 23 48
71 28 31 36 0 43 29 16 52 29 56 32
38 32 23 13 27 0 29 21 6 11 8 46
67 24 22 11 30 12 0 25 36 50 22 50
40 11 33 20 28 34 17 0 24 43 38 88
18 44 15 24 25 10 42 58 0 11 9 23
34 38 61 49 29 15 27 44 19 0 15 15
27 32 12 13 44 10 45 28 8 41 0 15
0 76 54 65 69 21 46 82 26 18 20 0