2
10
,
0 (33.0, 40.0) 62.0
1 (44.0, 7.0) 73.0
2 (43.0, 19.0) 74.0
3 (6.0, 49.0) 62.0
4 (27.0, 17.0) 45.0
5 (44.0, 27.0) 83.0
6 (37.0, 49.0) 34.0
7 (19.0, 12.0) 64.0
8 (6.0, 22.0) 47.0
9 (26.0, 1.0) 55.0
,
0 26 22 24 25 16 26 31 11 11 13 0
26 0 17 12 14 12 9 5 16 16 20 26
22 17 0 6 28 10 10 21 13 20 9 22
24 12 6 0 24 8 4 15 12 19 12 24
25 14 28 24 0 19 22 16 20 14 26 25
16 12 10 8 19 0 10 17 5 11 8 16
26 9 10 4 22 10 0 12 15 19 16 26
31 5 21 15 16 17 12 0 21 21 25 31
11 16 13 12 20 5 15 21 0 8 7 11
11 16 20 19 14 11 19 21 8 0 14 11
13 20 9 12 26 8 16 25 7 14 0 13
0 26 22 24 25 16 26 31 11 11 13 0
,
0 40 63 42 61 26 50 81 13 12 23 0
65 0 20 14 20 23 23 11 16 36 21 34
30 38 0 10 30 17 16 44 35 59 27 66
57 19 9 0 69 21 8 42 22 22 36 27
46 21 49 54 0 43 35 28 58 26 54 39
43 19 20 22 56 0 29 23 6 26 21 38
41 17 27 6 50 29 0 18 21 30 44 50
53 14 29 19 20 24 15 0 49 61 36 49
27 41 20 33 51 13 25 24 0 23 8 30
17 22 53 36 21 30 44 32 9 0 32 13
19 21 25 13 75 22 36 59 18 30 0 28
0 68 28 68 31 17 39 64 28 24 24 0