2
10
,
0 (33.0, 40.0) 40.0
1 (44.0, 7.0) 55.0
2 (43.0, 19.0) 31.0
3 (6.0, 49.0) 60.0
4 (27.0, 17.0) 51.0
5 (44.0, 27.0) 77.0
6 (37.0, 49.0) 39.0
7 (19.0, 12.0) 48.0
8 (6.0, 22.0) 89.0
9 (26.0, 1.0) 39.0
,
0 26 22 24 25 16 26 31 11 11 13 0
26 0 17 12 14 12 9 5 16 16 20 26
22 17 0 6 28 10 10 21 13 20 9 22
24 12 6 0 24 8 4 15 12 19 12 24
25 14 28 24 0 19 22 16 20 14 26 25
16 12 10 8 19 0 10 17 5 11 8 16
26 9 10 4 22 10 0 12 15 19 16 26
31 5 21 15 16 17 12 0 21 21 25 31
11 16 13 12 20 5 15 21 0 8 7 11
11 16 20 19 14 11 19 21 8 0 14 11
13 20 9 12 26 8 16 25 7 14 0 13
0 26 22 24 25 16 26 31 11 11 13 0
,
0 72 41 37 27 40 27 72 29 13 18 0
47 0 35 16 26 35 13 11 30 46 31 72
32 21 0 10 60 24 23 54 34 32 24 30
42 25 16 0 26 16 5 37 33 44 16 66
59 15 65 44 0 41 60 21 57 34 31 31
37 32 19 20 27 0 12 38 11 23 12 37
74 9 12 5 48 29 0 22 34 35 31 36
34 9 39 40 43 40 13 0 23 55 46 37
12 19 36 31 44 9 32 53 0 13 19 27
28 48 46 32 18 12 34 56 12 0 15 31
22 36 24 13 45 23 38 51 19 28 0 16
0 41 51 35 51 22 33 77 21 17 31 0