2
10
,
0 (33.0, 40.0) 60.0
1 (44.0, 7.0) 39.0
2 (43.0, 19.0) 63.0
3 (6.0, 49.0) 88.0
4 (27.0, 17.0) 45.0
5 (44.0, 27.0) 40.0
6 (37.0, 49.0) 59.0
7 (19.0, 12.0) 68.0
8 (6.0, 22.0) 89.0
9 (26.0, 1.0) 76.0
,
0 26 22 24 25 16 26 31 11 11 13 0
26 0 17 12 14 12 9 5 16 16 20 26
22 17 0 6 28 10 10 21 13 20 9 22
24 12 6 0 24 8 4 15 12 19 12 24
25 14 28 24 0 19 22 16 20 14 26 25
16 12 10 8 19 0 10 17 5 11 8 16
26 9 10 4 22 10 0 12 15 19 16 26
31 5 21 15 16 17 12 0 21 21 25 31
11 16 13 12 20 5 15 21 0 8 7 11
11 16 20 19 14 11 19 21 8 0 14 11
13 20 9 12 26 8 16 25 7 14 0 13
0 26 22 24 25 16 26 31 11 11 13 0
,
0 77 33 65 62 41 26 53 29 23 20 0
58 0 44 14 38 16 20 6 34 38 22 74
55 48 0 14 37 12 10 40 22 47 21 32
51 15 11 0 53 15 6 16 36 30 25 34
40 15 49 35 0 34 58 39 30 24 60 46
32 29 21 20 33 0 20 35 13 20 12 48
42 23 25 4 61 21 0 33 32 37 27 49
78 10 55 45 40 45 22 0 29 53 46 32
24 43 20 25 28 6 17 52 0 18 16 20
20 25 40 52 20 19 54 46 13 0 20 29
28 49 16 37 69 19 26 51 14 38 0 20
0 64 54 55 57 32 45 62 16 26 28 0