2
10
,
0 (33.0, 40.0) 32.0
1 (44.0, 7.0) 32.0
2 (43.0, 19.0) 45.0
3 (6.0, 49.0) 46.0
4 (27.0, 17.0) 69.0
5 (44.0, 27.0) 61.0
6 (37.0, 49.0) 57.0
7 (19.0, 12.0) 56.0
8 (6.0, 22.0) 38.0
9 (26.0, 1.0) 65.0
,
0 26 22 24 25 16 26 31 11 11 13 0
26 0 17 12 14 12 9 5 16 16 20 26
22 17 0 6 28 10 10 21 13 20 9 22
24 12 6 0 24 8 4 15 12 19 12 24
25 14 28 24 0 19 22 16 20 14 26 25
16 12 10 8 19 0 10 17 5 11 8 16
26 9 10 4 22 10 0 12 15 19 16 26
31 5 21 15 16 17 12 0 21 21 25 31
11 16 13 12 20 5 15 21 0 8 7 11
11 16 20 19 14 11 19 21 8 0 14 11
13 20 9 12 26 8 16 25 7 14 0 13
0 26 22 24 25 16 26 31 11 11 13 0
,
0 51 44 55 58 25 61 50 34 24 26 0
77 0 40 16 26 14 9 13 34 39 31 42
43 22 0 10 62 26 16 27 16 53 10 23
32 18 14 0 69 15 7 26 30 36 24 29
34 30 47 62 0 24 26 26 50 29 75 41
23 15 23 18 48 0 16 41 13 13 18 19
34 15 26 6 37 26 0 12 21 50 46 71
80 10 39 17 24 50 14 0 55 30 53 85
16 41 28 14 43 13 30 32 0 22 9 24
32 20 28 38 18 24 36 35 9 0 28 17
35 35 18 36 72 13 27 39 8 23 0 16
0 73 63 54 74 46 30 37 13 17 23 0