2
10
,
0 (33.0, 40.0) 80.0
1 (44.0, 7.0) 45.0
2 (43.0, 19.0) 59.0
3 (6.0, 49.0) 58.0
4 (27.0, 17.0) 78.0
5 (44.0, 27.0) 40.0
6 (37.0, 49.0) 42.0
7 (19.0, 12.0) 42.0
8 (6.0, 22.0) 34.0
9 (26.0, 1.0) 70.0
,
0 26 22 24 25 16 26 31 11 11 13 0
26 0 17 12 14 12 9 5 16 16 20 26
22 17 0 6 28 10 10 21 13 20 9 22
24 12 6 0 24 8 4 15 12 19 12 24
25 14 28 24 0 19 22 16 20 14 26 25
16 12 10 8 19 0 10 17 5 11 8 16
26 9 10 4 22 10 0 12 15 19 16 26
31 5 21 15 16 17 12 0 21 21 25 31
11 16 13 12 20 5 15 21 0 8 7 11
11 16 20 19 14 11 19 21 8 0 14 11
13 20 9 12 26 8 16 25 7 14 0 13
0 26 22 24 25 16 26 31 11 11 13 0
,
0 71 42 43 71 25 65 82 12 20 29 0
30 0 22 23 29 16 22 9 38 47 35 29
45 49 0 13 66 10 23 27 33 28 13 63
41 28 10 0 59 12 5 39 22 30 33 60
61 37 51 51 0 54 24 46 22 14 61 37
24 18 26 11 50 0 21 32 9 32 20 23
37 22 22 12 38 21 0 18 34 32 32 46
90 12 25 46 43 49 14 0 29 22 58 55
12 45 25 31 35 9 22 43 0 12 11 17
15 26 21 42 33 16 24 39 24 0 41 21
24 46 20 29 27 12 28 53 16 25 0 38
0 73 29 39 51 35 54 34 28 31 16 0