2
10
,
0 (33.0, 40.0) 79.0
1 (44.0, 7.0) 88.0
2 (43.0, 19.0) 83.0
3 (6.0, 49.0) 39.0
4 (27.0, 17.0) 52.0
5 (44.0, 27.0) 40.0
6 (37.0, 49.0) 42.0
7 (19.0, 12.0) 46.0
8 (6.0, 22.0) 48.0
9 (26.0, 1.0) 35.0
,
0 26 22 24 25 16 26 31 11 11 13 0
26 0 17 12 14 12 9 5 16 16 20 26
22 17 0 6 28 10 10 21 13 20 9 22
24 12 6 0 24 8 4 15 12 19 12 24
25 14 28 24 0 19 22 16 20 14 26 25
16 12 10 8 19 0 10 17 5 11 8 16
26 9 10 4 22 10 0 12 15 19 16 26
31 5 21 15 16 17 12 0 21 21 25 31
11 16 13 12 20 5 15 21 0 8 7 11
11 16 20 19 14 11 19 21 8 0 14 11
13 20 9 12 26 8 16 25 7 14 0 13
0 26 22 24 25 16 26 31 11 11 13 0
,
0 35 48 33 55 31 30 43 33 22 21 0
69 0 36 21 29 22 25 14 26 22 28 60
46 47 0 15 39 15 26 49 21 30 16 34
31 18 13 0 29 20 5 19 24 49 33 55
62 23 73 36 0 34 26 20 21 17 39 42
35 17 18 22 40 0 26 17 7 15 15 32
43 23 30 11 60 20 0 22 17 34 36 75
54 8 28 37 21 34 19 0 40 44 32 81
21 47 36 29 21 11 24 57 0 9 8 27
14 39 44 20 24 26 52 25 23 0 22 31
38 29 21 35 47 17 26 66 8 18 0 29
0 31 41 32 69 25 77 64 33 15 17 0