2
10
,
0 (33.0, 40.0) 43.0
1 (44.0, 7.0) 81.0
2 (43.0, 19.0) 68.0
3 (6.0, 49.0) 46.0
4 (27.0, 17.0) 42.0
5 (44.0, 27.0) 32.0
6 (37.0, 49.0) 62.0
7 (19.0, 12.0) 58.0
8 (6.0, 22.0) 52.0
9 (26.0, 1.0) 78.0
,
0 26 22 24 25 16 26 31 11 11 13 0
26 0 17 12 14 12 9 5 16 16 20 26
22 17 0 6 28 10 10 21 13 20 9 22
24 12 6 0 24 8 4 15 12 19 12 24
25 14 28 24 0 19 22 16 20 14 26 25
16 12 10 8 19 0 10 17 5 11 8 16
26 9 10 4 22 10 0 12 15 19 16 26
31 5 21 15 16 17 12 0 21 21 25 31
11 16 13 12 20 5 15 21 0 8 7 11
11 16 20 19 14 11 19 21 8 0 14 11
13 20 9 12 26 8 16 25 7 14 0 13
0 26 22 24 25 16 26 31 11 11 13 0
,
0 69 23 49 51 45 72 76 15 11 15 0
26 0 31 22 20 20 18 11 34 23 21 65
47 32 0 8 55 19 28 32 29 55 24 45
68 24 6 0 65 21 9 29 32 20 26 61
64 37 56 66 0 55 62 24 46 21 55 34
31 22 12 19 57 0 20 41 11 19 15 25
47 12 17 10 59 27 0 16 40 31 25 27
60 14 26 23 36 26 27 0 42 33 31 55
20 40 38 13 46 9 30 25 0 19 14 18
27 44 51 26 22 16 31 61 23 0 23 15
16 39 16 19 64 14 32 34 17 17 0 20
0 57 41 57 58 45 55 56 31 18 28 0