2
10
,
0 (33.0, 40.0) 38.0
1 (44.0, 7.0) 30.0
2 (43.0, 19.0) 53.0
3 (6.0, 49.0) 64.0
4 (27.0, 17.0) 48.0
5 (44.0, 27.0) 51.0
6 (37.0, 49.0) 32.0
7 (19.0, 12.0) 30.0
8 (6.0, 22.0) 56.0
9 (26.0, 1.0) 58.0
,
0 26 22 24 25 16 26 31 11 11 13 0
26 0 17 12 14 12 9 5 16 16 20 26
22 17 0 6 28 10 10 21 13 20 9 22
24 12 6 0 24 8 4 15 12 19 12 24
25 14 28 24 0 19 22 16 20 14 26 25
16 12 10 8 19 0 10 17 5 11 8 16
26 9 10 4 22 10 0 12 15 19 16 26
31 5 21 15 16 17 12 0 21 21 25 31
11 16 13 12 20 5 15 21 0 8 7 11
11 16 20 19 14 11 19 21 8 0 14 11
13 20 9 12 26 8 16 25 7 14 0 13
0 26 22 24 25 16 26 31 11 11 13 0
,
0 63 45 35 65 20 75 65 16 26 29 0
50 0 49 32 15 30 26 13 32 32 37 56
34 46 0 9 71 29 22 37 37 46 26 60
41 30 10 0 28 19 11 22 13 20 24 30
30 32 56 62 0 44 28 18 50 31 64 33
22 29 15 24 52 0 20 46 8 31 20 30
69 23 19 9 59 11 0 13 35 45 30 52
91 8 26 22 27 46 31 0 51 27 25 61
11 31 14 21 39 13 20 51 0 14 15 16
33 16 33 41 16 20 43 59 22 0 43 15
36 26 25 24 40 19 38 27 17 42 0 23
0 42 58 70 48 25 36 66 33 18 22 0