2
10
,
0 (33.0, 40.0) 47.0
1 (44.0, 7.0) 49.0
2 (43.0, 19.0) 60.0
3 (6.0, 49.0) 62.0
4 (27.0, 17.0) 79.0
5 (44.0, 27.0) 72.0
6 (37.0, 49.0) 84.0
7 (19.0, 12.0) 87.0
8 (6.0, 22.0) 34.0
9 (26.0, 1.0) 52.0
,
0 26 22 24 25 16 26 31 11 11 13 0
26 0 17 12 14 12 9 5 16 16 20 26
22 17 0 6 28 10 10 21 13 20 9 22
24 12 6 0 24 8 4 15 12 19 12 24
25 14 28 24 0 19 22 16 20 14 26 25
16 12 10 8 19 0 10 17 5 11 8 16
26 9 10 4 22 10 0 12 15 19 16 26
31 5 21 15 16 17 12 0 21 21 25 31
11 16 13 12 20 5 15 21 0 8 7 11
11 16 20 19 14 11 19 21 8 0 14 11
13 20 9 12 26 8 16 25 7 14 0 13
0 26 22 24 25 16 26 31 11 11 13 0
,
0 34 62 39 68 17 57 41 16 12 33 0
65 0 23 33 38 31 15 13 22 26 32 68
57 24 0 13 29 21 25 48 35 39 27 42
54 22 18 0 31 13 6 29 22 48 17 45
29 26 37 34 0 30 32 20 28 37 68 65
37 23 19 23 22 0 13 46 9 29 11 33
36 9 15 10 41 16 0 17 29 33 19 43
50 10 57 28 34 19 27 0 36 27 34 45
26 44 23 19 31 9 26 40 0 18 12 25
22 32 37 40 23 15 51 44 23 0 23 31
17 39 17 29 33 23 27 65 11 33 0 33
0 59 23 57 50 18 30 87 27 17 29 0