2
10
,
0 (33.0, 40.0) 78.0
1 (44.0, 7.0) 36.0
2 (43.0, 19.0) 62.0
3 (6.0, 49.0) 66.0
4 (27.0, 17.0) 75.0
5 (44.0, 27.0) 45.0
6 (37.0, 49.0) 35.0
7 (19.0, 12.0) 72.0
8 (6.0, 22.0) 44.0
9 (26.0, 1.0) 35.0
,
0 26 22 24 25 16 26 31 11 11 13 0
26 0 17 12 14 12 9 5 16 16 20 26
22 17 0 6 28 10 10 21 13 20 9 22
24 12 6 0 24 8 4 15 12 19 12 24
25 14 28 24 0 19 22 16 20 14 26 25
16 12 10 8 19 0 10 17 5 11 8 16
26 9 10 4 22 10 0 12 15 19 16 26
31 5 21 15 16 17 12 0 21 21 25 31
11 16 13 12 20 5 15 21 0 8 7 11
11 16 20 19 14 11 19 21 8 0 14 11
13 20 9 12 26 8 16 25 7 14 0 13
0 26 22 24 25 16 26 31 11 11 13 0
,
0 34 54 24 29 44 35 44 26 13 28 0
72 0 28 31 28 19 20 14 23 45 28 64
62 23 0 13 56 11 25 50 17 30 17 30
33 18 9 0 54 22 6 17 32 39 37 37
46 21 62 68 0 45 38 17 50 40 29 38
47 22 23 16 41 0 26 20 9 15 10 45
55 15 27 10 65 23 0 34 41 34 34 51
86 7 55 19 30 25 32 0 52 54 68 51
29 25 19 26 45 11 37 55 0 21 17 14
12 47 42 20 32 19 50 56 19 0 36 14
33 37 25 19 55 23 39 30 18 40 0 32
0 31 24 58 64 23 53 68 21 13 26 0