2
10
,
0 (33.0, 40.0) 70.0
1 (44.0, 7.0) 50.0
2 (43.0, 19.0) 42.0
3 (6.0, 49.0) 50.0
4 (27.0, 17.0) 38.0
5 (44.0, 27.0) 57.0
6 (37.0, 49.0) 39.0
7 (19.0, 12.0) 40.0
8 (6.0, 22.0) 33.0
9 (26.0, 1.0) 81.0
,
0 26 22 24 25 16 26 31 11 11 13 0
26 0 17 12 14 12 9 5 16 16 20 26
22 17 0 6 28 10 10 21 13 20 9 22
24 12 6 0 24 8 4 15 12 19 12 24
25 14 28 24 0 19 22 16 20 14 26 25
16 12 10 8 19 0 10 17 5 11 8 16
26 9 10 4 22 10 0 12 15 19 16 26
31 5 21 15 16 17 12 0 21 21 25 31
11 16 13 12 20 5 15 21 0 8 7 11
11 16 20 19 14 11 19 21 8 0 14 11
13 20 9 12 26 8 16 25 7 14 0 13
0 26 22 24 25 16 26 31 11 11 13 0
,
0 62 64 70 69 39 36 67 13 24 25 0
28 0 36 23 23 22 18 8 35 33 36 43
65 29 0 11 65 24 16 45 14 53 15 34
27 35 18 0 59 17 11 40 16 55 34 46
42 35 44 49 0 45 35 41 49 16 35 29
19 24 25 15 22 0 13 38 8 25 21 19
42 19 11 6 38 25 0 18 35 21 29 67
85 12 56 23 18 39 19 0 55 34 66 36
25 42 24 13 23 5 18 24 0 13 7 24
12 30 40 39 19 18 54 58 13 0 29 29
29 24 22 26 74 19 38 57 14 16 0 27
0 41 42 60 73 19 44 31 18 22 18 0