2
10
,
0 (33.0, 40.0) 86.0
1 (44.0, 7.0) 85.0
2 (43.0, 19.0) 33.0
3 (6.0, 49.0) 82.0
4 (27.0, 17.0) 57.0
5 (44.0, 27.0) 49.0
6 (37.0, 49.0) 66.0
7 (19.0, 12.0) 70.0
8 (6.0, 22.0) 87.0
9 (26.0, 1.0) 79.0
,
0 26 22 24 25 16 26 31 11 11 13 0
26 0 17 12 14 12 9 5 16 16 20 26
22 17 0 6 28 10 10 21 13 20 9 22
24 12 6 0 24 8 4 15 12 19 12 24
25 14 28 24 0 19 22 16 20 14 26 25
16 12 10 8 19 0 10 17 5 11 8 16
26 9 10 4 22 10 0 12 15 19 16 26
31 5 21 15 16 17 12 0 21 21 25 31
11 16 13 12 20 5 15 21 0 8 7 11
11 16 20 19 14 11 19 21 8 0 14 11
13 20 9 12 26 8 16 25 7 14 0 13
0 26 22 24 25 16 26 31 11 11 13 0
,
0 27 65 65 61 17 60 59 31 27 29 0
31 0 30 30 20 20 20 11 39 40 37 48
61 24 0 9 63 29 28 45 27 58 16 28
62 27 11 0 28 16 5 23 37 49 16 26
52 35 77 65 0 52 64 42 31 21 33 35
43 29 25 13 24 0 25 28 11 20 18 27
62 13 26 11 64 15 0 12 28 24 29 63
90 14 31 36 41 41 23 0 26 22 52 48
33 19 28 36 52 11 34 35 0 11 14 19
13 24 43 20 20 21 22 39 10 0 20 12
21 27 27 35 32 17 30 26 8 24 0 38
0 27 55 40 66 29 40 62 20 14 22 0