2
10
,
0 (33.0, 40.0) 37.0
1 (44.0, 7.0) 37.0
2 (43.0, 19.0) 58.0
3 (6.0, 49.0) 34.0
4 (27.0, 17.0) 43.0
5 (44.0, 27.0) 56.0
6 (37.0, 49.0) 31.0
7 (19.0, 12.0) 41.0
8 (6.0, 22.0) 35.0
9 (26.0, 1.0) 50.0
,
0 26 22 24 25 16 26 31 11 11 13 0
26 0 17 12 14 12 9 5 16 16 20 26
22 17 0 6 28 10 10 21 13 20 9 22
24 12 6 0 24 8 4 15 12 19 12 24
25 14 28 24 0 19 22 16 20 14 26 25
16 12 10 8 19 0 10 17 5 11 8 16
26 9 10 4 22 10 0 12 15 19 16 26
31 5 21 15 16 17 12 0 21 21 25 31
11 16 13 12 20 5 15 21 0 8 7 11
11 16 20 19 14 11 19 21 8 0 14 11
13 20 9 12 26 8 16 25 7 14 0 13
0 26 22 24 25 16 26 31 11 11 13 0
,
0 44 31 36 39 27 62 37 16 22 29 0
67 0 33 25 42 32 24 10 44 43 30 56
42 49 0 16 58 29 21 46 37 49 26 29
69 13 9 0 64 17 10 36 19 45 17 53
74 38 59 31 0 45 59 32 30 23 39 50
17 34 12 24 57 0 23 35 9 29 21 16
46 20 22 11 34 24 0 22 41 32 43 43
55 5 52 45 30 22 22 0 46 39 49 63
13 42 36 27 57 9 27 44 0 16 18 20
16 36 28 27 23 18 28 49 14 0 22 26
17 25 13 17 67 22 35 40 10 42 0 15
0 51 48 62 61 35 41 59 21 15 29 0