2
10
,
0 (33.0, 40.0) 58.0
1 (44.0, 7.0) 47.0
2 (43.0, 19.0) 84.0
3 (6.0, 49.0) 37.0
4 (27.0, 17.0) 36.0
5 (44.0, 27.0) 46.0
6 (37.0, 49.0) 42.0
7 (19.0, 12.0) 73.0
8 (6.0, 22.0) 46.0
9 (26.0, 1.0) 34.0
,
0 26 22 24 25 16 26 31 11 11 13 0
26 0 17 12 14 12 9 5 16 16 20 26
22 17 0 6 28 10 10 21 13 20 9 22
24 12 6 0 24 8 4 15 12 19 12 24
25 14 28 24 0 19 22 16 20 14 26 25
16 12 10 8 19 0 10 17 5 11 8 16
26 9 10 4 22 10 0 12 15 19 16 26
31 5 21 15 16 17 12 0 21 21 25 31
11 16 13 12 20 5 15 21 0 8 7 11
11 16 20 19 14 11 19 21 8 0 14 11
13 20 9 12 26 8 16 25 7 14 0 13
0 26 22 24 25 16 26 31 11 11 13 0
,
0 39 41 43 34 22 39 71 25 12 19 0
35 0 52 14 15 17 10 7 44 33 33 39
51 44 0 8 82 28 15 50 29 33 27 47
35 14 7 0 52 18 10 17 34 32 24 46
64 21 29 45 0 51 66 16 22 26 28 59
33 29 15 17 36 0 15 31 10 13 20 28
35 13 24 9 31 25 0 29 41 40 43 69
70 10 32 45 35 44 29 0 47 33 50 70
15 47 18 16 39 7 25 21 0 15 19 14
33 34 54 32 26 13 28 49 11 0 22 12
20 22 22 16 32 16 35 58 9 37 0 27
0 40 56 64 51 22 67 78 29 28 37 0