2
10
,
0 (33.0, 40.0) 50.0
1 (44.0, 7.0) 37.0
2 (43.0, 19.0) 78.0
3 (6.0, 49.0) 33.0
4 (27.0, 17.0) 50.0
5 (44.0, 27.0) 40.0
6 (37.0, 49.0) 65.0
7 (19.0, 12.0) 82.0
8 (6.0, 22.0) 60.0
9 (26.0, 1.0) 88.0
,
0 26 22 24 25 16 26 31 11 11 13 0
26 0 17 12 14 12 9 5 16 16 20 26
22 17 0 6 28 10 10 21 13 20 9 22
24 12 6 0 24 8 4 15 12 19 12 24
25 14 28 24 0 19 22 16 20 14 26 25
16 12 10 8 19 0 10 17 5 11 8 16
26 9 10 4 22 10 0 12 15 19 16 26
31 5 21 15 16 17 12 0 21 21 25 31
11 16 13 12 20 5 15 21 0 8 7 11
11 16 20 19 14 11 19 21 8 0 14 11
13 20 9 12 26 8 16 25 7 14 0 13
0 26 22 24 25 16 26 31 11 11 13 0
,
0 75 52 57 46 35 50 87 23 20 14 0
72 0 33 18 39 15 9 11 43 23 46 54
45 38 0 11 61 14 29 48 27 22 16 49
45 20 13 0 34 18 6 24 29 48 21 32
71 30 61 27 0 21 24 17 42 17 31 65
23 30 22 10 33 0 22 37 11 17 19 35
47 25 25 9 34 19 0 20 24 24 36 66
70 6 48 25 41 45 24 0 33 37 53 84
12 33 26 20 40 8 34 34 0 11 15 33
20 28 53 35 14 12 42 49 11 0 41 30
22 59 17 34 70 17 44 62 17 18 0 15
0 68 51 60 71 22 61 73 25 34 26 0