2
10
,
0 (33.0, 40.0) 38.0
1 (44.0, 7.0) 39.0
2 (43.0, 19.0) 30.0
3 (6.0, 49.0) 43.0
4 (27.0, 17.0) 40.0
5 (44.0, 27.0) 65.0
6 (37.0, 49.0) 54.0
7 (19.0, 12.0) 83.0
8 (6.0, 22.0) 48.0
9 (26.0, 1.0) 35.0
,
0 26 22 24 25 16 26 31 11 11 13 0
26 0 17 12 14 12 9 5 16 16 20 26
22 17 0 6 28 10 10 21 13 20 9 22
24 12 6 0 24 8 4 15 12 19 12 24
25 14 28 24 0 19 22 16 20 14 26 25
16 12 10 8 19 0 10 17 5 11 8 16
26 9 10 4 22 10 0 12 15 19 16 26
31 5 21 15 16 17 12 0 21 21 25 31
11 16 13 12 20 5 15 21 0 8 7 11
11 16 20 19 14 11 19 21 8 0 14 11
13 20 9 12 26 8 16 25 7 14 0 13
0 26 22 24 25 16 26 31 11 11 13 0
,
0 27 23 63 58 33 65 50 20 17 28 0
42 0 24 23 17 27 9 8 32 18 29 72
64 45 0 17 30 10 27 48 25 31 11 64
47 21 11 0 45 19 5 36 29 37 25 36
47 16 61 44 0 21 37 30 37 40 35 42
36 31 20 11 39 0 12 32 6 13 22 33
67 14 26 8 34 20 0 26 39 55 29 58
38 6 40 38 22 32 13 0 38 34 41 85
15 23 28 22 41 12 24 41 0 16 11 29
32 27 33 47 33 22 56 38 24 0 43 19
24 36 15 18 64 12 25 29 19 29 0 25
0 55 53 62 70 28 45 72 25 15 31 0