2
10
,
0 (33.0, 40.0) 53.0
1 (44.0, 7.0) 65.0
2 (43.0, 19.0) 63.0
3 (6.0, 49.0) 80.0
4 (27.0, 17.0) 33.0
5 (44.0, 27.0) 37.0
6 (37.0, 49.0) 70.0
7 (19.0, 12.0) 53.0
8 (6.0, 22.0) 59.0
9 (26.0, 1.0) 43.0
,
0 26 22 24 25 16 26 31 11 11 13 0
26 0 17 12 14 12 9 5 16 16 20 26
22 17 0 6 28 10 10 21 13 20 9 22
24 12 6 0 24 8 4 15 12 19 12 24
25 14 28 24 0 19 22 16 20 14 26 25
16 12 10 8 19 0 10 17 5 11 8 16
26 9 10 4 22 10 0 12 15 19 16 26
31 5 21 15 16 17 12 0 21 21 25 31
11 16 13 12 20 5 15 21 0 8 7 11
11 16 20 19 14 11 19 21 8 0 14 11
13 20 9 12 26 8 16 25 7 14 0 13
0 26 22 24 25 16 26 31 11 11 13 0
,
0 64 57 35 28 38 40 32 20 21 31 0
73 0 19 27 40 23 21 11 33 35 32 42
40 35 0 10 49 21 26 31 38 47 28 66
36 34 8 0 28 15 7 32 35 32 21 33
44 41 62 71 0 27 61 34 29 32 63 61
22 35 18 18 22 0 27 41 11 18 23 25
35 12 15 8 47 24 0 28 37 47 46 35
32 5 41 16 25 42 29 0 44 31 27 87
25 34 34 30 42 9 29 22 0 16 16 19
15 37 21 48 20 21 47 35 8 0 28 23
17 56 26 30 30 11 19 60 9 34 0 14
0 60 29 68 37 37 61 40 31 12 24 0