2
10
,
0 (33.0, 40.0) 36.0
1 (44.0, 7.0) 32.0
2 (43.0, 19.0) 50.0
3 (6.0, 49.0) 66.0
4 (27.0, 17.0) 40.0
5 (44.0, 27.0) 57.0
6 (37.0, 49.0) 77.0
7 (19.0, 12.0) 53.0
8 (6.0, 22.0) 54.0
9 (26.0, 1.0) 37.0
,
0 26 22 24 25 16 26 31 11 11 13 0
26 0 17 12 14 12 9 5 16 16 20 26
22 17 0 6 28 10 10 21 13 20 9 22
24 12 6 0 24 8 4 15 12 19 12 24
25 14 28 24 0 19 22 16 20 14 26 25
16 12 10 8 19 0 10 17 5 11 8 16
26 9 10 4 22 10 0 12 15 19 16 26
31 5 21 15 16 17 12 0 21 21 25 31
11 16 13 12 20 5 15 21 0 8 7 11
11 16 20 19 14 11 19 21 8 0 14 11
13 20 9 12 26 8 16 25 7 14 0 13
0 26 22 24 25 16 26 31 11 11 13 0
,
0 61 65 27 56 27 30 48 31 33 24 0
64 0 23 22 36 19 12 12 41 20 41 41
67 22 0 6 69 14 13 58 31 33 27 62
24 33 7 0 61 15 10 39 29 31 34 50
68 39 46 47 0 30 30 43 45 29 46 71
31 29 27 23 41 0 18 39 9 16 20 18
47 17 27 10 32 14 0 21 38 42 41 50
75 6 29 36 29 45 17 0 21 45 57 34
28 34 38 13 33 11 40 28 0 11 10 20
13 33 48 55 39 21 52 28 14 0 20 18
39 34 18 37 73 13 42 51 17 19 0 33
0 29 32 54 35 36 39 32 29 22 13 0