2
10
,
0 (33.0, 40.0) 31.0
1 (44.0, 7.0) 66.0
2 (43.0, 19.0) 38.0
3 (6.0, 49.0) 85.0
4 (27.0, 17.0) 90.0
5 (44.0, 27.0) 30.0
6 (37.0, 49.0) 36.0
7 (19.0, 12.0) 83.0
8 (6.0, 22.0) 86.0
9 (26.0, 1.0) 33.0
,
0 26 22 24 25 16 26 31 11 11 13 0
26 0 17 12 14 12 9 5 16 16 20 26
22 17 0 6 28 10 10 21 13 20 9 22
24 12 6 0 24 8 4 15 12 19 12 24
25 14 28 24 0 19 22 16 20 14 26 25
16 12 10 8 19 0 10 17 5 11 8 16
26 9 10 4 22 10 0 12 15 19 16 26
31 5 21 15 16 17 12 0 21 21 25 31
11 16 13 12 20 5 15 21 0 8 7 11
11 16 20 19 14 11 19 21 8 0 14 11
13 20 9 12 26 8 16 25 7 14 0 13
0 26 22 24 25 16 26 31 11 11 13 0
,
0 54 61 42 35 21 47 82 18 15 18 0
45 0 42 25 23 14 15 6 17 29 26 70
45 24 0 9 38 11 15 23 27 32 21 67
50 19 17 0 63 14 5 41 27 32 35 26
33 15 39 43 0 53 26 23 41 40 77 57
29 20 11 22 48 0 24 44 11 21 16 37
73 19 11 11 63 26 0 18 23 28 39 68
57 12 53 26 33 33 23 0 40 45 49 82
17 23 27 27 21 7 16 30 0 12 8 27
32 45 34 54 38 21 50 30 20 0 24 12
18 26 17 28 30 15 46 53 15 23 0 23
0 41 25 70 53 27 58 84 32 19 38 0