2
10
,
0 (33.0, 40.0) 44.0
1 (44.0, 7.0) 45.0
2 (43.0, 19.0) 32.0
3 (6.0, 49.0) 52.0
4 (27.0, 17.0) 86.0
5 (44.0, 27.0) 44.0
6 (37.0, 49.0) 51.0
7 (19.0, 12.0) 53.0
8 (6.0, 22.0) 39.0
9 (26.0, 1.0) 39.0
,
0 26 22 24 25 16 26 31 11 11 13 0
26 0 17 12 14 12 9 5 16 16 20 26
22 17 0 6 28 10 10 21 13 20 9 22
24 12 6 0 24 8 4 15 12 19 12 24
25 14 28 24 0 19 22 16 20 14 26 25
16 12 10 8 19 0 10 17 5 11 8 16
26 9 10 4 22 10 0 12 15 19 16 26
31 5 21 15 16 17 12 0 21 21 25 31
11 16 13 12 20 5 15 21 0 8 7 11
11 16 20 19 14 11 19 21 8 0 14 11
13 20 9 12 26 8 16 25 7 14 0 13
0 26 22 24 25 16 26 31 11 11 13 0
,
0 44 25 43 36 41 42 88 21 24 38 0
66 0 30 21 40 32 20 5 46 36 41 65
37 34 0 13 38 26 18 53 26 38 28 25
26 24 11 0 40 13 8 46 28 43 35 43
71 42 45 68 0 54 37 38 26 40 50 70
43 30 17 9 35 0 13 38 9 32 16 40
27 16 22 11 36 21 0 21 42 21 21 64
69 12 58 29 32 40 27 0 48 53 63 68
17 29 15 25 38 12 42 57 0 12 11 29
12 22 41 21 24 30 34 42 9 0 28 20
39 26 26 30 49 9 29 55 17 23 0 36
0 56 25 39 38 36 65 62 16 29 38 0