2
10
,
0 (33.0, 40.0) 53.0
1 (44.0, 7.0) 84.0
2 (43.0, 19.0) 41.0
3 (6.0, 49.0) 41.0
4 (27.0, 17.0) 38.0
5 (44.0, 27.0) 65.0
6 (37.0, 49.0) 75.0
7 (19.0, 12.0) 51.0
8 (6.0, 22.0) 58.0
9 (26.0, 1.0) 31.0
,
0 26 22 24 25 16 26 31 11 11 13 0
26 0 17 12 14 12 9 5 16 16 20 26
22 17 0 6 28 10 10 21 13 20 9 22
24 12 6 0 24 8 4 15 12 19 12 24
25 14 28 24 0 19 22 16 20 14 26 25
16 12 10 8 19 0 10 17 5 11 8 16
26 9 10 4 22 10 0 12 15 19 16 26
31 5 21 15 16 17 12 0 21 21 25 31
11 16 13 12 20 5 15 21 0 8 7 11
11 16 20 19 14 11 19 21 8 0 14 11
13 20 9 12 26 8 16 25 7 14 0 13
0 26 22 24 25 16 26 31 11 11 13 0
,
0 75 49 35 69 19 46 60 17 20 17 0
30 0 43 24 38 12 12 6 37 46 29 43
31 44 0 15 84 28 29 40 17 31 16 64
42 25 12 0 52 11 6 18 29 19 27 48
66 28 83 43 0 52 32 43 46 37 60 73
33 17 13 13 42 0 16 46 12 16 17 30
76 25 26 12 45 11 0 18 41 53 36 75
64 5 61 32 24 38 13 0 23 22 42 39
24 31 16 35 50 9 17 51 0 12 15 33
19 40 21 50 29 14 40 61 12 0 20 21
34 49 25 25 35 24 18 46 13 41 0 39
0 65 48 55 70 46 66 79 31 27 38 0