2
10
,
0 (33.0, 40.0) 58.0
1 (44.0, 7.0) 88.0
2 (43.0, 19.0) 34.0
3 (6.0, 49.0) 49.0
4 (27.0, 17.0) 71.0
5 (44.0, 27.0) 32.0
6 (37.0, 49.0) 79.0
7 (19.0, 12.0) 41.0
8 (6.0, 22.0) 69.0
9 (26.0, 1.0) 39.0
,
0 26 22 24 25 16 26 31 11 11 13 0
26 0 17 12 14 12 9 5 16 16 20 26
22 17 0 6 28 10 10 21 13 20 9 22
24 12 6 0 24 8 4 15 12 19 12 24
25 14 28 24 0 19 22 16 20 14 26 25
16 12 10 8 19 0 10 17 5 11 8 16
26 9 10 4 22 10 0 12 15 19 16 26
31 5 21 15 16 17 12 0 21 21 25 31
11 16 13 12 20 5 15 21 0 8 7 11
11 16 20 19 14 11 19 21 8 0 14 11
13 20 9 12 26 8 16 25 7 14 0 13
0 26 22 24 25 16 26 31 11 11 13 0
,
0 73 28 60 30 42 37 43 32 16 28 0
54 0 23 17 27 31 17 8 35 40 32 69
37 26 0 12 52 17 30 37 36 51 14 28
59 24 16 0 65 17 11 41 27 33 25 31
68 25 43 29 0 34 65 33 24 26 50 62
17 14 12 17 20 0 15 37 11 14 9 32
35 25 12 9 66 13 0 16 16 44 23 43
83 14 31 46 37 31 23 0 55 24 37 33
13 38 34 34 49 8 37 61 0 15 15 16
29 29 33 26 21 26 40 32 21 0 29 13
33 39 27 22 37 12 29 32 12 35 0 31
0 59 40 59 64 44 47 61 32 15 17 0