2
10
,
0 (33.0, 40.0) 55.0
1 (44.0, 7.0) 45.0
2 (43.0, 19.0) 46.0
3 (6.0, 49.0) 37.0
4 (27.0, 17.0) 73.0
5 (44.0, 27.0) 32.0
6 (37.0, 49.0) 36.0
7 (19.0, 12.0) 39.0
8 (6.0, 22.0) 37.0
9 (26.0, 1.0) 33.0
,
0 26 22 24 25 16 26 31 11 11 13 0
26 0 17 12 14 12 9 5 16 16 20 26
22 17 0 6 28 10 10 21 13 20 9 22
24 12 6 0 24 8 4 15 12 19 12 24
25 14 28 24 0 19 22 16 20 14 26 25
16 12 10 8 19 0 10 17 5 11 8 16
26 9 10 4 22 10 0 12 15 19 16 26
31 5 21 15 16 17 12 0 21 21 25 31
11 16 13 12 20 5 15 21 0 8 7 11
11 16 20 19 14 11 19 21 8 0 14 11
13 20 9 12 26 8 16 25 7 14 0 13
0 26 22 24 25 16 26 31 11 11 13 0
,
0 64 24 44 28 27 29 82 22 33 29 0
57 0 31 33 20 35 13 5 33 22 50 27
57 36 0 11 40 19 19 47 30 51 27 46
26 16 10 0 65 16 7 19 26 25 26 58
70 28 38 29 0 53 44 40 40 39 50 71
31 30 25 19 47 0 20 27 10 17 10 41
50 18 18 4 52 18 0 19 19 21 22 48
78 8 38 43 39 26 32 0 50 37 65 42
31 30 22 34 46 13 34 34 0 17 8 29
19 28 48 52 33 27 33 44 9 0 19 33
22 55 17 16 61 16 35 67 16 29 0 32
0 72 55 58 46 48 75 61 32 23 29 0