2
10
,
0 (33.0, 40.0) 73.0
1 (44.0, 7.0) 35.0
2 (43.0, 19.0) 59.0
3 (6.0, 49.0) 64.0
4 (27.0, 17.0) 47.0
5 (44.0, 27.0) 81.0
6 (37.0, 49.0) 55.0
7 (19.0, 12.0) 34.0
8 (6.0, 22.0) 42.0
9 (26.0, 1.0) 71.0
,
0 26 22 24 25 16 26 31 11 11 13 0
26 0 17 12 14 12 9 5 16 16 20 26
22 17 0 6 28 10 10 21 13 20 9 22
24 12 6 0 24 8 4 15 12 19 12 24
25 14 28 24 0 19 22 16 20 14 26 25
16 12 10 8 19 0 10 17 5 11 8 16
26 9 10 4 22 10 0 12 15 19 16 26
31 5 21 15 16 17 12 0 21 21 25 31
11 16 13 12 20 5 15 21 0 8 7 11
11 16 20 19 14 11 19 21 8 0 14 11
13 20 9 12 26 8 16 25 7 14 0 13
0 26 22 24 25 16 26 31 11 11 13 0
,
0 45 65 40 64 23 27 64 24 30 20 0
66 0 52 16 21 21 21 13 24 34 41 27
60 50 0 7 78 20 19 55 37 47 12 32
54 23 6 0 64 22 8 17 37 40 22 47
63 36 68 28 0 55 62 19 39 18 70 45
35 29 24 11 28 0 28 21 11 30 16 33
63 15 13 7 57 21 0 34 32 26 26 55
50 11 28 16 21 43 29 0 44 56 74 82
30 37 18 16 22 11 32 38 0 11 19 31
15 39 57 21 37 28 24 35 10 0 37 19
20 33 17 31 78 19 32 33 14 38 0 20
0 58 44 51 25 37 63 54 26 32 37 0