2
10
,
0 (33.0, 40.0) 70.0
1 (44.0, 7.0) 90.0
2 (43.0, 19.0) 85.0
3 (6.0, 49.0) 42.0
4 (27.0, 17.0) 85.0
5 (44.0, 27.0) 35.0
6 (37.0, 49.0) 52.0
7 (19.0, 12.0) 80.0
8 (6.0, 22.0) 57.0
9 (26.0, 1.0) 45.0
,
0 26 22 24 25 16 26 31 11 11 13 0
26 0 17 12 14 12 9 5 16 16 20 26
22 17 0 6 28 10 10 21 13 20 9 22
24 12 6 0 24 8 4 15 12 19 12 24
25 14 28 24 0 19 22 16 20 14 26 25
16 12 10 8 19 0 10 17 5 11 8 16
26 9 10 4 22 10 0 12 15 19 16 26
31 5 21 15 16 17 12 0 21 21 25 31
11 16 13 12 20 5 15 21 0 8 7 11
11 16 20 19 14 11 19 21 8 0 14 11
13 20 9 12 26 8 16 25 7 14 0 13
0 26 22 24 25 16 26 31 11 11 13 0
,
0 29 46 67 68 38 63 67 15 13 25 0
33 0 50 20 36 33 18 8 36 46 33 61
43 42 0 15 57 26 11 31 17 25 11 61
65 16 17 0 64 21 7 20 35 34 33 34
36 17 34 43 0 36 59 29 40 31 50 58
36 26 23 23 46 0 22 23 9 17 19 19
77 18 19 9 37 25 0 24 20 55 24 53
86 12 57 40 27 25 22 0 45 52 42 62
20 37 20 19 49 12 43 42 0 9 9 25
17 21 56 39 26 26 47 35 24 0 42 14
23 31 25 34 68 18 21 62 17 17 0 28
0 63 23 59 25 34 35 67 12 13 32 0