2
10
,
0 (33.0, 40.0) 37.0
1 (44.0, 7.0) 34.0
2 (43.0, 19.0) 82.0
3 (6.0, 49.0) 32.0
4 (27.0, 17.0) 48.0
5 (44.0, 27.0) 61.0
6 (37.0, 49.0) 65.0
7 (19.0, 12.0) 55.0
8 (6.0, 22.0) 75.0
9 (26.0, 1.0) 59.0
,
0 26 22 24 25 16 26 31 11 11 13 0
26 0 17 12 14 12 9 5 16 16 20 26
22 17 0 6 28 10 10 21 13 20 9 22
24 12 6 0 24 8 4 15 12 19 12 24
25 14 28 24 0 19 22 16 20 14 26 25
16 12 10 8 19 0 10 17 5 11 8 16
26 9 10 4 22 10 0 12 15 19 16 26
31 5 21 15 16 17 12 0 21 21 25 31
11 16 13 12 20 5 15 21 0 8 7 11
11 16 20 19 14 11 19 21 8 0 14 11
13 20 9 12 26 8 16 25 7 14 0 13
0 26 22 24 25 16 26 31 11 11 13 0
,
0 33 22 50 25 31 34 60 16 14 30 0
57 0 47 13 30 31 20 8 18 36 48 78
42 33 0 8 33 13 29 34 20 37 26 61
47 31 7 0 56 20 10 32 21 32 36 49
42 40 56 26 0 19 29 45 20 21 72 33
37 19 28 16 49 0 17 42 8 21 14 20
33 12 23 4 23 25 0 20 36 45 34 61
74 11 55 42 19 34 20 0 27 28 29 83
30 31 37 16 44 8 43 28 0 22 7 14
13 34 28 44 39 25 38 41 15 0 30 24
18 27 13 12 40 24 27 39 18 21 0 18
0 69 40 41 63 42 63 83 23 16 30 0