2
10
,
0 (33.0, 40.0) 81.0
1 (44.0, 7.0) 89.0
2 (43.0, 19.0) 48.0
3 (6.0, 49.0) 66.0
4 (27.0, 17.0) 45.0
5 (44.0, 27.0) 74.0
6 (37.0, 49.0) 45.0
7 (19.0, 12.0) 66.0
8 (6.0, 22.0) 67.0
9 (26.0, 1.0) 51.0
,
0 26 22 24 25 16 26 31 11 11 13 0
26 0 17 12 14 12 9 5 16 16 20 26
22 17 0 6 28 10 10 21 13 20 9 22
24 12 6 0 24 8 4 15 12 19 12 24
25 14 28 24 0 19 22 16 20 14 26 25
16 12 10 8 19 0 10 17 5 11 8 16
26 9 10 4 22 10 0 12 15 19 16 26
31 5 21 15 16 17 12 0 21 21 25 31
11 16 13 12 20 5 15 21 0 8 7 11
11 16 20 19 14 11 19 21 8 0 14 11
13 20 9 12 26 8 16 25 7 14 0 13
0 26 22 24 25 16 26 31 11 11 13 0
,
0 64 35 62 54 38 74 44 23 20 27 0
31 0 20 17 18 28 13 6 33 27 39 62
56 19 0 6 57 14 22 57 16 33 19 42
42 32 6 0 42 21 10 33 15 38 13 29
43 16 49 36 0 22 38 23 27 38 61 67
48 24 26 13 28 0 17 17 11 32 18 35
75 19 20 4 49 17 0 26 18 42 45 56
41 9 51 32 41 36 23 0 61 23 26 84
13 23 21 37 48 13 31 46 0 15 15 26
15 22 27 43 18 31 56 33 16 0 16 28
19 28 25 13 61 20 46 63 10 42 0 31
0 38 35 63 35 36 41 70 34 22 25 0