2
10
,
0 (33.0, 40.0) 42.0
1 (44.0, 7.0) 90.0
2 (43.0, 19.0) 47.0
3 (6.0, 49.0) 78.0
4 (27.0, 17.0) 32.0
5 (44.0, 27.0) 78.0
6 (37.0, 49.0) 55.0
7 (19.0, 12.0) 70.0
8 (6.0, 22.0) 37.0
9 (26.0, 1.0) 53.0
,
0 26 22 24 25 16 26 31 11 11 13 0
26 0 17 12 14 12 9 5 16 16 20 26
22 17 0 6 28 10 10 21 13 20 9 22
24 12 6 0 24 8 4 15 12 19 12 24
25 14 28 24 0 19 22 16 20 14 26 25
16 12 10 8 19 0 10 17 5 11 8 16
26 9 10 4 22 10 0 12 15 19 16 26
31 5 21 15 16 17 12 0 21 21 25 31
11 16 13 12 20 5 15 21 0 8 7 11
11 16 20 19 14 11 19 21 8 0 14 11
13 20 9 12 26 8 16 25 7 14 0 13
0 26 22 24 25 16 26 31 11 11 13 0
,
0 37 62 33 66 44 48 72 28 26 33 0
61 0 24 30 18 13 21 5 34 46 39 61
34 39 0 15 70 13 28 33 33 32 10 30
69 33 15 0 58 18 11 22 24 53 35 33
47 42 54 45 0 37 44 32 51 34 47 48
36 12 10 19 49 0 17 20 9 27 18 21
27 11 14 11 51 12 0 25 31 46 43 42
68 15 61 22 39 36 13 0 51 43 39 64
32 28 29 29 26 7 23 56 0 17 16 26
24 30 61 33 23 25 33 41 11 0 41 15
17 30 27 32 36 16 40 58 10 31 0 34
0 61 23 58 28 41 37 86 31 34 25 0