2
10
,
0 (33.0, 40.0) 32.0
1 (44.0, 7.0) 75.0
2 (43.0, 19.0) 45.0
3 (6.0, 49.0) 34.0
4 (27.0, 17.0) 85.0
5 (44.0, 27.0) 34.0
6 (37.0, 49.0) 51.0
7 (19.0, 12.0) 37.0
8 (6.0, 22.0) 31.0
9 (26.0, 1.0) 31.0
,
0 26 22 24 25 16 26 31 11 11 13 0
26 0 17 12 14 12 9 5 16 16 20 26
22 17 0 6 28 10 10 21 13 20 9 22
24 12 6 0 24 8 4 15 12 19 12 24
25 14 28 24 0 19 22 16 20 14 26 25
16 12 10 8 19 0 10 17 5 11 8 16
26 9 10 4 22 10 0 12 15 19 16 26
31 5 21 15 16 17 12 0 21 21 25 31
11 16 13 12 20 5 15 21 0 8 7 11
11 16 20 19 14 11 19 21 8 0 14 11
13 20 9 12 26 8 16 25 7 14 0 13
0 26 22 24 25 16 26 31 11 11 13 0
,
0 44 25 38 52 33 65 60 16 26 14 0
51 0 21 32 30 27 15 8 36 32 38 31
31 41 0 16 43 29 23 41 33 37 13 39
68 26 18 0 60 17 8 34 17 44 30 62
38 25 59 64 0 29 43 33 58 18 68 71
37 16 26 8 44 0 21 25 6 29 18 21
62 14 15 12 39 15 0 27 15 38 42 35
66 10 55 26 20 29 34 0 50 35 42 33
30 20 13 13 20 6 42 24 0 13 11 21
27 19 39 19 21 23 26 54 11 0 30 15
26 49 25 25 45 24 18 51 16 16 0 14
0 54 36 69 46 30 39 46 11 14 28 0