2
10
,
0 (33.0, 40.0) 68.0
1 (44.0, 7.0) 60.0
2 (43.0, 19.0) 53.0
3 (6.0, 49.0) 50.0
4 (27.0, 17.0) 54.0
5 (44.0, 27.0) 45.0
6 (37.0, 49.0) 62.0
7 (19.0, 12.0) 41.0
8 (6.0, 22.0) 41.0
9 (26.0, 1.0) 70.0
,
0 26 22 24 25 16 26 31 11 11 13 0
26 0 17 12 14 12 9 5 16 16 20 26
22 17 0 6 28 10 10 21 13 20 9 22
24 12 6 0 24 8 4 15 12 19 12 24
25 14 28 24 0 19 22 16 20 14 26 25
16 12 10 8 19 0 10 17 5 11 8 16
26 9 10 4 22 10 0 12 15 19 16 26
31 5 21 15 16 17 12 0 21 21 25 31
11 16 13 12 20 5 15 21 0 8 7 11
11 16 20 19 14 11 19 21 8 0 14 11
13 20 9 12 26 8 16 25 7 14 0 13
0 26 22 24 25 16 26 31 11 11 13 0
,
0 29 46 69 73 20 58 83 29 30 14 0
53 0 38 28 39 14 18 11 19 31 29 52
37 18 0 9 37 14 23 48 27 60 23 23
58 31 11 0 41 16 5 30 13 21 24 43
41 16 79 48 0 53 59 35 48 40 39 56
26 28 26 19 38 0 21 25 9 30 18 28
30 11 16 6 40 12 0 31 31 37 34 45
90 7 27 33 27 50 25 0 46 58 59 73
12 29 25 26 39 5 41 46 0 9 9 24
15 21 55 54 40 13 22 34 11 0 27 12
38 57 25 22 71 20 18 47 13 31 0 22
0 53 50 57 44 21 71 37 28 24 36 0