2
10
,
0 (33.0, 40.0) 68.0
1 (44.0, 7.0) 34.0
2 (43.0, 19.0) 39.0
3 (6.0, 49.0) 46.0
4 (27.0, 17.0) 30.0
5 (44.0, 27.0) 85.0
6 (37.0, 49.0) 54.0
7 (19.0, 12.0) 65.0
8 (6.0, 22.0) 55.0
9 (26.0, 1.0) 46.0
,
0 26 22 24 25 16 26 31 11 11 13 0
26 0 17 12 14 12 9 5 16 16 20 26
22 17 0 6 28 10 10 21 13 20 9 22
24 12 6 0 24 8 4 15 12 19 12 24
25 14 28 24 0 19 22 16 20 14 26 25
16 12 10 8 19 0 10 17 5 11 8 16
26 9 10 4 22 10 0 12 15 19 16 26
31 5 21 15 16 17 12 0 21 21 25 31
11 16 13 12 20 5 15 21 0 8 7 11
11 16 20 19 14 11 19 21 8 0 14 11
13 20 9 12 26 8 16 25 7 14 0 13
0 26 22 24 25 16 26 31 11 11 13 0
,
0 40 61 28 36 34 45 87 27 19 19 0
61 0 28 18 36 31 12 14 30 44 37 28
46 52 0 15 70 15 25 55 18 47 11 23
24 17 13 0 42 12 5 38 27 49 34 27
71 33 34 35 0 46 31 29 42 18 31 31
27 35 13 10 45 0 25 27 5 16 23 45
29 9 13 9 44 29 0 13 31 38 29 61
73 5 30 20 21 17 28 0 58 32 37 74
23 17 33 24 49 8 20 48 0 21 16 29
17 28 32 31 17 21 37 34 22 0 31 15
35 51 11 33 73 14 25 63 18 36 0 13
0 56 64 30 74 36 67 92 27 18 23 0