2
10
,
0 (33.0, 40.0) 72.0
1 (44.0, 7.0) 67.0
2 (43.0, 19.0) 86.0
3 (6.0, 49.0) 41.0
4 (27.0, 17.0) 71.0
5 (44.0, 27.0) 57.0
6 (37.0, 49.0) 53.0
7 (19.0, 12.0) 62.0
8 (6.0, 22.0) 42.0
9 (26.0, 1.0) 84.0
,
0 26 22 24 25 16 26 31 11 11 13 0
26 0 17 12 14 12 9 5 16 16 20 26
22 17 0 6 28 10 10 21 13 20 9 22
24 12 6 0 24 8 4 15 12 19 12 24
25 14 28 24 0 19 22 16 20 14 26 25
16 12 10 8 19 0 10 17 5 11 8 16
26 9 10 4 22 10 0 12 15 19 16 26
31 5 21 15 16 17 12 0 21 21 25 31
11 16 13 12 20 5 15 21 0 8 7 11
11 16 20 19 14 11 19 21 8 0 14 11
13 20 9 12 26 8 16 25 7 14 0 13
0 26 22 24 25 16 26 31 11 11 13 0
,
0 60 67 60 35 37 55 79 14 18 34 0
53 0 25 26 22 14 12 9 41 24 59 34
60 24 0 18 72 22 25 35 34 45 10 27
32 29 10 0 61 20 9 35 25 36 16 53
69 39 48 37 0 29 39 35 46 20 41 74
23 34 20 15 54 0 19 45 14 29 13 24
63 10 23 5 52 18 0 16 35 21 28 76
60 8 50 19 27 39 30 0 55 28 43 77
29 24 35 29 52 10 18 35 0 17 9 29
25 30 31 31 20 15 56 35 21 0 20 27
14 21 10 22 40 13 18 45 14 36 0 35
0 42 62 44 69 17 34 42 29 16 28 0