2
10
,
0 (33.0, 40.0) 86.0
1 (44.0, 7.0) 48.0
2 (43.0, 19.0) 32.0
3 (6.0, 49.0) 36.0
4 (27.0, 17.0) 31.0
5 (44.0, 27.0) 79.0
6 (37.0, 49.0) 43.0
7 (19.0, 12.0) 83.0
8 (6.0, 22.0) 84.0
9 (26.0, 1.0) 81.0
,
0 26 22 24 25 16 26 31 11 11 13 0
26 0 17 12 14 12 9 5 16 16 20 26
22 17 0 6 28 10 10 21 13 20 9 22
24 12 6 0 24 8 4 15 12 19 12 24
25 14 28 24 0 19 22 16 20 14 26 25
16 12 10 8 19 0 10 17 5 11 8 16
26 9 10 4 22 10 0 12 15 19 16 26
31 5 21 15 16 17 12 0 21 21 25 31
11 16 13 12 20 5 15 21 0 8 7 11
11 16 20 19 14 11 19 21 8 0 14 11
13 20 9 12 26 8 16 25 7 14 0 13
0 26 22 24 25 16 26 31 11 11 13 0
,
0 28 48 57 50 46 61 81 30 30 31 0
47 0 37 19 15 27 12 7 22 27 41 39
23 50 0 14 37 24 24 30 21 41 20 24
63 21 13 0 67 14 8 31 20 49 35 34
73 23 36 48 0 42 39 19 55 15 49 50
20 31 12 21 21 0 17 50 7 15 9 46
49 18 28 9 65 26 0 15 31 55 34 46
52 8 60 45 22 30 27 0 54 45 74 65
27 46 22 37 30 10 24 29 0 10 7 13
16 31 42 53 31 17 20 57 20 0 36 27
20 31 13 19 34 15 29 45 9 24 0 17
0 39 58 32 56 19 63 41 15 20 20 0