2
10
,
0 (33.0, 40.0) 36.0
1 (44.0, 7.0) 32.0
2 (43.0, 19.0) 72.0
3 (6.0, 49.0) 88.0
4 (27.0, 17.0) 58.0
5 (44.0, 27.0) 64.0
6 (37.0, 49.0) 31.0
7 (19.0, 12.0) 51.0
8 (6.0, 22.0) 57.0
9 (26.0, 1.0) 59.0
,
0 26 22 24 25 16 26 31 11 11 13 0
26 0 17 12 14 12 9 5 16 16 20 26
22 17 0 6 28 10 10 21 13 20 9 22
24 12 6 0 24 8 4 15 12 19 12 24
25 14 28 24 0 19 22 16 20 14 26 25
16 12 10 8 19 0 10 17 5 11 8 16
26 9 10 4 22 10 0 12 15 19 16 26
31 5 21 15 16 17 12 0 21 21 25 31
11 16 13 12 20 5 15 21 0 8 7 11
11 16 20 19 14 11 19 21 8 0 14 11
13 20 9 12 26 8 16 25 7 14 0 13
0 26 22 24 25 16 26 31 11 11 13 0
,
0 46 63 60 34 24 39 39 17 16 33 0
37 0 51 20 15 14 11 10 26 28 35 32
37 27 0 15 83 11 22 35 36 43 16 36
52 24 8 0 57 15 7 30 37 20 32 56
28 41 61 39 0 45 57 35 25 29 50 69
43 16 29 16 31 0 18 39 7 16 16 17
61 13 19 8 55 20 0 23 20 32 19 35
40 5 47 37 19 27 26 0 48 22 54 77
20 40 18 33 40 7 25 56 0 21 11 26
18 48 45 45 28 16 20 33 17 0 18 13
35 22 21 20 75 18 29 53 18 33 0 33
0 35 44 57 51 39 72 69 28 20 31 0