2
10
,
0 (33.0, 40.0) 59.0
1 (44.0, 7.0) 73.0
2 (43.0, 19.0) 52.0
3 (6.0, 49.0) 52.0
4 (27.0, 17.0) 81.0
5 (44.0, 27.0) 43.0
6 (37.0, 49.0) 31.0
7 (19.0, 12.0) 45.0
8 (6.0, 22.0) 74.0
9 (26.0, 1.0) 49.0
,
0 26 22 24 25 16 26 31 11 11 13 0
26 0 17 12 14 12 9 5 16 16 20 26
22 17 0 6 28 10 10 21 13 20 9 22
24 12 6 0 24 8 4 15 12 19 12 24
25 14 28 24 0 19 22 16 20 14 26 25
16 12 10 8 19 0 10 17 5 11 8 16
26 9 10 4 22 10 0 12 15 19 16 26
31 5 21 15 16 17 12 0 21 21 25 31
11 16 13 12 20 5 15 21 0 8 7 11
11 16 20 19 14 11 19 21 8 0 14 11
13 20 9 12 26 8 16 25 7 14 0 13
0 26 22 24 25 16 26 31 11 11 13 0
,
0 55 42 30 66 30 76 42 13 22 15 0
48 0 52 15 34 32 19 11 35 31 24 34
65 35 0 16 37 24 17 26 28 34 18 60
42 14 14 0 43 17 12 46 22 49 18 26
71 39 43 43 0 55 34 40 29 14 56 45
22 25 27 14 32 0 15 20 12 17 13 47
50 23 18 11 34 10 0 22 27 38 30 61
65 13 36 24 38 46 31 0 22 38 40 45
34 44 17 27 25 12 38 34 0 10 16 31
13 39 21 45 33 26 21 45 10 0 30 33
36 48 19 25 42 12 20 58 15 26 0 21
0 75 27 58 33 22 46 35 20 23 36 0