2
10
,
0 (33.0, 40.0) 37.0
1 (44.0, 7.0) 35.0
2 (43.0, 19.0) 67.0
3 (6.0, 49.0) 77.0
4 (27.0, 17.0) 83.0
5 (44.0, 27.0) 39.0
6 (37.0, 49.0) 61.0
7 (19.0, 12.0) 38.0
8 (6.0, 22.0) 78.0
9 (26.0, 1.0) 32.0
,
0 26 22 24 25 16 26 31 11 11 13 0
26 0 17 12 14 12 9 5 16 16 20 26
22 17 0 6 28 10 10 21 13 20 9 22
24 12 6 0 24 8 4 15 12 19 12 24
25 14 28 24 0 19 22 16 20 14 26 25
16 12 10 8 19 0 10 17 5 11 8 16
26 9 10 4 22 10 0 12 15 19 16 26
31 5 21 15 16 17 12 0 21 21 25 31
11 16 13 12 20 5 15 21 0 8 7 11
11 16 20 19 14 11 19 21 8 0 14 11
13 20 9 12 26 8 16 25 7 14 0 13
0 26 22 24 25 16 26 31 11 11 13 0
,
0 33 48 50 37 47 46 70 29 24 39 0
74 0 48 15 18 34 16 8 42 24 36 70
44 41 0 14 70 18 14 41 30 28 17 66
50 19 13 0 65 20 9 22 25 30 25 54
68 19 84 36 0 24 61 17 21 27 27 51
42 29 11 19 28 0 21 46 7 18 16 19
29 25 26 5 44 21 0 21 21 48 22 44
83 14 61 38 30 27 16 0 23 52 62 74
19 22 30 33 25 10 16 25 0 20 8 13
32 46 26 20 30 12 40 50 16 0 31 13
27 52 21 32 78 13 47 72 19 35 0 14
0 27 58 68 46 24 53 86 29 19 24 0