2
10
,
0 (33.0, 40.0) 43.0
1 (44.0, 7.0) 37.0
2 (43.0, 19.0) 84.0
3 (6.0, 49.0) 90.0
4 (27.0, 17.0) 80.0
5 (44.0, 27.0) 49.0
6 (37.0, 49.0) 71.0
7 (19.0, 12.0) 42.0
8 (6.0, 22.0) 90.0
9 (26.0, 1.0) 51.0
,
0 26 22 24 25 16 26 31 11 11 13 0
26 0 17 12 14 12 9 5 16 16 20 26
22 17 0 6 28 10 10 21 13 20 9 22
24 12 6 0 24 8 4 15 12 19 12 24
25 14 28 24 0 19 22 16 20 14 26 25
16 12 10 8 19 0 10 17 5 11 8 16
26 9 10 4 22 10 0 12 15 19 16 26
31 5 21 15 16 17 12 0 21 21 25 31
11 16 13 12 20 5 15 21 0 8 7 11
11 16 20 19 14 11 19 21 8 0 14 11
13 20 9 12 26 8 16 25 7 14 0 13
0 26 22 24 25 16 26 31 11 11 13 0
,
0 71 62 45 34 35 28 88 26 17 37 0
73 0 32 29 20 31 25 9 44 20 32 53
53 34 0 6 33 23 26 31 14 50 21 52
28 15 11 0 60 13 10 25 13 32 34 41
31 33 35 29 0 30 29 34 41 18 33 62
23 22 10 23 53 0 29 42 5 29 17 37
48 21 19 5 39 17 0 14 31 32 36 70
79 11 54 37 20 31 25 0 22 39 49 72
16 44 28 29 54 10 30 45 0 10 10 31
34 41 58 19 22 29 30 29 16 0 30 13
27 21 15 21 77 18 29 27 18 30 0 15
0 27 29 61 42 45 37 64 19 21 25 0