2
10
,
0 (33.0, 40.0) 38.0
1 (44.0, 7.0) 49.0
2 (43.0, 19.0) 74.0
3 (6.0, 49.0) 52.0
4 (27.0, 17.0) 35.0
5 (44.0, 27.0) 53.0
6 (37.0, 49.0) 60.0
7 (19.0, 12.0) 40.0
8 (6.0, 22.0) 78.0
9 (26.0, 1.0) 40.0
,
0 26 22 24 25 16 26 31 11 11 13 0
26 0 17 12 14 12 9 5 16 16 20 26
22 17 0 6 28 10 10 21 13 20 9 22
24 12 6 0 24 8 4 15 12 19 12 24
25 14 28 24 0 19 22 16 20 14 26 25
16 12 10 8 19 0 10 17 5 11 8 16
26 9 10 4 22 10 0 12 15 19 16 26
31 5 21 15 16 17 12 0 21 21 25 31
11 16 13 12 20 5 15 21 0 8 7 11
11 16 20 19 14 11 19 21 8 0 14 11
13 20 9 12 26 8 16 25 7 14 0 13
0 26 22 24 25 16 26 31 11 11 13 0
,
0 33 25 39 26 21 77 76 11 14 34 0
36 0 36 13 29 17 23 12 44 28 44 30
26 30 0 15 54 21 19 29 31 46 17 32
59 32 13 0 46 8 6 24 20 21 18 28
71 32 30 31 0 49 60 28 53 34 65 52
32 29 11 21 55 0 18 30 9 32 11 39
27 15 16 8 51 26 0 25 39 57 24 38
61 10 57 17 30 27 12 0 51 51 45 91
25 39 19 35 22 5 19 25 0 10 9 19
31 49 41 33 17 12 52 40 16 0 35 15
14 44 21 22 65 16 45 58 10 39 0 17
0 71 58 41 69 37 29 70 26 32 22 0