2
10
,
0 (33.0, 40.0) 48.0
1 (44.0, 7.0) 35.0
2 (43.0, 19.0) 34.0
3 (6.0, 49.0) 38.0
4 (27.0, 17.0) 74.0
5 (44.0, 27.0) 52.0
6 (37.0, 49.0) 35.0
7 (19.0, 12.0) 42.0
8 (6.0, 22.0) 43.0
9 (26.0, 1.0) 33.0
,
0 26 22 24 25 16 26 31 11 11 13 0
26 0 17 12 14 12 9 5 16 16 20 26
22 17 0 6 28 10 10 21 13 20 9 22
24 12 6 0 24 8 4 15 12 19 12 24
25 14 28 24 0 19 22 16 20 14 26 25
16 12 10 8 19 0 10 17 5 11 8 16
26 9 10 4 22 10 0 12 15 19 16 26
31 5 21 15 16 17 12 0 21 21 25 31
11 16 13 12 20 5 15 21 0 8 7 11
11 16 20 19 14 11 19 21 8 0 14 11
13 20 9 12 26 8 16 25 7 14 0 13
0 26 22 24 25 16 26 31 11 11 13 0
,
0 73 45 32 55 47 63 57 28 25 23 0
32 0 18 21 31 18 9 7 37 48 36 39
30 22 0 9 37 24 21 58 13 51 15 48
29 33 17 0 61 8 5 35 14 41 27 45
58 28 30 30 0 51 44 45 32 19 76 65
36 17 13 9 21 0 11 36 11 12 10 27
27 9 25 9 26 18 0 16 26 30 26 45
59 8 46 25 39 41 18 0 23 26 67 73
12 36 20 27 36 7 32 23 0 12 14 28
15 28 39 21 29 30 45 25 20 0 41 17
25 37 28 24 38 15 19 38 19 26 0 37
0 52 40 37 58 36 41 80 13 14 30 0