2
10
,
0 (33.0, 40.0) 34.0
1 (44.0, 7.0) 33.0
2 (43.0, 19.0) 74.0
3 (6.0, 49.0) 84.0
4 (27.0, 17.0) 46.0
5 (44.0, 27.0) 65.0
6 (37.0, 49.0) 43.0
7 (19.0, 12.0) 37.0
8 (6.0, 22.0) 77.0
9 (26.0, 1.0) 62.0
,
0 26 22 24 25 16 26 31 11 11 13 0
26 0 17 12 14 12 9 5 16 16 20 26
22 17 0 6 28 10 10 21 13 20 9 22
24 12 6 0 24 8 4 15 12 19 12 24
25 14 28 24 0 19 22 16 20 14 26 25
16 12 10 8 19 0 10 17 5 11 8 16
26 9 10 4 22 10 0 12 15 19 16 26
31 5 21 15 16 17 12 0 21 21 25 31
11 16 13 12 20 5 15 21 0 8 7 11
11 16 20 19 14 11 19 21 8 0 14 11
13 20 9 12 26 8 16 25 7 14 0 13
0 26 22 24 25 16 26 31 11 11 13 0
,
0 38 43 69 47 44 37 85 12 12 23 0
28 0 21 23 32 20 14 5 38 18 52 71
60 26 0 13 83 22 12 44 20 46 17 45
63 33 9 0 37 10 9 41 20 55 14 46
45 20 33 25 0 50 55 42 36 15 50 28
35 18 14 16 29 0 17 46 11 22 23 20
70 16 27 6 31 22 0 17 36 57 25 44
79 6 27 19 25 38 18 0 31 41 73 70
19 25 30 22 49 9 37 27 0 20 7 28
15 28 51 29 28 13 21 48 23 0 17 29
26 31 27 36 72 10 32 71 14 22 0 39
0 31 48 26 31 36 59 75 23 17 13 0