1
5
,
0 (35.0, 22.0) 43.0
1 (24.0, 27.0) 42.0
2 (7.0, 9.0) 64.0
3 (16.0, 25.0) 53.0
4 (49.0, 11.0) 82.0
,
0 21 18 6 15 25 0
21 0 6 15 10 9 21
18 6 0 12 4 15 18
6 15 12 0 9 21 6
15 10 4 9 0 18 15
25 9 15 21 18 0 25
0 21 18 6 15 25 0
,
0 36 51 7 31 74 0
36 0 16 29 25 23 26
35 18 0 22 9 19 38
10 20 13 0 22 36 10
25 26 9 21 0 26 16
59 13 25 37 22 0 45
0 45 48 10 29 56 0