1
5
,
0 (35.0, 22.0) 47.0
1 (24.0, 27.0) 34.0
2 (7.0, 9.0) 35.0
3 (16.0, 25.0) 43.0
4 (49.0, 11.0) 66.0
,
0 21 18 6 15 25 0
21 0 6 15 10 9 21
18 6 0 12 4 15 18
6 15 12 0 9 21 6
15 10 4 9 0 18 15
25 9 15 21 18 0 25
0 21 18 6 15 25 0
,
0 30 45 7 23 62 0
40 0 7 19 18 23 23
25 8 0 35 8 25 43
10 35 25 0 18 46 6
24 18 5 25 0 29 37
63 13 29 45 51 0 32
0 25 39 6 22 43 0