1
5
,
0 (35.0, 22.0) 56.0
1 (24.0, 27.0) 37.0
2 (7.0, 9.0) 76.0
3 (16.0, 25.0) 66.0
4 (49.0, 11.0) 88.0
,
0 21 18 6 15 25 0
21 0 6 15 10 9 21
18 6 0 12 4 15 18
6 15 12 0 9 21 6
15 10 4 9 0 18 15
25 9 15 21 18 0 25
0 21 18 6 15 25 0
,
0 49 51 10 20 61 0
61 0 14 39 13 24 22
42 12 0 37 8 20 22
12 40 12 0 14 62 7
28 18 5 24 0 30 40
48 24 31 29 52 0 56
0 59 39 15 31 36 0