1
5
,
0 (35.0, 22.0) 32.0
1 (24.0, 27.0) 44.0
2 (7.0, 9.0) 31.0
3 (16.0, 25.0) 36.0
4 (49.0, 11.0) 46.0
,
0 21 18 6 15 25 0
21 0 6 15 10 9 21
18 6 0 12 4 15 18
6 15 12 0 9 21 6
15 10 4 9 0 18 15
25 9 15 21 18 0 25
0 21 18 6 15 25 0
,
0 36 53 8 30 59 0
26 0 8 20 24 25 26
34 10 0 15 7 15 22
7 30 32 0 27 46 6
17 21 8 22 0 28 33
55 18 17 28 36 0 64
0 55 40 13 20 39 0