1
5
,
0 (35.0, 22.0) 60.0
1 (24.0, 27.0) 67.0
2 (7.0, 9.0) 88.0
3 (16.0, 25.0) 60.0
4 (49.0, 11.0) 53.0
,
0 21 18 6 15 25 0
21 0 6 15 10 9 21
18 6 0 12 4 15 18
6 15 12 0 9 21 6
15 10 4 9 0 18 15
25 9 15 21 18 0 25
0 21 18 6 15 25 0
,
0 52 35 10 26 70 0
41 0 10 23 25 26 23
47 13 0 33 6 29 20
14 36 30 0 16 23 15
22 17 9 27 0 47 34
26 13 43 34 48 0 51
0 50 41 13 16 58 0