1
5
,
0 (35.0, 22.0) 62.0
1 (24.0, 27.0) 67.0
2 (7.0, 9.0) 79.0
3 (16.0, 25.0) 36.0
4 (49.0, 11.0) 51.0
,
0 21 18 6 15 25 0
21 0 6 15 10 9 21
18 6 0 12 4 15 18
6 15 12 0 9 21 6
15 10 4 9 0 18 15
25 9 15 21 18 0 25
0 21 18 6 15 25 0
,
0 59 49 7 31 54 0
42 0 11 18 17 21 56
26 18 0 12 9 43 47
8 38 18 0 26 51 15
18 22 7 15 0 30 19
63 13 32 38 51 0 59
0 38 53 16 36 33 0