1
5
,
0 (35.0, 22.0) 36.0
1 (24.0, 27.0) 46.0
2 (7.0, 9.0) 57.0
3 (16.0, 25.0) 87.0
4 (49.0, 11.0) 42.0
,
0 21 18 6 15 25 0
21 0 6 15 10 9 21
18 6 0 12 4 15 18
6 15 12 0 9 21 6
15 10 4 9 0 18 15
25 9 15 21 18 0 25
0 21 18 6 15 25 0
,
0 30 44 15 37 27 0
38 0 14 37 23 19 27
22 13 0 17 8 26 47
15 18 33 0 18 41 14
27 24 8 11 0 23 22
36 15 22 35 34 0 60
0 57 31 14 23 38 0