1
5
,
0 (35.0, 22.0) 63.0
1 (24.0, 27.0) 43.0
2 (7.0, 9.0) 38.0
3 (16.0, 25.0) 67.0
4 (49.0, 11.0) 64.0
,
0 21 18 6 15 25 0
21 0 6 15 10 9 21
18 6 0 12 4 15 18
6 15 12 0 9 21 6
15 10 4 9 0 18 15
25 9 15 21 18 0 25
0 21 18 6 15 25 0
,
0 42 40 7 30 41 0
31 0 10 17 27 22 61
53 12 0 29 8 25 23
13 17 33 0 20 31 12
29 19 11 22 0 45 30
52 13 34 52 35 0 57
0 21 31 7 24 56 0