1
5
,
0 (35.0, 22.0) 39.0
1 (24.0, 27.0) 41.0
2 (7.0, 9.0) 30.0
3 (16.0, 25.0) 39.0
4 (49.0, 11.0) 58.0
,
0 21 18 6 15 25 0
21 0 6 15 10 9 21
18 6 0 12 4 15 18
6 15 12 0 9 21 6
15 10 4 9 0 18 15
25 9 15 21 18 0 25
0 21 18 6 15 25 0
,
0 61 19 15 35 26 0
23 0 6 46 21 15 52
42 12 0 12 11 29 50
15 26 15 0 21 32 13
28 27 11 9 0 51 21
31 11 16 42 25 0 26
0 48 19 11 44 49 0