1
5
,
0 (35.0, 22.0) 32.0
1 (24.0, 27.0) 58.0
2 (7.0, 9.0) 43.0
3 (16.0, 25.0) 58.0
4 (49.0, 11.0) 33.0
,
0 21 18 6 15 25 0
21 0 6 15 10 9 21
18 6 0 12 4 15 18
6 15 12 0 9 21 6
15 10 4 9 0 18 15
25 9 15 21 18 0 25
0 21 18 6 15 25 0
,
0 31 24 7 19 37 0
61 0 11 30 14 11 39
40 9 0 14 12 37 28
10 21 33 0 11 33 7
40 25 8 17 0 41 41
67 13 37 42 38 0 55
0 50 33 11 40 26 0