1
5
,
0 (35.0, 22.0) 47.0
1 (24.0, 27.0) 82.0
2 (7.0, 9.0) 54.0
3 (16.0, 25.0) 71.0
4 (49.0, 11.0) 31.0
,
0 21 18 6 15 25 0
21 0 6 15 10 9 21
18 6 0 12 4 15 18
6 15 12 0 9 21 6
15 10 4 9 0 18 15
25 9 15 21 18 0 25
0 21 18 6 15 25 0
,
0 36 26 8 29 45 0
27 0 10 31 21 17 41
34 17 0 36 5 17 36
16 38 20 0 21 32 11
34 18 9 21 0 18 34
51 20 21 59 37 0 26
0 62 47 12 26 67 0