1
5
,
0 (35.0, 22.0) 39.0
1 (24.0, 27.0) 42.0
2 (7.0, 9.0) 47.0
3 (16.0, 25.0) 31.0
4 (49.0, 11.0) 49.0
,
0 21 18 6 15 25 0
21 0 6 15 10 9 21
18 6 0 12 4 15 18
6 15 12 0 9 21 6
15 10 4 9 0 18 15
25 9 15 21 18 0 25
0 21 18 6 15 25 0
,
0 54 40 7 25 52 0
33 0 12 19 10 24 35
43 10 0 22 9 20 40
8 42 20 0 23 33 17
21 25 6 24 0 29 33
60 21 22 58 52 0 32
0 58 49 16 39 59 0