1
5
,
0 (35.0, 22.0) 42.0
1 (24.0, 27.0) 42.0
2 (7.0, 9.0) 61.0
3 (16.0, 25.0) 82.0
4 (49.0, 11.0) 34.0
,
0 21 18 6 15 25 0
21 0 6 15 10 9 21
18 6 0 12 4 15 18
6 15 12 0 9 21 6
15 10 4 9 0 18 15
25 9 15 21 18 0 25
0 21 18 6 15 25 0
,
0 48 30 16 38 47 0
26 0 10 24 11 15 35
47 11 0 23 11 44 27
14 43 32 0 16 35 12
21 26 6 14 0 48 41
73 19 31 23 35 0 34
0 53 28 15 40 37 0