1
5
,
0 (35.0, 22.0) 52.0
1 (24.0, 27.0) 65.0
2 (7.0, 9.0) 60.0
3 (16.0, 25.0) 50.0
4 (49.0, 11.0) 37.0
,
0 21 18 6 15 25 0
21 0 6 15 10 9 21
18 6 0 12 4 15 18
6 15 12 0 9 21 6
15 10 4 9 0 18 15
25 9 15 21 18 0 25
0 21 18 6 15 25 0
,
0 47 31 12 33 66 0
37 0 6 19 18 21 52
47 9 0 35 9 34 38
13 32 26 0 16 22 16
26 10 8 12 0 35 18
35 26 26 52 52 0 62
0 30 33 7 30 35 0