1
5
,
0 (35.0, 22.0) 84.0
1 (24.0, 27.0) 61.0
2 (7.0, 9.0) 67.0
3 (16.0, 25.0) 67.0
4 (49.0, 11.0) 34.0
,
0 21 18 6 15 25 0
21 0 6 15 10 9 21
18 6 0 12 4 15 18
6 15 12 0 9 21 6
15 10 4 9 0 18 15
25 9 15 21 18 0 25
0 21 18 6 15 25 0
,
0 32 20 9 21 54 0
21 0 12 29 12 22 32
19 8 0 23 10 24 28
16 21 23 0 11 55 13
37 12 9 13 0 47 20
55 15 15 37 20 0 63
0 27 28 6 17 67 0