1
5
,
0 (35.0, 22.0) 72.0
1 (24.0, 27.0) 39.0
2 (7.0, 9.0) 42.0
3 (16.0, 25.0) 56.0
4 (49.0, 11.0) 80.0
,
0 21 18 6 15 25 0
21 0 6 15 10 9 21
18 6 0 12 4 15 18
6 15 12 0 9 21 6
15 10 4 9 0 18 15
25 9 15 21 18 0 25
0 21 18 6 15 25 0
,
0 59 32 9 33 44 0
29 0 6 24 17 13 22
51 13 0 26 7 38 20
7 28 19 0 20 39 16
33 17 9 13 0 46 17
53 22 33 59 39 0 49
0 29 43 16 17 41 0