1
5
,
0 (35.0, 22.0) 80.0
1 (24.0, 27.0) 61.0
2 (7.0, 9.0) 70.0
3 (16.0, 25.0) 78.0
4 (49.0, 11.0) 47.0
,
0 21 18 6 15 25 0
21 0 6 15 10 9 21
18 6 0 12 4 15 18
6 15 12 0 9 21 6
15 10 4 9 0 18 15
25 9 15 21 18 0 25
0 21 18 6 15 25 0
,
0 55 51 9 33 35 0
53 0 18 44 23 12 37
31 13 0 35 12 27 38
16 26 18 0 20 40 6
34 22 6 11 0 20 44
36 14 36 22 29 0 56
0 24 37 15 41 41 0