1
5
,
0 (35.0, 22.0) 36.0
1 (24.0, 27.0) 83.0
2 (7.0, 9.0) 40.0
3 (16.0, 25.0) 64.0
4 (49.0, 11.0) 39.0
,
0 21 18 6 15 25 0
21 0 6 15 10 9 21
18 6 0 12 4 15 18
6 15 12 0 9 21 6
15 10 4 9 0 18 15
25 9 15 21 18 0 25
0 21 18 6 15 25 0
,
0 35 50 11 30 43 0
47 0 16 33 19 11 24
50 16 0 25 10 36 44
6 19 34 0 14 52 16
18 18 7 23 0 20 44
38 14 37 41 28 0 36
0 62 25 15 30 63 0