1
5
,
0 (35.0, 22.0) 80.0
1 (24.0, 27.0) 62.0
2 (7.0, 9.0) 38.0
3 (16.0, 25.0) 49.0
4 (49.0, 11.0) 52.0
,
0 21 18 6 15 25 0
21 0 6 15 10 9 21
18 6 0 12 4 15 18
6 15 12 0 9 21 6
15 10 4 9 0 18 15
25 9 15 21 18 0 25
0 21 18 6 15 25 0
,
0 58 39 15 20 70 0
52 0 13 39 18 22 45
39 6 0 20 6 30 37
17 24 23 0 10 22 16
26 19 6 12 0 31 19
40 18 43 50 25 0 54
0 35 53 13 29 33 0