1
5
,
0 (35.0, 22.0) 84.0
1 (24.0, 27.0) 53.0
2 (7.0, 9.0) 87.0
3 (16.0, 25.0) 38.0
4 (49.0, 11.0) 56.0
,
0 21 18 6 15 25 0
21 0 6 15 10 9 21
18 6 0 12 4 15 18
6 15 12 0 9 21 6
15 10 4 9 0 18 15
25 9 15 21 18 0 25
0 21 18 6 15 25 0
,
0 54 27 6 31 56 0
62 0 12 41 18 13 36
36 18 0 19 12 28 25
16 24 31 0 12 24 15
28 23 4 23 0 28 29
31 25 21 62 28 0 40
0 60 37 10 30 63 0