1
5
,
0 (35.0, 22.0) 48.0
1 (24.0, 27.0) 35.0
2 (7.0, 9.0) 61.0
3 (16.0, 25.0) 31.0
4 (49.0, 11.0) 43.0
,
0 21 18 6 15 25 0
21 0 6 15 10 9 21
18 6 0 12 4 15 18
6 15 12 0 9 21 6
15 10 4 9 0 18 15
25 9 15 21 18 0 25
0 21 18 6 15 25 0
,
0 39 51 7 18 38 0
26 0 10 35 25 25 39
30 13 0 13 7 44 50
7 30 18 0 11 59 7
39 10 9 16 0 37 20
75 19 22 41 31 0 38
0 46 30 14 21 47 0