1
5
,
0 (35.0, 22.0) 42.0
1 (24.0, 27.0) 33.0
2 (7.0, 9.0) 35.0
3 (16.0, 25.0) 76.0
4 (49.0, 11.0) 50.0
,
0 21 18 6 15 25 0
21 0 6 15 10 9 21
18 6 0 12 4 15 18
6 15 12 0 9 21 6
15 10 4 9 0 18 15
25 9 15 21 18 0 25
0 21 18 6 15 25 0
,
0 54 45 17 29 34 0
36 0 18 31 26 14 43
22 10 0 28 11 23 23
10 37 26 0 23 28 15
43 21 8 16 0 53 18
49 18 22 22 28 0 27
0 40 36 6 40 43 0