1
5
,
0 (35.0, 22.0) 31.0
1 (24.0, 27.0) 39.0
2 (7.0, 9.0) 84.0
3 (16.0, 25.0) 53.0
4 (49.0, 11.0) 53.0
,
0 21 18 6 15 25 0
21 0 6 15 10 9 21
18 6 0 12 4 15 18
6 15 12 0 9 21 6
15 10 4 9 0 18 15
25 9 15 21 18 0 25
0 21 18 6 15 25 0
,
0 23 46 12 26 61 0
35 0 17 38 15 14 56
36 14 0 27 12 16 29
14 31 23 0 27 63 11
19 19 6 21 0 42 30
25 21 19 54 40 0 61
0 26 19 16 31 26 0