1
5
,
0 (35.0, 22.0) 51.0
1 (24.0, 27.0) 47.0
2 (7.0, 9.0) 75.0
3 (16.0, 25.0) 47.0
4 (49.0, 11.0) 40.0
,
0 21 18 6 15 25 0
21 0 6 15 10 9 21
18 6 0 12 4 15 18
6 15 12 0 9 21 6
15 10 4 9 0 18 15
25 9 15 21 18 0 25
0 21 18 6 15 25 0
,
0 26 33 12 39 68 0
61 0 16 18 18 26 48
35 9 0 22 8 34 19
11 25 15 0 25 33 9
31 12 7 13 0 49 42
73 10 22 31 41 0 31
0 57 20 12 31 69 0