1
5
,
0 (35.0, 22.0) 56.0
1 (24.0, 27.0) 38.0
2 (7.0, 9.0) 30.0
3 (16.0, 25.0) 71.0
4 (49.0, 11.0) 76.0
,
0 21 18 6 15 25 0
21 0 6 15 10 9 21
18 6 0 12 4 15 18
6 15 12 0 9 21 6
15 10 4 9 0 18 15
25 9 15 21 18 0 25
0 21 18 6 15 25 0
,
0 59 44 15 28 42 0
46 0 16 29 18 23 39
32 16 0 17 12 16 28
16 18 31 0 12 47 15
22 26 8 16 0 33 23
69 20 21 43 46 0 34
0 33 32 8 41 72 0