1
5
,
0 (35.0, 22.0) 48.0
1 (24.0, 27.0) 35.0
2 (7.0, 9.0) 51.0
3 (16.0, 25.0) 62.0
4 (49.0, 11.0) 44.0
,
0 21 18 6 15 25 0
21 0 6 15 10 9 21
18 6 0 12 4 15 18
6 15 12 0 9 21 6
15 10 4 9 0 18 15
25 9 15 21 18 0 25
0 21 18 6 15 25 0
,
0 55 38 14 40 67 0
58 0 11 20 22 22 37
53 9 0 25 8 30 53
16 38 13 0 16 60 15
24 16 9 11 0 50 22
64 23 35 50 46 0 71
0 55 30 16 26 74 0