1
5
,
0 (35.0, 22.0) 31.0
1 (24.0, 27.0) 39.0
2 (7.0, 9.0) 42.0
3 (16.0, 25.0) 68.0
4 (49.0, 11.0) 39.0
,
0 21 18 6 15 25 0
21 0 6 15 10 9 21
18 6 0 12 4 15 18
6 15 12 0 9 21 6
15 10 4 9 0 18 15
25 9 15 21 18 0 25
0 21 18 6 15 25 0
,
0 55 27 9 32 58 0
25 0 11 42 15 22 51
33 15 0 31 9 44 20
12 26 22 0 21 50 11
40 16 8 25 0 39 38
28 19 16 43 33 0 68
0 61 24 15 18 31 0