1
5
,
0 (35.0, 22.0) 85.0
1 (24.0, 27.0) 48.0
2 (7.0, 9.0) 35.0
3 (16.0, 25.0) 78.0
4 (49.0, 11.0) 71.0
,
0 21 18 6 15 25 0
21 0 6 15 10 9 21
18 6 0 12 4 15 18
6 15 12 0 9 21 6
15 10 4 9 0 18 15
25 9 15 21 18 0 25
0 21 18 6 15 25 0
,
0 48 33 12 26 30 0
60 0 9 43 25 20 30
37 15 0 31 10 24 35
15 39 32 0 23 30 17
28 12 10 16 0 30 17
28 20 40 25 37 0 65
0 56 18 12 33 53 0