1
5
,
0 (35.0, 22.0) 30.0
1 (24.0, 27.0) 34.0
2 (7.0, 9.0) 73.0
3 (16.0, 25.0) 52.0
4 (49.0, 11.0) 47.0
,
0 21 18 6 15 25 0
21 0 6 15 10 9 21
18 6 0 12 4 15 18
6 15 12 0 9 21 6
15 10 4 9 0 18 15
25 9 15 21 18 0 25
0 21 18 6 15 25 0
,
0 61 42 10 37 49 0
54 0 17 40 23 17 47
36 10 0 22 9 22 34
16 41 19 0 27 57 12
34 21 10 10 0 53 15
48 12 21 24 47 0 44
0 38 27 6 42 30 0