1
5
,
0 (35.0, 22.0) 87.0
1 (24.0, 27.0) 55.0
2 (7.0, 9.0) 75.0
3 (16.0, 25.0) 39.0
4 (49.0, 11.0) 83.0
,
0 21 18 6 15 25 0
21 0 6 15 10 9 21
18 6 0 12 4 15 18
6 15 12 0 9 21 6
15 10 4 9 0 18 15
25 9 15 21 18 0 25
0 21 18 6 15 25 0
,
0 26 24 9 15 31 0
43 0 11 37 21 20 60
53 14 0 26 6 31 22
8 18 22 0 11 31 14
32 16 9 13 0 38 18
52 19 41 41 50 0 39
0 55 36 14 37 58 0