1
5
,
0 (35.0, 22.0) 69.0
1 (24.0, 27.0) 55.0
2 (7.0, 9.0) 51.0
3 (16.0, 25.0) 90.0
4 (49.0, 11.0) 69.0
,
0 21 18 6 15 25 0
21 0 6 15 10 9 21
18 6 0 12 4 15 18
6 15 12 0 9 21 6
15 10 4 9 0 18 15
25 9 15 21 18 0 25
0 21 18 6 15 25 0
,
0 27 28 9 24 34 0
23 0 9 22 22 20 34
27 18 0 37 8 44 50
8 24 36 0 10 46 8
28 12 5 27 0 23 37
72 25 22 51 47 0 61
0 34 28 16 27 68 0