1
5
,
0 (35.0, 22.0) 78.0
1 (24.0, 27.0) 60.0
2 (7.0, 9.0) 78.0
3 (16.0, 25.0) 36.0
4 (49.0, 11.0) 33.0
,
0 21 18 6 15 25 0
21 0 6 15 10 9 21
18 6 0 12 4 15 18
6 15 12 0 9 21 6
15 10 4 9 0 18 15
25 9 15 21 18 0 25
0 21 18 6 15 25 0
,
0 48 23 15 40 45 0
51 0 9 32 14 13 46
38 10 0 26 12 19 37
15 31 33 0 22 34 6
32 27 9 21 0 21 17
67 17 30 56 43 0 58
0 34 47 9 27 69 0