1
5
,
0 (35.0, 22.0) 82.0
1 (24.0, 27.0) 31.0
2 (7.0, 9.0) 32.0
3 (16.0, 25.0) 37.0
4 (49.0, 11.0) 46.0
,
0 21 18 6 15 25 0
21 0 6 15 10 9 21
18 6 0 12 4 15 18
6 15 12 0 9 21 6
15 10 4 9 0 18 15
25 9 15 21 18 0 25
0 21 18 6 15 25 0
,
0 21 34 15 15 74 0
25 0 9 45 17 15 38
23 8 0 33 7 20 26
9 34 19 0 26 32 9
22 16 5 27 0 30 19
61 26 28 21 30 0 32
0 37 51 8 18 45 0