1
5
,
0 (35.0, 22.0) 57.0
1 (24.0, 27.0) 84.0
2 (7.0, 9.0) 69.0
3 (16.0, 25.0) 43.0
4 (49.0, 11.0) 59.0
,
0 21 18 6 15 25 0
21 0 6 15 10 9 21
18 6 0 12 4 15 18
6 15 12 0 9 21 6
15 10 4 9 0 18 15
25 9 15 21 18 0 25
0 21 18 6 15 25 0
,
0 34 36 9 40 68 0
34 0 9 35 16 25 52
39 14 0 13 5 35 18
9 38 28 0 16 28 9
27 28 11 24 0 30 37
55 26 42 27 19 0 41
0 61 24 16 43 39 0