1
5
,
0 (35.0, 22.0) 58.0
1 (24.0, 27.0) 90.0
2 (7.0, 9.0) 76.0
3 (16.0, 25.0) 41.0
4 (49.0, 11.0) 31.0
,
0 21 18 6 15 25 0
21 0 6 15 10 9 21
18 6 0 12 4 15 18
6 15 12 0 9 21 6
15 10 4 9 0 18 15
25 9 15 21 18 0 25
0 21 18 6 15 25 0
,
0 28 19 12 21 31 0
51 0 14 46 12 23 36
20 14 0 25 10 30 46
9 16 33 0 20 32 14
40 28 7 14 0 37 23
39 9 34 51 26 0 72
0 50 42 14 20 51 0