1
5
,
0 (35.0, 22.0) 59.0
1 (24.0, 27.0) 50.0
2 (7.0, 9.0) 71.0
3 (16.0, 25.0) 40.0
4 (49.0, 11.0) 61.0
,
0 21 18 6 15 25 0
21 0 6 15 10 9 21
18 6 0 12 4 15 18
6 15 12 0 9 21 6
15 10 4 9 0 18 15
25 9 15 21 18 0 25
0 21 18 6 15 25 0
,
0 21 19 17 33 61 0
54 0 11 31 16 25 49
28 16 0 14 10 41 35
8 40 12 0 20 51 12
38 11 11 16 0 32 30
27 15 42 48 25 0 74
0 30 29 7 39 74 0