1
5
,
0 (35.0, 22.0) 31.0
1 (24.0, 27.0) 77.0
2 (7.0, 9.0) 78.0
3 (16.0, 25.0) 53.0
4 (49.0, 11.0) 85.0
,
0 21 18 6 15 25 0
21 0 6 15 10 9 21
18 6 0 12 4 15 18
6 15 12 0 9 21 6
15 10 4 9 0 18 15
25 9 15 21 18 0 25
0 21 18 6 15 25 0
,
0 36 47 12 31 54 0
37 0 18 34 25 20 35
22 15 0 27 5 42 20
16 19 26 0 18 27 10
22 19 7 22 0 32 21
42 17 33 40 31 0 75
0 54 48 12 25 49 0