1
5
,
0 (35.0, 22.0) 40.0
1 (24.0, 27.0) 52.0
2 (7.0, 9.0) 45.0
3 (16.0, 25.0) 68.0
4 (49.0, 11.0) 57.0
,
0 21 18 6 15 25 0
21 0 6 15 10 9 21
18 6 0 12 4 15 18
6 15 12 0 9 21 6
15 10 4 9 0 18 15
25 9 15 21 18 0 25
0 21 18 6 15 25 0
,
0 51 43 8 38 62 0
30 0 16 30 14 17 29
39 11 0 16 7 42 39
6 19 21 0 26 34 10
37 24 7 22 0 54 31
59 10 39 62 50 0 46
0 48 28 9 25 40 0