1
5
,
0 (35.0, 22.0) 40.0
1 (24.0, 27.0) 50.0
2 (7.0, 9.0) 31.0
3 (16.0, 25.0) 46.0
4 (49.0, 11.0) 77.0
,
0 21 18 6 15 25 0
21 0 6 15 10 9 21
18 6 0 12 4 15 18
6 15 12 0 9 21 6
15 10 4 9 0 18 15
25 9 15 21 18 0 25
0 21 18 6 15 25 0
,
0 54 29 7 33 62 0
34 0 12 21 11 16 48
37 12 0 36 6 19 36
15 44 32 0 17 42 16
35 16 6 13 0 39 41
55 23 22 38 23 0 41
0 56 25 14 18 48 0