1
5
,
0 (35.0, 22.0) 40.0
1 (24.0, 27.0) 57.0
2 (7.0, 9.0) 83.0
3 (16.0, 25.0) 72.0
4 (49.0, 11.0) 51.0
,
0 21 18 6 15 25 0
21 0 6 15 10 9 21
18 6 0 12 4 15 18
6 15 12 0 9 21 6
15 10 4 9 0 18 15
25 9 15 21 18 0 25
0 21 18 6 15 25 0
,
0 52 53 13 41 70 0
57 0 10 43 11 21 57
24 16 0 34 11 23 34
17 16 26 0 23 35 15
35 16 5 24 0 33 35
69 25 33 24 45 0 47
0 56 18 13 20 45 0