1
5
,
0 (35.0, 22.0) 60.0
1 (24.0, 27.0) 42.0
2 (7.0, 9.0) 35.0
3 (16.0, 25.0) 53.0
4 (49.0, 11.0) 78.0
,
0 21 18 6 15 25 0
21 0 6 15 10 9 21
18 6 0 12 4 15 18
6 15 12 0 9 21 6
15 10 4 9 0 18 15
25 9 15 21 18 0 25
0 21 18 6 15 25 0
,
0 51 48 10 32 66 0
48 0 18 17 19 25 36
18 7 0 15 9 18 40
10 27 20 0 10 33 10
17 28 9 11 0 19 31
52 11 42 41 40 0 60
0 58 23 13 17 43 0