1
5
,
0 (35.0, 22.0) 40.0
1 (24.0, 27.0) 43.0
2 (7.0, 9.0) 62.0
3 (16.0, 25.0) 51.0
4 (49.0, 11.0) 58.0
,
0 21 18 6 15 25 0
21 0 6 15 10 9 21
18 6 0 12 4 15 18
6 15 12 0 9 21 6
15 10 4 9 0 18 15
25 9 15 21 18 0 25
0 21 18 6 15 25 0
,
0 24 23 13 28 39 0
49 0 13 25 16 11 47
23 13 0 32 8 39 39
10 27 17 0 24 46 11
20 11 9 25 0 46 32
47 24 33 61 51 0 29
0 56 19 9 39 41 0