1
5
,
0 (35.0, 22.0) 84.0
1 (24.0, 27.0) 60.0
2 (7.0, 9.0) 37.0
3 (16.0, 25.0) 37.0
4 (49.0, 11.0) 32.0
,
0 21 18 6 15 25 0
21 0 6 15 10 9 21
18 6 0 12 4 15 18
6 15 12 0 9 21 6
15 10 4 9 0 18 15
25 9 15 21 18 0 25
0 21 18 6 15 25 0
,
0 41 48 6 29 57 0
59 0 18 34 29 24 62
20 12 0 31 11 19 38
14 31 37 0 21 53 16
41 27 5 24 0 42 33
32 27 44 26 39 0 47
0 27 31 6 26 66 0