1
5
,
0 (35.0, 22.0) 32.0
1 (24.0, 27.0) 82.0
2 (7.0, 9.0) 44.0
3 (16.0, 25.0) 40.0
4 (49.0, 11.0) 32.0
,
0 21 18 6 15 25 0
21 0 6 15 10 9 21
18 6 0 12 4 15 18
6 15 12 0 9 21 6
15 10 4 9 0 18 15
25 9 15 21 18 0 25
0 21 18 6 15 25 0
,
0 31 46 11 34 53 0
42 0 9 37 27 16 55
33 15 0 37 9 22 30
9 41 29 0 22 46 13
44 10 6 17 0 23 26
42 26 33 26 42 0 41
0 60 38 7 34 70 0