1
5
,
0 (35.0, 22.0) 51.0
1 (24.0, 27.0) 55.0
2 (7.0, 9.0) 57.0
3 (16.0, 25.0) 33.0
4 (49.0, 11.0) 88.0
,
0 21 18 6 15 25 0
21 0 6 15 10 9 21
18 6 0 12 4 15 18
6 15 12 0 9 21 6
15 10 4 9 0 18 15
25 9 15 21 18 0 25
0 21 18 6 15 25 0
,
0 26 33 10 40 31 0
32 0 17 44 15 22 24
19 12 0 33 6 25 23
6 18 17 0 10 30 13
27 14 6 24 0 24 29
50 23 22 24 51 0 45
0 52 53 11 22 36 0