1
5
,
0 (35.0, 22.0) 89.0
1 (24.0, 27.0) 50.0
2 (7.0, 9.0) 35.0
3 (16.0, 25.0) 37.0
4 (49.0, 11.0) 39.0
,
0 21 18 6 15 25 0
21 0 6 15 10 9 21
18 6 0 12 4 15 18
6 15 12 0 9 21 6
15 10 4 9 0 18 15
25 9 15 21 18 0 25
0 21 18 6 15 25 0
,
0 42 48 13 41 36 0
38 0 10 33 21 21 56
38 8 0 24 5 37 54
9 36 17 0 19 42 8
32 14 7 22 0 29 35
36 13 23 37 40 0 63
0 27 43 13 20 60 0