1
5
,
0 (35.0, 22.0) 76.0
1 (24.0, 27.0) 64.0
2 (7.0, 9.0) 38.0
3 (16.0, 25.0) 88.0
4 (49.0, 11.0) 52.0
,
0 21 18 6 15 25 0
21 0 6 15 10 9 21
18 6 0 12 4 15 18
6 15 12 0 9 21 6
15 10 4 9 0 18 15
25 9 15 21 18 0 25
0 21 18 6 15 25 0
,
0 56 36 13 25 55 0
44 0 9 20 14 15 54
40 6 0 15 5 15 24
9 36 28 0 24 42 7
35 24 5 27 0 50 23
73 14 22 45 34 0 61
0 61 43 11 32 56 0