1
5
,
0 (35.0, 22.0) 80.0
1 (24.0, 27.0) 68.0
2 (7.0, 9.0) 52.0
3 (16.0, 25.0) 34.0
4 (49.0, 11.0) 42.0
,
0 21 18 6 15 25 0
21 0 6 15 10 9 21
18 6 0 12 4 15 18
6 15 12 0 9 21 6
15 10 4 9 0 18 15
25 9 15 21 18 0 25
0 21 18 6 15 25 0
,
0 50 50 7 39 43 0
58 0 13 27 11 21 59
39 11 0 21 6 40 53
9 31 33 0 27 59 8
17 25 10 26 0 24 15
49 12 43 46 38 0 45
0 45 37 8 31 66 0