1
5
,
0 (35.0, 22.0) 32.0
1 (24.0, 27.0) 86.0
2 (7.0, 9.0) 50.0
3 (16.0, 25.0) 43.0
4 (49.0, 11.0) 69.0
,
0 21 18 6 15 25 0
21 0 6 15 10 9 21
18 6 0 12 4 15 18
6 15 12 0 9 21 6
15 10 4 9 0 18 15
25 9 15 21 18 0 25
0 21 18 6 15 25 0
,
0 51 30 15 15 74 0
30 0 16 20 22 22 24
22 8 0 28 8 44 22
10 36 27 0 13 49 10
33 12 5 22 0 27 16
37 15 41 29 53 0 69
0 56 39 8 20 60 0