C:\Users\Lenovo\.conda\envs\VRASP\python.exe "F:\In class\毕业设计\VRASP\cplex_solver2.py" 
C:\Users\Lenovo\.conda\envs\VRASP\lib\site-packages\cplex\__init__.py
solution for: CPLEX Deterministic
objective: 130
x_1_0_5=1
x_1_1_6=1
x_1_2_4=1
x_1_3_1=1
x_1_4_3=1
x_1_5_2=1
scheduled_1=198.980
scheduled_2=78.940
scheduled_3=160.850
scheduled_4=105.190
scheduled_5=42.770
scheduled_6=276.540
actual_1=198.980
actual_2=78.940
actual_3=160.850
actual_4=105.190
actual_5=42.770

0.11192846298217773
solution for: CPLEX Deterministic
objective: 122
x_1_0_1=1
x_1_1_2=1
x_1_2_3=1
x_1_3_5=1
x_1_4_6=1
x_1_5_4=1
scheduled_1=32.600
scheduled_2=310.050
scheduled_3=342.520
scheduled_4=417.930
scheduled_5=387.990
scheduled_6=480.000
actual_1=32.600
actual_2=310.050
actual_3=342.520
actual_4=417.930
actual_5=387.990

0.04934239387512207
solution for: CPLEX Deterministic
objective: 135
x_1_0_1=1
x_1_1_2=1
x_1_2_4=1
x_1_3_6=1
x_1_4_5=1
x_1_5_3=1
scheduled_1=52.510
scheduled_2=85.640
scheduled_3=416.450
scheduled_4=140.500
scheduled_5=190.830
scheduled_6=480.000
actual_1=52.510
actual_2=85.640
actual_3=416.450
actual_4=140.500
actual_5=190.830

0.05058479309082031
solution for: CPLEX Deterministic
objective: 124
x_1_0_2=1
x_1_1_5=1
x_1_2_3=1
x_1_3_4=1
x_1_4_1=1
x_1_5_6=1
scheduled_1=150.490
scheduled_2=20.940
scheduled_3=58.480
scheduled_4=102.760
scheduled_5=181.180
scheduled_6=248.870
actual_1=150.490
actual_2=20.940
actual_3=58.480
actual_4=102.760
actual_5=181.180

0.06152606010437012
solution for: CPLEX Deterministic
objective: 129
x_1_0_2=1
x_1_1_5=1
x_1_2_1=1
x_1_3_6=1
x_1_4_3=1
x_1_5_4=1
scheduled_1=48.110
scheduled_2=13.400
scheduled_3=229.070
scheduled_4=182.400
scheduled_5=111.840
scheduled_6=278.180
actual_1=48.110
actual_2=13.400
actual_3=229.070
actual_4=182.400
actual_5=111.840

0.08209085464477539
solution for: CPLEX Deterministic
objective: 127
x_1_0_1=1
x_1_1_3=1
x_1_2_5=1
x_1_3_2=1
x_1_4_6=1
x_1_5_4=1
scheduled_1=25.220
scheduled_2=93.040
scheduled_3=63.920
scheduled_4=178.040
scheduled_5=123.010
scheduled_6=480.000
actual_1=25.220
actual_2=93.040
actual_3=63.920
actual_4=178.040
actual_5=123.010

0.0570220947265625
solution for: CPLEX Deterministic
objective: 124
x_1_0_3=1
x_1_1_5=1
x_1_2_4=1
x_1_3_2=1
x_1_4_1=1
x_1_5_6=1
scheduled_1=152.400
scheduled_2=74.310
scheduled_3=14.010
scheduled_4=116.470
scheduled_5=426.420
scheduled_6=480.000
actual_1=152.400
actual_2=74.310
actual_3=14.010
actual_4=116.470
actual_5=426.420

0.05598163604736328
solution for: CPLEX Deterministic
objective: 132
x_1_0_2=1
x_1_1_3=1
x_1_2_1=1
x_1_3_5=1
x_1_4_6=1
x_1_5_4=1
scheduled_1=68.830
scheduled_2=18.930
scheduled_3=112.940
scheduled_4=222.750
scheduled_5=168.390
scheduled_6=284.490
actual_1=68.830
actual_2=18.930
actual_3=112.940
actual_4=222.750
actual_5=168.390

0.057106971740722656
solution for: CPLEX Deterministic
objective: 122
x_1_0_1=1
x_1_1_4=1
x_1_2_3=1
x_1_3_6=1
x_1_4_5=1
x_1_5_2=1
scheduled_1=22.790
scheduled_2=137.110
scheduled_3=190.770
scheduled_4=49.140
scheduled_5=85.520
scheduled_6=237.700
actual_1=22.790
actual_2=137.110
actual_3=190.770
actual_4=49.140
actual_5=85.520

0.05799674987792969
solution for: CPLEX Deterministic
objective: 123
x_1_0_4=1
x_1_1_3=1
x_1_2_6=1
x_1_3_2=1
x_1_4_5=1
x_1_5_1=1
scheduled_1=109.200
scheduled_2=180.080
scheduled_3=148.820
scheduled_4=42.230
scheduled_5=72.650
scheduled_6=251.520
actual_1=109.200
actual_2=180.080
actual_3=148.820
actual_4=42.230
actual_5=72.650

0.04865622520446777
Average Running Time：0.06322362422943115

Process finished with exit code 0