C:\Users\Lenovo\.conda\envs\VRASP\python.exe "F:\In class\毕业设计\VRASP\cplex_solver2.py" 
C:\Users\Lenovo\.conda\envs\VRASP\lib\site-packages\cplex\__init__.py
solution for: CPLEX Deterministic
objective: 130
x_1_0_1=1
x_1_1_3=1
x_1_2_5=1
x_1_3_4=1
x_1_4_2=1
x_1_5_6=1
scheduled_1=54.500
scheduled_2=372.520
scheduled_3=288.680
scheduled_4=344.960
scheduled_5=409.140
scheduled_6=480.000
actual_1=54.500
actual_2=372.520
actual_3=288.680
actual_4=344.960
actual_5=409.140

0.10844111442565918
solution for: CPLEX Deterministic
objective: 122
x_1_0_1=1
x_1_1_3=1
x_1_2_5=1
x_1_3_2=1
x_1_4_6=1
x_1_5_4=1
scheduled_1=32.660
scheduled_2=111.700
scheduled_3=81.620
scheduled_4=183.900
scheduled_5=152.120
scheduled_6=480.000
actual_1=32.660
actual_2=111.700
actual_3=81.620
actual_4=183.900
actual_5=152.120

0.04100227355957031
solution for: CPLEX Deterministic
objective: 135
x_1_0_3=1
x_1_1_6=1
x_1_2_1=1
x_1_3_5=1
x_1_4_2=1
x_1_5_4=1
scheduled_1=231.880
scheduled_2=199.880
scheduled_3=37.600
scheduled_4=143.340
scheduled_5=90.720
scheduled_6=303.140
actual_1=231.880
actual_2=199.880
actual_3=37.600
actual_4=143.340
actual_5=90.720

0.04009222984313965
solution for: CPLEX Deterministic
objective: 124
x_1_0_2=1
x_1_1_5=1
x_1_2_3=1
x_1_3_4=1
x_1_4_1=1
x_1_5_6=1
scheduled_1=150.540
scheduled_2=21.340
scheduled_3=57.960
scheduled_4=100.160
scheduled_5=181.920
scheduled_6=247.380
actual_1=150.540
actual_2=21.340
actual_3=57.960
actual_4=100.160
actual_5=181.920

0.05026531219482422
solution for: CPLEX Deterministic
objective: 129
x_1_0_2=1
x_1_1_5=1
x_1_2_1=1
x_1_3_6=1
x_1_4_3=1
x_1_5_4=1
scheduled_1=46.660
scheduled_2=13.240
scheduled_3=229.100
scheduled_4=181.860
scheduled_5=111.640
scheduled_6=281.220
actual_1=46.660
actual_2=13.240
actual_3=229.100
actual_4=181.860
actual_5=111.640

0.07229733467102051
solution for: CPLEX Deterministic
objective: 127
x_1_0_1=1
x_1_1_3=1
x_1_2_5=1
x_1_3_2=1
x_1_4_6=1
x_1_5_4=1
scheduled_1=25.900
scheduled_2=96.520
scheduled_3=66.120
scheduled_4=182.940
scheduled_5=126.440
scheduled_6=480.000
actual_1=25.900
actual_2=96.520
actual_3=66.120
actual_4=182.940
actual_5=126.440

0.06320881843566895
solution for: CPLEX Deterministic
objective: 124
x_1_0_3=1
x_1_1_5=1
x_1_2_4=1
x_1_3_2=1
x_1_4_1=1
x_1_5_6=1
scheduled_1=384.040
scheduled_2=71.860
scheduled_3=13.620
scheduled_4=114.040
scheduled_5=425.480
scheduled_6=480.000
actual_1=384.040
actual_2=71.860
actual_3=13.620
actual_4=114.040
actual_5=425.480

0.043997764587402344
solution for: CPLEX Deterministic
objective: 132
x_1_0_1=1
x_1_1_3=1
x_1_2_6=1
x_1_3_5=1
x_1_4_2=1
x_1_5_4=1
scheduled_1=38.480
scheduled_2=239.520
scheduled_3=83.920
scheduled_4=195.660
scheduled_5=140.640
scheduled_6=282.600
actual_1=38.480
actual_2=239.520
actual_3=83.920
actual_4=195.660
actual_5=140.640

0.03867220878601074
solution for: CPLEX Deterministic
objective: 122
x_1_0_1=1
x_1_1_4=1
x_1_2_3=1
x_1_3_6=1
x_1_4_5=1
x_1_5_2=1
scheduled_1=23.120
scheduled_2=140.520
scheduled_3=195.240
scheduled_4=51.160
scheduled_5=88.100
scheduled_6=244.080
actual_1=23.120
actual_2=140.520
actual_3=195.240
actual_4=51.160
actual_5=88.100

0.04404020309448242
solution for: CPLEX Deterministic
objective: 123
x_1_0_4=1
x_1_1_3=1
x_1_2_6=1
x_1_3_2=1
x_1_4_5=1
x_1_5_1=1
scheduled_1=108.740
scheduled_2=405.200
scheduled_3=148.300
scheduled_4=40.840
scheduled_5=71.620
scheduled_6=480.000
actual_1=108.740
actual_2=405.200
actual_3=148.300
actual_4=40.840
actual_5=71.620

0.04499340057373047
Average Running Time：0.05470106601715088

Process finished with exit code 0