2
10
,
0 (0.0, 27.0) 86.0
1 (17.0, 50.0) 87.0
2 (37.0, 41.0) 44.0
3 (11.0, 19.0) 35.0
4 (41.0, 17.0) 42.0
5 (47.0, 32.0) 62.0
6 (5.0, 13.0) 47.0
7 (5.0, 19.0) 64.0
8 (46.0, 18.0) 68.0
9 (28.0, 2.0) 87.0
,
0 14 26 28 11 22 28 7 10 25 14 0
14 0 14 20 7 21 24 7 5 23 19 14
26 14 0 11 16 20 17 19 17 22 25 26
28 20 11 0 17 12 7 21 19 12 20 28
11 7 16 17 0 15 19 4 3 18 12 11
22 21 20 12 15 0 8 18 18 3 10 22
28 24 17 7 19 8 0 23 22 7 18 28
7 7 19 21 4 18 23 0 3 21 13 7
10 5 17 19 3 18 22 3 0 21 14 10
25 23 22 12 18 3 7 21 21 0 12 25
14 19 25 20 12 10 18 13 14 12 0 14
0 14 26 28 11 22 28 7 10 25 14 0
,
0 25 75 47 17 44 39 10 26 29 34 0
24 0 36 42 7 45 68 9 14 28 30 18
50 40 0 30 39 53 28 27 23 54 59 55
72 34 28 0 49 24 15 47 22 33 42 43
26 17 17 48 0 23 52 9 7 50 15 12
66 56 24 34 25 0 15 29 38 6 22 27
67 35 37 20 57 19 0 68 54 14 44 44
18 8 26 26 9 47 66 0 6 57 21 12
20 5 45 46 7 30 26 4 0 52 16 11
73 63 39 29 23 3 10 23 59 0 21 28
39 53 72 34 28 23 29 18 29 23 0 29
0 28 33 53 30 38 51 17 26 49 28 0