2
10
,
0 (0.0, 27.0) 50.0
1 (17.0, 50.0) 50.0
2 (37.0, 41.0) 88.0
3 (11.0, 19.0) 34.0
4 (41.0, 17.0) 63.0
5 (47.0, 32.0) 79.0
6 (5.0, 13.0) 45.0
7 (5.0, 19.0) 34.0
8 (46.0, 18.0) 36.0
9 (28.0, 2.0) 36.0
,
0 14 26 28 11 22 28 7 10 25 14 0
14 0 14 20 7 21 24 7 5 23 19 14
26 14 0 11 16 20 17 19 17 22 25 26
28 20 11 0 17 12 7 21 19 12 20 28
11 7 16 17 0 15 19 4 3 18 12 11
22 21 20 12 15 0 8 18 18 3 10 22
28 24 17 7 19 8 0 23 22 7 18 28
7 7 19 21 4 18 23 0 3 21 13 7
10 5 17 19 3 18 22 3 0 21 14 10
25 23 22 12 18 3 7 21 21 0 12 25
14 19 25 20 12 10 18 13 14 12 0 14
0 14 26 28 11 22 28 7 10 25 14 0
,
0 34 59 49 20 25 78 12 27 29 37 0
30 0 26 23 19 30 40 12 12 51 40 34
29 31 0 21 24 55 50 24 33 51 59 35
28 42 11 0 47 32 8 51 44 18 49 42
22 10 27 21 0 45 40 11 7 37 36 27
51 47 47 19 15 0 21 32 31 6 22 54
78 39 32 13 40 13 0 50 33 20 38 40
15 20 35 45 10 31 52 0 6 37 28 20
23 9 32 55 5 48 54 5 0 59 40 16
50 51 60 29 44 6 7 39 33 0 19 25
20 30 46 32 19 25 41 36 34 20 0 34
0 17 77 76 21 60 78 7 13 65 35 0