2
10
,
0 (0.0, 27.0) 55.0
1 (17.0, 50.0) 72.0
2 (37.0, 41.0) 33.0
3 (11.0, 19.0) 79.0
4 (41.0, 17.0) 32.0
5 (47.0, 32.0) 43.0
6 (5.0, 13.0) 74.0
7 (5.0, 19.0) 31.0
8 (46.0, 18.0) 67.0
9 (28.0, 2.0) 39.0
,
0 14 26 28 11 22 28 7 10 25 14 0
14 0 14 20 7 21 24 7 5 23 19 14
26 14 0 11 16 20 17 19 17 22 25 26
28 20 11 0 17 12 7 21 19 12 20 28
11 7 16 17 0 15 19 4 3 18 12 11
22 21 20 12 15 0 8 18 18 3 10 22
28 24 17 7 19 8 0 23 22 7 18 28
7 7 19 21 4 18 23 0 3 21 13 7
10 5 17 19 3 18 22 3 0 21 14 10
25 23 22 12 18 3 7 21 21 0 12 25
14 19 25 20 12 10 18 13 14 12 0 14
0 14 26 28 11 22 28 7 10 25 14 0
,
0 18 49 37 31 42 64 12 16 28 20 0
36 0 28 49 15 34 61 9 6 40 41 40
41 15 0 29 22 45 39 31 41 28 60 68
51 27 24 0 48 17 8 35 34 28 47 54
24 8 30 17 0 41 31 5 5 27 29 30
56 41 21 14 22 0 13 52 31 6 13 65
32 25 30 13 55 18 0 36 35 15 33 39
14 18 53 52 6 53 66 0 5 43 38 10
28 5 35 20 4 32 45 6 0 23 34 21
33 30 41 14 45 6 9 48 25 0 24 38
36 23 65 52 12 23 20 33 43 15 0 15
0 17 58 55 18 38 75 8 10 25 23 0