2
10
,
0 (0.0, 27.0) 47.0
1 (17.0, 50.0) 40.0
2 (37.0, 41.0) 60.0
3 (11.0, 19.0) 76.0
4 (41.0, 17.0) 67.0
5 (47.0, 32.0) 86.0
6 (5.0, 13.0) 52.0
7 (5.0, 19.0) 71.0
8 (46.0, 18.0) 83.0
9 (28.0, 2.0) 30.0
,
0 14 26 28 11 22 28 7 10 25 14 0
14 0 14 20 7 21 24 7 5 23 19 14
26 14 0 11 16 20 17 19 17 22 25 26
28 20 11 0 17 12 7 21 19 12 20 28
11 7 16 17 0 15 19 4 3 18 12 11
22 21 20 12 15 0 8 18 18 3 10 22
28 24 17 7 19 8 0 23 22 7 18 28
7 7 19 21 4 18 23 0 3 21 13 7
10 5 17 19 3 18 22 3 0 21 14 10
25 23 22 12 18 3 7 21 21 0 12 25
14 19 25 20 12 10 18 13 14 12 0 14
0 14 26 28 11 22 28 7 10 25 14 0
,
0 31 33 67 12 26 44 7 24 60 15 0
18 0 25 39 13 32 43 8 11 38 43 21
50 34 0 31 21 49 20 31 29 31 62 55
59 55 20 0 44 29 20 59 49 27 30 48
19 13 40 43 0 21 50 8 7 49 22 29
63 49 59 15 41 0 21 22 28 4 25 33
63 26 39 17 31 20 0 68 29 11 25 55
10 8 23 57 12 49 42 0 6 32 16 8
23 11 20 44 6 20 65 5 0 52 15 29
57 66 48 17 52 4 11 43 44 0 17 57
17 47 43 27 18 28 32 25 19 21 0 26
0 40 62 80 22 47 75 8 14 35 41 0