2
10
,
0 (0.0, 27.0) 54.0
1 (17.0, 50.0) 84.0
2 (37.0, 41.0) 71.0
3 (11.0, 19.0) 50.0
4 (41.0, 17.0) 31.0
5 (47.0, 32.0) 79.0
6 (5.0, 13.0) 37.0
7 (5.0, 19.0) 69.0
8 (46.0, 18.0) 36.0
9 (28.0, 2.0) 36.0
,
0 14 26 28 11 22 28 7 10 25 14 0
14 0 14 20 7 21 24 7 5 23 19 14
26 14 0 11 16 20 17 19 17 22 25 26
28 20 11 0 17 12 7 21 19 12 20 28
11 7 16 17 0 15 19 4 3 18 12 11
22 21 20 12 15 0 8 18 18 3 10 22
28 24 17 7 19 8 0 23 22 7 18 28
7 7 19 21 4 18 23 0 3 21 13 7
10 5 17 19 3 18 22 3 0 21 14 10
25 23 22 12 18 3 7 21 21 0 12 25
14 19 25 20 12 10 18 13 14 12 0 14
0 14 26 28 11 22 28 7 10 25 14 0
,
0 16 52 60 26 59 60 8 18 30 16 0
19 0 32 43 15 50 70 22 8 31 47 39
62 20 0 27 22 41 44 46 19 32 43 39
63 20 28 0 46 23 13 30 53 36 52 42
22 11 24 32 0 27 55 11 5 36 26 29
25 35 35 13 44 0 17 30 45 5 21 49
37 41 43 20 40 15 0 43 56 15 40 34
10 12 36 27 7 49 37 0 4 48 21 14
20 7 20 42 4 49 48 6 0 31 36 11
29 26 42 36 49 7 17 34 32 0 14 51
25 31 73 44 17 25 27 20 23 28 0 33
0 35 31 48 15 30 45 7 11 49 42 0