2
10
,
0 (0.0, 27.0) 82.0
1 (17.0, 50.0) 42.0
2 (37.0, 41.0) 37.0
3 (11.0, 19.0) 48.0
4 (41.0, 17.0) 54.0
5 (47.0, 32.0) 39.0
6 (5.0, 13.0) 32.0
7 (5.0, 19.0) 35.0
8 (46.0, 18.0) 64.0
9 (28.0, 2.0) 46.0
,
0 14 26 28 11 22 28 7 10 25 14 0
14 0 14 20 7 21 24 7 5 23 19 14
26 14 0 11 16 20 17 19 17 22 25 26
28 20 11 0 17 12 7 21 19 12 20 28
11 7 16 17 0 15 19 4 3 18 12 11
22 21 20 12 15 0 8 18 18 3 10 22
28 24 17 7 19 8 0 23 22 7 18 28
7 7 19 21 4 18 23 0 3 21 13 7
10 5 17 19 3 18 22 3 0 21 14 10
25 23 22 12 18 3 7 21 21 0 12 25
14 19 25 20 12 10 18 13 14 12 0 14
0 14 26 28 11 22 28 7 10 25 14 0
,
0 22 51 34 28 40 49 17 12 68 21 0
29 0 36 50 19 48 43 10 9 67 20 14
67 21 0 18 41 30 29 53 39 33 57 33
50 49 31 0 22 14 8 35 57 35 45 67
27 12 39 26 0 38 55 11 3 52 26 12
49 62 33 31 16 0 13 43 29 3 11 30
59 33 42 10 33 9 0 28 48 11 25 29
12 14 55 51 5 23 29 0 6 21 17 19
22 14 22 52 5 41 41 3 0 51 24 21
32 54 65 19 31 7 20 61 56 0 14 33
28 27 28 58 15 29 41 15 32 27 0 26
0 19 53 32 27 50 58 10 13 72 25 0