2
10
,
0 (0.0, 27.0) 60.0
1 (17.0, 50.0) 33.0
2 (37.0, 41.0) 30.0
3 (11.0, 19.0) 61.0
4 (41.0, 17.0) 72.0
5 (47.0, 32.0) 33.0
6 (5.0, 13.0) 31.0
7 (5.0, 19.0) 33.0
8 (46.0, 18.0) 40.0
9 (28.0, 2.0) 33.0
,
0 14 26 28 11 22 28 7 10 25 14 0
14 0 14 20 7 21 24 7 5 23 19 14
26 14 0 11 16 20 17 19 17 22 25 26
28 20 11 0 17 12 7 21 19 12 20 28
11 7 16 17 0 15 19 4 3 18 12 11
22 21 20 12 15 0 8 18 18 3 10 22
28 24 17 7 19 8 0 23 22 7 18 28
7 7 19 21 4 18 23 0 3 21 13 7
10 5 17 19 3 18 22 3 0 21 14 10
25 23 22 12 18 3 7 21 21 0 12 25
14 19 25 20 12 10 18 13 14 12 0 14
0 14 26 28 11 22 28 7 10 25 14 0
,
0 14 44 75 30 50 82 11 27 47 30 0
15 0 22 53 11 24 55 10 6 43 48 33
44 23 0 17 38 43 35 52 24 25 30 44
65 27 19 0 33 36 18 50 22 22 32 51
20 13 38 20 0 23 36 11 6 20 33 14
66 46 22 34 41 0 14 20 53 3 23 37
31 44 45 20 40 14 0 39 44 13 52 83
12 22 52 56 7 39 57 0 8 38 27 17
28 8 17 24 5 23 29 6 0 21 43 17
68 55 60 31 33 8 11 39 46 0 15 54
20 41 55 60 16 26 35 27 23 16 0 28
0 14 32 69 13 43 30 18 18 55 28 0