2
10
,
0 (0.0, 27.0) 71.0
1 (17.0, 50.0) 65.0
2 (37.0, 41.0) 49.0
3 (11.0, 19.0) 37.0
4 (41.0, 17.0) 57.0
5 (47.0, 32.0) 39.0
6 (5.0, 13.0) 37.0
7 (5.0, 19.0) 87.0
8 (46.0, 18.0) 77.0
9 (28.0, 2.0) 53.0
,
0 14 26 28 11 22 28 7 10 25 14 0
14 0 14 20 7 21 24 7 5 23 19 14
26 14 0 11 16 20 17 19 17 22 25 26
28 20 11 0 17 12 7 21 19 12 20 28
11 7 16 17 0 15 19 4 3 18 12 11
22 21 20 12 15 0 8 18 18 3 10 22
28 24 17 7 19 8 0 23 22 7 18 28
7 7 19 21 4 18 23 0 3 21 13 7
10 5 17 19 3 18 22 3 0 21 14 10
25 23 22 12 18 3 7 21 21 0 12 25
14 19 25 20 12 10 18 13 14 12 0 14
0 14 26 28 11 22 28 7 10 25 14 0
,
0 27 37 68 20 52 84 17 14 30 40 0
14 0 22 23 10 49 65 8 14 56 24 36
59 33 0 32 17 60 42 54 28 62 57 61
79 31 28 0 41 35 18 54 48 37 54 63
21 9 29 38 0 31 29 6 5 29 24 19
31 43 46 31 33 0 22 37 48 5 14 45
35 69 37 17 27 10 0 42 40 15 24 33
7 9 34 35 11 29 53 0 5 58 18 8
26 14 41 28 6 23 30 5 0 61 31 20
73 40 26 23 42 6 20 36 38 0 35 59
22 51 61 39 25 18 45 33 36 13 0 19
0 34 68 56 24 63 48 13 26 53 33 0