2
10
,
0 (0.0, 27.0) 42.0
1 (17.0, 50.0) 49.0
2 (37.0, 41.0) 74.0
3 (11.0, 19.0) 51.0
4 (41.0, 17.0) 33.0
5 (47.0, 32.0) 73.0
6 (5.0, 13.0) 81.0
7 (5.0, 19.0) 75.0
8 (46.0, 18.0) 70.0
9 (28.0, 2.0) 86.0
,
0 14 26 28 11 22 28 7 10 25 14 0
14 0 14 20 7 21 24 7 5 23 19 14
26 14 0 11 16 20 17 19 17 22 25 26
28 20 11 0 17 12 7 21 19 12 20 28
11 7 16 17 0 15 19 4 3 18 12 11
22 21 20 12 15 0 8 18 18 3 10 22
28 24 17 7 19 8 0 23 22 7 18 28
7 7 19 21 4 18 23 0 3 21 13 7
10 5 17 19 3 18 22 3 0 21 14 10
25 23 22 12 18 3 7 21 21 0 12 25
14 19 25 20 12 10 18 13 14 12 0 14
0 14 26 28 11 22 28 7 10 25 14 0
,
0 38 55 55 25 45 49 12 24 50 23 0
35 0 22 51 20 32 36 20 5 58 46 27
37 42 0 14 21 44 21 53 48 56 59 65
33 24 20 0 21 21 9 42 47 22 35 50
14 18 30 22 0 25 57 6 4 45 24 33
51 45 40 22 44 0 17 29 26 4 17 36
80 26 22 17 20 11 0 69 61 19 30 53
12 7 43 45 10 34 39 0 4 28 24 11
13 11 35 29 6 51 35 5 0 61 22 19
65 65 39 31 39 4 8 21 25 0 26 41
41 28 73 54 18 29 31 38 21 27 0 21
0 36 69 35 17 49 64 13 15 74 30 0