2
10
,
0 (0.0, 27.0) 68.0
1 (17.0, 50.0) 87.0
2 (37.0, 41.0) 56.0
3 (11.0, 19.0) 61.0
4 (41.0, 17.0) 31.0
5 (47.0, 32.0) 85.0
6 (5.0, 13.0) 55.0
7 (5.0, 19.0) 43.0
8 (46.0, 18.0) 31.0
9 (28.0, 2.0) 41.0
,
0 14 26 28 11 22 28 7 10 25 14 0
14 0 14 20 7 21 24 7 5 23 19 14
26 14 0 11 16 20 17 19 17 22 25 26
28 20 11 0 17 12 7 21 19 12 20 28
11 7 16 17 0 15 19 4 3 18 12 11
22 21 20 12 15 0 8 18 18 3 10 22
28 24 17 7 19 8 0 23 22 7 18 28
7 7 19 21 4 18 23 0 3 21 13 7
10 5 17 19 3 18 22 3 0 21 14 10
25 23 22 12 18 3 7 21 21 0 12 25
14 19 25 20 12 10 18 13 14 12 0 14
0 14 26 28 11 22 28 7 10 25 14 0
,
0 30 51 31 11 65 54 8 29 28 40 0
18 0 30 26 18 53 56 22 5 65 20 15
55 32 0 29 42 45 50 31 46 44 72 38
31 34 25 0 28 23 7 33 45 29 49 47
11 9 20 21 0 22 49 9 5 31 18 15
29 52 39 32 36 0 11 48 42 5 17 65
57 25 31 8 50 13 0 46 41 18 22 42
9 18 39 51 7 23 51 0 7 28 14 13
17 5 34 33 5 49 53 6 0 41 36 24
50 41 32 36 32 4 19 50 32 0 24 61
27 36 39 31 22 27 41 36 20 22 0 32
0 38 50 32 15 64 69 15 14 30 26 0