2
10
,
0 (0.0, 27.0) 59.0
1 (17.0, 50.0) 44.0
2 (37.0, 41.0) 34.0
3 (11.0, 19.0) 68.0
4 (41.0, 17.0) 67.0
5 (47.0, 32.0) 68.0
6 (5.0, 13.0) 88.0
7 (5.0, 19.0) 60.0
8 (46.0, 18.0) 61.0
9 (28.0, 2.0) 59.0
,
0 14 26 28 11 22 28 7 10 25 14 0
14 0 14 20 7 21 24 7 5 23 19 14
26 14 0 11 16 20 17 19 17 22 25 26
28 20 11 0 17 12 7 21 19 12 20 28
11 7 16 17 0 15 19 4 3 18 12 11
22 21 20 12 15 0 8 18 18 3 10 22
28 24 17 7 19 8 0 23 22 7 18 28
7 7 19 21 4 18 23 0 3 21 13 7
10 5 17 19 3 18 22 3 0 21 14 10
25 23 22 12 18 3 7 21 21 0 12 25
14 19 25 20 12 10 18 13 14 12 0 14
0 14 26 28 11 22 28 7 10 25 14 0
,
0 19 49 61 16 26 29 17 14 68 34 0
40 0 33 47 17 27 29 15 14 33 53 38
62 37 0 27 36 23 23 46 47 53 35 44
33 30 26 0 44 13 10 47 35 14 42 43
13 8 40 45 0 40 44 9 7 52 14 11
34 43 22 35 25 0 8 19 23 7 10 44
51 33 45 10 24 17 0 67 37 20 38 72
14 14 56 43 7 26 24 0 8 28 38 18
17 8 45 55 5 50 56 6 0 41 23 23
32 68 59 36 34 3 15 31 30 0 30 29
21 47 62 50 13 27 34 22 16 21 0 35
0 19 35 57 17 35 55 10 22 38 39 0