2
10
,
0 (0.0, 27.0) 59.0
1 (17.0, 50.0) 36.0
2 (37.0, 41.0) 62.0
3 (11.0, 19.0) 53.0
4 (41.0, 17.0) 41.0
5 (47.0, 32.0) 77.0
6 (5.0, 13.0) 83.0
7 (5.0, 19.0) 55.0
8 (46.0, 18.0) 33.0
9 (28.0, 2.0) 31.0
,
0 14 26 28 11 22 28 7 10 25 14 0
14 0 14 20 7 21 24 7 5 23 19 14
26 14 0 11 16 20 17 19 17 22 25 26
28 20 11 0 17 12 7 21 19 12 20 28
11 7 16 17 0 15 19 4 3 18 12 11
22 21 20 12 15 0 8 18 18 3 10 22
28 24 17 7 19 8 0 23 22 7 18 28
7 7 19 21 4 18 23 0 3 21 13 7
10 5 17 19 3 18 22 3 0 21 14 10
25 23 22 12 18 3 7 21 21 0 12 25
14 19 25 20 12 10 18 13 14 12 0 14
0 14 26 28 11 22 28 7 10 25 14 0
,
0 32 63 59 28 41 32 13 12 72 33 0
37 0 19 35 11 47 60 13 12 45 42 16
57 26 0 16 30 36 40 43 40 30 25 51
59 38 22 0 43 23 17 55 55 13 50 50
13 15 47 37 0 42 45 8 4 39 26 27
42 41 54 12 16 0 10 24 49 6 27 46
40 64 30 11 23 22 0 29 60 11 34 64
12 13 53 42 5 26 25 0 8 44 14 7
25 7 47 49 6 23 41 7 0 24 37 17
47 66 44 37 49 5 9 30 50 0 25 55
30 29 54 47 34 11 24 14 25 21 0 34
0 38 34 52 23 42 30 17 18 72 32 0