2
10
,
0 (0.0, 27.0) 33.0
1 (17.0, 50.0) 71.0
2 (37.0, 41.0) 63.0
3 (11.0, 19.0) 38.0
4 (41.0, 17.0) 38.0
5 (47.0, 32.0) 34.0
6 (5.0, 13.0) 58.0
7 (5.0, 19.0) 52.0
8 (46.0, 18.0) 39.0
9 (28.0, 2.0) 41.0
,
0 14 26 28 11 22 28 7 10 25 14 0
14 0 14 20 7 21 24 7 5 23 19 14
26 14 0 11 16 20 17 19 17 22 25 26
28 20 11 0 17 12 7 21 19 12 20 28
11 7 16 17 0 15 19 4 3 18 12 11
22 21 20 12 15 0 8 18 18 3 10 22
28 24 17 7 19 8 0 23 22 7 18 28
7 7 19 21 4 18 23 0 3 21 13 7
10 5 17 19 3 18 22 3 0 21 14 10
25 23 22 12 18 3 7 21 21 0 12 25
14 19 25 20 12 10 18 13 14 12 0 14
0 14 26 28 11 22 28 7 10 25 14 0
,
0 15 73 66 11 57 76 10 23 28 28 0
27 0 22 30 18 59 64 14 14 34 23 24
41 42 0 24 36 54 41 50 46 31 49 61
43 36 27 0 28 13 20 32 52 34 42 28
24 20 44 24 0 44 44 12 3 50 23 25
34 31 42 29 21 0 13 30 20 6 20 41
85 32 42 13 47 13 0 23 47 11 53 36
9 20 36 39 11 33 30 0 4 39 25 14
18 6 40 39 6 32 49 5 0 39 25 15
29 34 50 18 32 6 13 54 35 0 16 52
35 28 45 54 25 21 21 21 21 17 0 42
0 15 69 44 24 62 70 20 17 34 31 0