2
10
,
0 (0.0, 27.0) 61.0
1 (17.0, 50.0) 35.0
2 (37.0, 41.0) 90.0
3 (11.0, 19.0) 39.0
4 (41.0, 17.0) 36.0
5 (47.0, 32.0) 75.0
6 (5.0, 13.0) 89.0
7 (5.0, 19.0) 31.0
8 (46.0, 18.0) 54.0
9 (28.0, 2.0) 43.0
,
0 14 26 28 11 22 28 7 10 25 14 0
14 0 14 20 7 21 24 7 5 23 19 14
26 14 0 11 16 20 17 19 17 22 25 26
28 20 11 0 17 12 7 21 19 12 20 28
11 7 16 17 0 15 19 4 3 18 12 11
22 21 20 12 15 0 8 18 18 3 10 22
28 24 17 7 19 8 0 23 22 7 18 28
7 7 19 21 4 18 23 0 3 21 13 7
10 5 17 19 3 18 22 3 0 21 14 10
25 23 22 12 18 3 7 21 21 0 12 25
14 19 25 20 12 10 18 13 14 12 0 14
0 14 26 28 11 22 28 7 10 25 14 0
,
0 19 77 79 30 59 57 15 21 36 32 0
21 0 15 58 17 50 31 11 6 48 56 39
66 24 0 32 35 35 39 22 28 55 42 64
47 43 23 0 26 30 13 25 51 34 27 30
26 14 40 29 0 24 25 9 6 28 14 13
54 53 28 27 42 0 15 25 40 6 21 41
63 56 39 7 33 13 0 40 25 18 29 53
18 14 31 51 8 47 69 0 5 35 26 17
12 9 47 50 4 32 26 5 0 55 26 15
52 54 26 28 42 7 17 43 49 0 33 49
38 29 46 34 33 27 35 33 24 35 0 29
0 34 77 57 29 24 76 9 18 28 15 0