2
10
,
0 (0.0, 27.0) 34.0
1 (17.0, 50.0) 35.0
2 (37.0, 41.0) 88.0
3 (11.0, 19.0) 51.0
4 (41.0, 17.0) 43.0
5 (47.0, 32.0) 82.0
6 (5.0, 13.0) 66.0
7 (5.0, 19.0) 37.0
8 (46.0, 18.0) 71.0
9 (28.0, 2.0) 83.0
,
0 14 26 28 11 22 28 7 10 25 14 0
14 0 14 20 7 21 24 7 5 23 19 14
26 14 0 11 16 20 17 19 17 22 25 26
28 20 11 0 17 12 7 21 19 12 20 28
11 7 16 17 0 15 19 4 3 18 12 11
22 21 20 12 15 0 8 18 18 3 10 22
28 24 17 7 19 8 0 23 22 7 18 28
7 7 19 21 4 18 23 0 3 21 13 7
10 5 17 19 3 18 22 3 0 21 14 10
25 23 22 12 18 3 7 21 21 0 12 25
14 19 25 20 12 10 18 13 14 12 0 14
0 14 26 28 11 22 28 7 10 25 14 0
,
0 40 31 70 14 34 51 8 15 25 38 0
14 0 20 49 19 31 67 16 11 64 43 34
69 41 0 15 29 47 32 35 35 47 50 74
62 55 15 0 45 19 14 51 35 29 33 71
12 20 47 38 0 41 54 9 6 28 30 23
38 33 58 13 38 0 8 24 28 7 17 29
43 50 41 10 30 11 0 62 48 16 47 82
10 9 38 41 9 39 28 0 5 21 20 13
14 14 34 47 7 53 26 4 0 23 42 12
35 40 35 33 31 4 9 36 47 0 32 46
30 50 31 25 13 29 30 20 18 25 0 15
0 27 34 76 27 61 59 13 27 25 40 0