2
10
,
0 (0.0, 27.0) 44.0
1 (17.0, 50.0) 61.0
2 (37.0, 41.0) 33.0
3 (11.0, 19.0) 79.0
4 (41.0, 17.0) 36.0
5 (47.0, 32.0) 39.0
6 (5.0, 13.0) 44.0
7 (5.0, 19.0) 57.0
8 (46.0, 18.0) 66.0
9 (28.0, 2.0) 83.0
,
0 14 26 28 11 22 28 7 10 25 14 0
14 0 14 20 7 21 24 7 5 23 19 14
26 14 0 11 16 20 17 19 17 22 25 26
28 20 11 0 17 12 7 21 19 12 20 28
11 7 16 17 0 15 19 4 3 18 12 11
22 21 20 12 15 0 8 18 18 3 10 22
28 24 17 7 19 8 0 23 22 7 18 28
7 7 19 21 4 18 23 0 3 21 13 7
10 5 17 19 3 18 22 3 0 21 14 10
25 23 22 12 18 3 7 21 21 0 12 25
14 19 25 20 12 10 18 13 14 12 0 14
0 14 26 28 11 22 28 7 10 25 14 0
,
0 15 33 82 33 51 34 18 21 35 36 0
30 0 33 24 19 44 30 13 10 54 26 34
40 31 0 22 21 35 51 22 29 57 29 46
58 22 29 0 30 35 9 30 26 28 46 74
32 18 46 18 0 24 23 6 5 22 29 21
37 58 24 27 34 0 11 27 30 4 12 42
40 59 41 8 53 9 0 34 47 15 25 39
8 14 34 61 7 50 55 0 6 47 18 21
14 14 17 49 7 30 30 7 0 38 39 25
48 26 42 28 38 6 20 38 42 0 27 26
36 48 31 29 15 23 20 24 41 27 0 23
0 38 28 59 18 57 56 11 15 61 40 0