2
10
,
0 (0.0, 27.0) 30.0
1 (17.0, 50.0) 73.0
2 (37.0, 41.0) 39.0
3 (11.0, 19.0) 51.0
4 (41.0, 17.0) 34.0
5 (47.0, 32.0) 54.0
6 (5.0, 13.0) 54.0
7 (5.0, 19.0) 65.0
8 (46.0, 18.0) 53.0
9 (28.0, 2.0) 39.0
,
0 14 26 28 11 22 28 7 10 25 14 0
14 0 14 20 7 21 24 7 5 23 19 14
26 14 0 11 16 20 17 19 17 22 25 26
28 20 11 0 17 12 7 21 19 12 20 28
11 7 16 17 0 15 19 4 3 18 12 11
22 21 20 12 15 0 8 18 18 3 10 22
28 24 17 7 19 8 0 23 22 7 18 28
7 7 19 21 4 18 23 0 3 21 13 7
10 5 17 19 3 18 22 3 0 21 14 10
25 23 22 12 18 3 7 21 21 0 12 25
14 19 25 20 12 10 18 13 14 12 0 14
0 14 26 28 11 22 28 7 10 25 14 0
,
0 21 40 74 33 60 47 8 11 41 35 0
15 0 34 32 19 60 47 18 5 38 43 18
53 29 0 15 32 48 29 42 19 26 40 32
57 55 24 0 48 36 20 44 20 32 22 33
16 15 22 38 0 35 26 7 9 21 27 13
34 43 45 27 26 0 22 21 30 7 25 66
31 42 43 20 24 13 0 27 37 21 52 56
15 18 49 24 4 30 43 0 8 55 14 19
19 6 34 52 6 36 47 7 0 34 38 29
52 66 25 15 19 6 15 53 59 0 17 74
37 25 30 42 31 22 49 15 27 21 0 37
0 21 74 72 29 52 52 11 28 42 20 0