2
10
,
0 (0.0, 27.0) 31.0
1 (17.0, 50.0) 45.0
2 (37.0, 41.0) 53.0
3 (11.0, 19.0) 60.0
4 (41.0, 17.0) 74.0
5 (47.0, 32.0) 57.0
6 (5.0, 13.0) 55.0
7 (5.0, 19.0) 32.0
8 (46.0, 18.0) 42.0
9 (28.0, 2.0) 49.0
,
0 14 26 28 11 22 28 7 10 25 14 0
14 0 14 20 7 21 24 7 5 23 19 14
26 14 0 11 16 20 17 19 17 22 25 26
28 20 11 0 17 12 7 21 19 12 20 28
11 7 16 17 0 15 19 4 3 18 12 11
22 21 20 12 15 0 8 18 18 3 10 22
28 24 17 7 19 8 0 23 22 7 18 28
7 7 19 21 4 18 23 0 3 21 13 7
10 5 17 19 3 18 22 3 0 21 14 10
25 23 22 12 18 3 7 21 21 0 12 25
14 19 25 20 12 10 18 13 14 12 0 14
0 14 26 28 11 22 28 7 10 25 14 0
,
0 37 29 50 27 43 70 14 19 52 34 0
33 0 39 59 17 32 33 18 12 31 56 29
31 20 0 12 43 42 34 48 38 58 25 41
33 51 20 0 37 13 20 61 53 21 43 31
24 18 47 42 0 39 29 9 7 37 29 23
51 55 48 34 33 0 18 46 47 4 17 62
61 56 18 12 37 20 0 59 56 10 30 45
17 18 30 33 10 46 40 0 8 38 23 16
15 7 24 27 4 35 30 8 0 46 37 20
59 48 28 19 40 6 20 31 39 0 30 46
15 36 50 41 24 29 22 38 19 28 0 28
0 38 63 42 14 61 76 18 10 42 15 0