2
10
,
0 (0.0, 27.0) 78.0
1 (17.0, 50.0) 49.0
2 (37.0, 41.0) 31.0
3 (11.0, 19.0) 59.0
4 (41.0, 17.0) 81.0
5 (47.0, 32.0) 89.0
6 (5.0, 13.0) 56.0
7 (5.0, 19.0) 43.0
8 (46.0, 18.0) 44.0
9 (28.0, 2.0) 44.0
,
0 14 26 28 11 22 28 7 10 25 14 0
14 0 14 20 7 21 24 7 5 23 19 14
26 14 0 11 16 20 17 19 17 22 25 26
28 20 11 0 17 12 7 21 19 12 20 28
11 7 16 17 0 15 19 4 3 18 12 11
22 21 20 12 15 0 8 18 18 3 10 22
28 24 17 7 19 8 0 23 22 7 18 28
7 7 19 21 4 18 23 0 3 21 13 7
10 5 17 19 3 18 22 3 0 21 14 10
25 23 22 12 18 3 7 21 21 0 12 25
14 19 25 20 12 10 18 13 14 12 0 14
0 14 26 28 11 22 28 7 10 25 14 0
,
0 20 28 31 17 52 36 19 21 49 31 0
36 0 28 22 15 48 60 8 5 67 39 28
32 25 0 22 25 31 48 36 36 64 46 64
43 44 26 0 30 33 10 28 25 34 49 80
14 15 36 50 0 31 46 11 8 21 18 26
27 38 30 20 39 0 10 32 34 7 19 34
29 40 44 10 34 12 0 29 22 19 20 31
15 15 55 64 11 28 46 0 8 36 29 16
22 7 31 46 3 42 32 5 0 41 34 15
55 70 25 29 27 6 16 30 37 0 14 32
22 53 27 27 17 16 31 15 42 29 0 28
0 16 32 68 21 50 73 8 20 41 33 0