2
10
,
0 (0.0, 27.0) 48.0
1 (17.0, 50.0) 83.0
2 (37.0, 41.0) 75.0
3 (11.0, 19.0) 66.0
4 (41.0, 17.0) 67.0
5 (47.0, 32.0) 50.0
6 (5.0, 13.0) 71.0
7 (5.0, 19.0) 40.0
8 (46.0, 18.0) 47.0
9 (28.0, 2.0) 76.0
,
0 14 26 28 11 22 28 7 10 25 14 0
14 0 14 20 7 21 24 7 5 23 19 14
26 14 0 11 16 20 17 19 17 22 25 26
28 20 11 0 17 12 7 21 19 12 20 28
11 7 16 17 0 15 19 4 3 18 12 11
22 21 20 12 15 0 8 18 18 3 10 22
28 24 17 7 19 8 0 23 22 7 18 28
7 7 19 21 4 18 23 0 3 21 13 7
10 5 17 19 3 18 22 3 0 21 14 10
25 23 22 12 18 3 7 21 21 0 12 25
14 19 25 20 12 10 18 13 14 12 0 14
0 14 26 28 11 22 28 7 10 25 14 0
,
0 15 50 45 11 55 53 17 17 54 25 0
38 0 43 43 16 38 30 10 6 33 43 18
34 35 0 14 34 58 37 35 41 29 62 61
67 26 15 0 50 12 15 43 29 20 29 33
20 18 28 50 0 41 55 10 8 39 12 27
45 42 22 14 39 0 15 28 48 4 22 35
32 30 40 8 29 10 0 29 33 17 32 34
16 10 44 38 7 49 54 0 6 53 27 19
21 5 25 40 5 45 33 6 0 29 34 16
47 68 40 25 40 3 14 59 51 0 28 34
15 24 45 55 30 25 28 30 19 28 0 18
0 38 41 60 12 63 42 20 18 43 23 0