2
10
,
0 (0.0, 27.0) 44.0
1 (17.0, 50.0) 76.0
2 (37.0, 41.0) 30.0
3 (11.0, 19.0) 33.0
4 (41.0, 17.0) 56.0
5 (47.0, 32.0) 58.0
6 (5.0, 13.0) 61.0
7 (5.0, 19.0) 80.0
8 (46.0, 18.0) 46.0
9 (28.0, 2.0) 65.0
,
0 14 26 28 11 22 28 7 10 25 14 0
14 0 14 20 7 21 24 7 5 23 19 14
26 14 0 11 16 20 17 19 17 22 25 26
28 20 11 0 17 12 7 21 19 12 20 28
11 7 16 17 0 15 19 4 3 18 12 11
22 21 20 12 15 0 8 18 18 3 10 22
28 24 17 7 19 8 0 23 22 7 18 28
7 7 19 21 4 18 23 0 3 21 13 7
10 5 17 19 3 18 22 3 0 21 14 10
25 23 22 12 18 3 7 21 21 0 12 25
14 19 25 20 12 10 18 13 14 12 0 14
0 14 26 28 11 22 28 7 10 25 14 0
,
0 28 36 52 24 43 85 8 11 64 22 0
29 0 32 54 11 57 43 17 5 58 35 18
37 41 0 25 32 32 44 40 21 53 51 44
40 41 14 0 25 30 10 32 55 32 50 64
20 12 43 33 0 34 49 10 5 29 25 18
44 40 29 18 32 0 18 20 40 6 13 26
51 27 23 14 44 11 0 40 64 14 49 80
9 8 55 60 12 27 48 0 6 27 19 13
23 12 25 40 4 19 44 7 0 24 21 24
29 53 50 37 45 5 13 26 42 0 18 67
15 36 42 50 23 14 31 27 34 31 0 33
0 30 75 66 12 25 52 12 13 31 25 0