2
10
,
0 (0.0, 27.0) 37.0
1 (17.0, 50.0) 83.0
2 (37.0, 41.0) 65.0
3 (11.0, 19.0) 57.0
4 (41.0, 17.0) 82.0
5 (47.0, 32.0) 34.0
6 (5.0, 13.0) 48.0
7 (5.0, 19.0) 79.0
8 (46.0, 18.0) 61.0
9 (28.0, 2.0) 30.0
,
0 14 26 28 11 22 28 7 10 25 14 0
14 0 14 20 7 21 24 7 5 23 19 14
26 14 0 11 16 20 17 19 17 22 25 26
28 20 11 0 17 12 7 21 19 12 20 28
11 7 16 17 0 15 19 4 3 18 12 11
22 21 20 12 15 0 8 18 18 3 10 22
28 24 17 7 19 8 0 23 22 7 18 28
7 7 19 21 4 18 23 0 3 21 13 7
10 5 17 19 3 18 22 3 0 21 14 10
25 23 22 12 18 3 7 21 21 0 12 25
14 19 25 20 12 10 18 13 14 12 0 14
0 14 26 28 11 22 28 7 10 25 14 0
,
0 36 28 56 18 63 72 16 28 26 19 0
32 0 26 33 20 48 34 14 11 61 30 14
72 35 0 28 25 39 43 26 27 53 29 40
60 28 33 0 42 25 7 57 43 24 33 76
22 11 28 46 0 21 25 9 6 37 26 29
57 45 27 35 16 0 18 53 44 3 17 33
75 60 32 10 57 8 0 29 54 18 34 75
8 20 21 59 7 39 64 0 5 21 22 12
24 7 30 26 8 41 34 6 0 49 41 28
58 40 26 27 46 3 15 21 61 0 15 33
26 50 25 21 13 12 24 24 34 24 0 41
0 14 68 30 16 27 71 11 17 69 25 0