2
10
,
0 (0.0, 27.0) 84.0
1 (17.0, 50.0) 65.0
2 (37.0, 41.0) 79.0
3 (11.0, 19.0) 82.0
4 (41.0, 17.0) 35.0
5 (47.0, 32.0) 78.0
6 (5.0, 13.0) 51.0
7 (5.0, 19.0) 84.0
8 (46.0, 18.0) 66.0
9 (28.0, 2.0) 57.0
,
0 14 26 28 11 22 28 7 10 25 14 0
14 0 14 20 7 21 24 7 5 23 19 14
26 14 0 11 16 20 17 19 17 22 25 26
28 20 11 0 17 12 7 21 19 12 20 28
11 7 16 17 0 15 19 4 3 18 12 11
22 21 20 12 15 0 8 18 18 3 10 22
28 24 17 7 19 8 0 23 22 7 18 28
7 7 19 21 4 18 23 0 3 21 13 7
10 5 17 19 3 18 22 3 0 21 14 10
25 23 22 12 18 3 7 21 21 0 12 25
14 19 25 20 12 10 18 13 14 12 0 14
0 14 26 28 11 22 28 7 10 25 14 0
,
0 21 52 64 19 53 34 7 12 74 15 0
39 0 24 27 14 62 39 11 8 62 40 36
76 23 0 31 35 45 34 28 46 51 62 30
82 54 21 0 28 27 7 22 39 36 54 69
26 9 21 43 0 43 35 5 6 49 22 23
56 48 28 35 39 0 9 54 47 7 27 47
46 65 21 12 57 10 0 39 48 13 22 78
13 15 53 36 13 26 52 0 8 33 26 15
15 6 48 22 6 42 31 8 0 42 22 29
47 67 39 23 39 5 10 21 29 0 23 34
36 47 42 29 35 29 45 16 38 21 0 35
0 29 64 33 29 25 68 13 18 25 20 0