2
10
,
0 (0.0, 27.0) 41.0
1 (17.0, 50.0) 44.0
2 (37.0, 41.0) 42.0
3 (11.0, 19.0) 60.0
4 (41.0, 17.0) 63.0
5 (47.0, 32.0) 60.0
6 (5.0, 13.0) 59.0
7 (5.0, 19.0) 48.0
8 (46.0, 18.0) 72.0
9 (28.0, 2.0) 42.0
,
0 14 26 28 11 22 28 7 10 25 14 0
14 0 14 20 7 21 24 7 5 23 19 14
26 14 0 11 16 20 17 19 17 22 25 26
28 20 11 0 17 12 7 21 19 12 20 28
11 7 16 17 0 15 19 4 3 18 12 11
22 21 20 12 15 0 8 18 18 3 10 22
28 24 17 7 19 8 0 23 22 7 18 28
7 7 19 21 4 18 23 0 3 21 13 7
10 5 17 19 3 18 22 3 0 21 14 10
25 23 22 12 18 3 7 21 21 0 12 25
14 19 25 20 12 10 18 13 14 12 0 14
0 14 26 28 11 22 28 7 10 25 14 0
,
0 29 39 28 15 34 83 12 14 43 34 0
27 0 34 27 13 62 54 12 14 59 22 20
65 20 0 26 32 39 48 20 37 59 57 41
38 45 33 0 23 34 18 45 27 15 27 69
12 19 34 37 0 16 46 11 5 29 15 16
24 28 44 22 19 0 21 29 52 3 24 56
44 55 48 15 26 19 0 67 62 11 43 82
11 8 55 46 9 49 26 0 7 27 31 18
18 10 19 42 5 22 57 6 0 39 24 22
31 35 28 27 45 7 8 39 52 0 24 39
14 31 63 36 22 18 37 36 23 25 0 37
0 16 43 58 13 54 64 12 22 50 39 0