2
10
,
0 (0.0, 27.0) 48.0
1 (17.0, 50.0) 79.0
2 (37.0, 41.0) 36.0
3 (11.0, 19.0) 33.0
4 (41.0, 17.0) 81.0
5 (47.0, 32.0) 73.0
6 (5.0, 13.0) 32.0
7 (5.0, 19.0) 35.0
8 (46.0, 18.0) 30.0
9 (28.0, 2.0) 60.0
,
0 14 26 28 11 22 28 7 10 25 14 0
14 0 14 20 7 21 24 7 5 23 19 14
26 14 0 11 16 20 17 19 17 22 25 26
28 20 11 0 17 12 7 21 19 12 20 28
11 7 16 17 0 15 19 4 3 18 12 11
22 21 20 12 15 0 8 18 18 3 10 22
28 24 17 7 19 8 0 23 22 7 18 28
7 7 19 21 4 18 23 0 3 21 13 7
10 5 17 19 3 18 22 3 0 21 14 10
25 23 22 12 18 3 7 21 21 0 12 25
14 19 25 20 12 10 18 13 14 12 0 14
0 14 26 28 11 22 28 7 10 25 14 0
,
0 21 60 39 22 29 53 18 15 36 28 0
29 0 16 54 14 47 26 16 9 24 22 36
35 25 0 30 46 57 31 27 45 45 46 70
70 52 20 0 18 18 12 28 33 37 36 55
16 8 41 40 0 45 26 12 5 28 17 24
53 40 53 18 30 0 23 41 44 3 20 29
78 51 41 12 54 12 0 32 65 16 27 39
18 19 55 42 5 35 57 0 8 27 26 14
20 13 30 49 4 48 37 4 0 54 28 27
31 69 46 33 50 4 15 27 36 0 35 31
19 29 33 22 34 14 21 29 28 20 0 15
0 35 31 57 27 61 61 9 23 60 39 0