2
10
,
0 (0.0, 27.0) 83.0
1 (17.0, 50.0) 89.0
2 (37.0, 41.0) 61.0
3 (11.0, 19.0) 83.0
4 (41.0, 17.0) 50.0
5 (47.0, 32.0) 88.0
6 (5.0, 13.0) 31.0
7 (5.0, 19.0) 70.0
8 (46.0, 18.0) 54.0
9 (28.0, 2.0) 50.0
,
0 14 26 28 11 22 28 7 10 25 14 0
14 0 14 20 7 21 24 7 5 23 19 14
26 14 0 11 16 20 17 19 17 22 25 26
28 20 11 0 17 12 7 21 19 12 20 28
11 7 16 17 0 15 19 4 3 18 12 11
22 21 20 12 15 0 8 18 18 3 10 22
28 24 17 7 19 8 0 23 22 7 18 28
7 7 19 21 4 18 23 0 3 21 13 7
10 5 17 19 3 18 22 3 0 21 14 10
25 23 22 12 18 3 7 21 21 0 12 25
14 19 25 20 12 10 18 13 14 12 0 14
0 14 26 28 11 22 28 7 10 25 14 0
,
0 34 49 68 30 57 79 18 15 27 31 0
15 0 16 27 12 63 39 20 10 42 30 31
35 23 0 27 24 28 51 49 28 58 73 76
71 52 25 0 34 35 14 28 31 37 36 69
17 17 29 50 0 16 39 12 4 46 15 25
36 34 20 16 29 0 11 32 49 6 18 66
63 40 29 9 38 21 0 48 38 12 40 76
9 14 33 34 10 53 63 0 3 60 19 8
27 12 35 36 8 21 40 4 0 58 33 22
45 56 58 32 27 6 16 60 40 0 20 64
18 55 62 37 32 25 25 14 32 15 0 39
0 32 58 58 19 33 61 12 12 62 30 0