2
10
,
0 (0.0, 27.0) 41.0
1 (17.0, 50.0) 80.0
2 (37.0, 41.0) 33.0
3 (11.0, 19.0) 45.0
4 (41.0, 17.0) 58.0
5 (47.0, 32.0) 67.0
6 (5.0, 13.0) 58.0
7 (5.0, 19.0) 46.0
8 (46.0, 18.0) 44.0
9 (28.0, 2.0) 41.0
,
0 14 26 28 11 22 28 7 10 25 14 0
14 0 14 20 7 21 24 7 5 23 19 14
26 14 0 11 16 20 17 19 17 22 25 26
28 20 11 0 17 12 7 21 19 12 20 28
11 7 16 17 0 15 19 4 3 18 12 11
22 21 20 12 15 0 8 18 18 3 10 22
28 24 17 7 19 8 0 23 22 7 18 28
7 7 19 21 4 18 23 0 3 21 13 7
10 5 17 19 3 18 22 3 0 21 14 10
25 23 22 12 18 3 7 21 21 0 12 25
14 19 25 20 12 10 18 13 14 12 0 14
0 14 26 28 11 22 28 7 10 25 14 0
,
0 18 51 75 24 50 34 9 26 45 39 0
39 0 33 36 13 38 24 13 6 68 45 37
46 16 0 24 26 22 26 40 39 23 46 39
39 58 25 0 31 30 11 60 42 14 23 80
12 12 37 20 0 37 51 4 8 18 23 22
57 35 51 13 27 0 18 31 41 5 21 36
45 53 46 8 46 9 0 38 34 11 33 76
9 22 20 46 9 33 65 0 5 42 34 7
27 10 34 31 5 48 48 8 0 51 19 27
42 43 53 15 21 7 9 38 39 0 31 60
33 43 58 38 26 27 20 30 34 35 0 14
0 31 72 65 21 54 62 11 25 61 22 0