2
10
,
0 (0.0, 27.0) 33.0
1 (17.0, 50.0) 78.0
2 (37.0, 41.0) 52.0
3 (11.0, 19.0) 57.0
4 (41.0, 17.0) 46.0
5 (47.0, 32.0) 54.0
6 (5.0, 13.0) 48.0
7 (5.0, 19.0) 72.0
8 (46.0, 18.0) 46.0
9 (28.0, 2.0) 30.0
,
0 14 26 28 11 22 28 7 10 25 14 0
14 0 14 20 7 21 24 7 5 23 19 14
26 14 0 11 16 20 17 19 17 22 25 26
28 20 11 0 17 12 7 21 19 12 20 28
11 7 16 17 0 15 19 4 3 18 12 11
22 21 20 12 15 0 8 18 18 3 10 22
28 24 17 7 19 8 0 23 22 7 18 28
7 7 19 21 4 18 23 0 3 21 13 7
10 5 17 19 3 18 22 3 0 21 14 10
25 23 22 12 18 3 7 21 21 0 12 25
14 19 25 20 12 10 18 13 14 12 0 14
0 14 26 28 11 22 28 7 10 25 14 0
,
0 39 68 41 12 54 31 11 15 64 36 0
37 0 39 48 14 23 67 14 5 60 37 39
59 25 0 17 26 43 18 21 25 44 66 59
35 20 12 0 46 30 14 42 34 16 58 39
17 12 46 18 0 24 26 7 6 43 34 19
50 44 38 32 16 0 20 34 50 5 26 56
37 49 41 17 41 19 0 66 50 19 52 79
15 11 52 34 4 38 25 0 4 52 31 8
26 13 31 56 5 37 57 9 0 42 34 21
50 27 31 21 19 7 20 37 58 0 16 45
16 35 69 22 26 21 31 19 40 35 0 15
0 38 54 60 14 51 38 7 22 48 35 0