2
10
,
0 (0.0, 27.0) 89.0
1 (17.0, 50.0) 62.0
2 (37.0, 41.0) 39.0
3 (11.0, 19.0) 55.0
4 (41.0, 17.0) 56.0
5 (47.0, 32.0) 39.0
6 (5.0, 13.0) 33.0
7 (5.0, 19.0) 42.0
8 (46.0, 18.0) 61.0
9 (28.0, 2.0) 56.0
,
0 14 26 28 11 22 28 7 10 25 14 0
14 0 14 20 7 21 24 7 5 23 19 14
26 14 0 11 16 20 17 19 17 22 25 26
28 20 11 0 17 12 7 21 19 12 20 28
11 7 16 17 0 15 19 4 3 18 12 11
22 21 20 12 15 0 8 18 18 3 10 22
28 24 17 7 19 8 0 23 22 7 18 28
7 7 19 21 4 18 23 0 3 21 13 7
10 5 17 19 3 18 22 3 0 21 14 10
25 23 22 12 18 3 7 21 21 0 12 25
14 19 25 20 12 10 18 13 14 12 0 14
0 14 26 28 11 22 28 7 10 25 14 0
,
0 30 73 61 20 65 40 18 24 64 27 0
18 0 30 47 12 60 25 12 10 56 35 20
73 34 0 26 31 22 34 51 19 63 66 61
72 21 11 0 21 25 16 43 22 19 54 63
19 18 38 44 0 28 41 13 5 50 26 27
26 23 32 33 40 0 23 38 48 7 16 36
47 38 28 16 26 16 0 55 48 10 43 37
16 9 56 28 8 49 69 0 4 57 28 9
20 8 47 27 4 39 31 8 0 58 23 19
53 32 44 20 20 3 15 24 26 0 13 70
41 22 73 56 16 24 42 37 25 16 0 37
0 29 77 39 27 47 45 9 15 39 23 0