2
10
,
0 (0.0, 27.0) 44.0
1 (17.0, 50.0) 48.0
2 (37.0, 41.0) 44.0
3 (11.0, 19.0) 42.0
4 (41.0, 17.0) 89.0
5 (47.0, 32.0) 34.0
6 (5.0, 13.0) 42.0
7 (5.0, 19.0) 41.0
8 (46.0, 18.0) 84.0
9 (28.0, 2.0) 49.0
,
0 14 26 28 11 22 28 7 10 25 14 0
14 0 14 20 7 21 24 7 5 23 19 14
26 14 0 11 16 20 17 19 17 22 25 26
28 20 11 0 17 12 7 21 19 12 20 28
11 7 16 17 0 15 19 4 3 18 12 11
22 21 20 12 15 0 8 18 18 3 10 22
28 24 17 7 19 8 0 23 22 7 18 28
7 7 19 21 4 18 23 0 3 21 13 7
10 5 17 19 3 18 22 3 0 21 14 10
25 23 22 12 18 3 7 21 21 0 12 25
14 19 25 20 12 10 18 13 14 12 0 14
0 14 26 28 11 22 28 7 10 25 14 0
,
0 32 37 37 20 66 80 18 16 51 20 0
32 0 14 45 8 54 44 20 10 47 20 15
72 26 0 19 40 36 24 44 48 31 55 27
41 55 22 0 19 32 10 54 47 13 33 33
20 12 28 31 0 36 56 12 9 26 16 21
39 23 40 34 31 0 9 37 34 7 12 23
66 62 41 15 47 13 0 32 42 17 29 74
7 13 42 53 12 30 54 0 5 49 17 13
20 12 19 58 8 44 29 8 0 48 37 21
51 55 23 36 22 3 18 55 29 0 31 61
17 29 49 55 25 22 24 38 33 15 0 23
0 39 57 39 30 62 79 10 17 68 23 0