2
10
,
0 (0.0, 27.0) 55.0
1 (17.0, 50.0) 52.0
2 (37.0, 41.0) 60.0
3 (11.0, 19.0) 55.0
4 (41.0, 17.0) 69.0
5 (47.0, 32.0) 66.0
6 (5.0, 13.0) 55.0
7 (5.0, 19.0) 34.0
8 (46.0, 18.0) 70.0
9 (28.0, 2.0) 31.0
,
0 14 26 28 11 22 28 7 10 25 14 0
14 0 14 20 7 21 24 7 5 23 19 14
26 14 0 11 16 20 17 19 17 22 25 26
28 20 11 0 17 12 7 21 19 12 20 28
11 7 16 17 0 15 19 4 3 18 12 11
22 21 20 12 15 0 8 18 18 3 10 22
28 24 17 7 19 8 0 23 22 7 18 28
7 7 19 21 4 18 23 0 3 21 13 7
10 5 17 19 3 18 22 3 0 21 14 10
25 23 22 12 18 3 7 21 21 0 12 25
14 19 25 20 12 10 18 13 14 12 0 14
0 14 26 28 11 22 28 7 10 25 14 0
,
0 27 78 61 23 36 78 17 18 35 34 0
37 0 19 37 20 21 70 19 5 43 34 32
51 34 0 30 23 53 41 53 18 42 47 40
37 35 15 0 20 31 13 59 38 21 34 46
30 9 40 40 0 42 39 11 6 48 31 12
30 32 53 26 31 0 21 19 35 7 20 31
31 57 30 8 57 11 0 30 57 13 33 69
15 8 57 31 6 32 50 0 4 21 26 17
23 11 36 33 7 47 50 7 0 47 22 24
50 34 54 15 42 5 10 31 56 0 19 44
21 51 45 44 31 16 22 29 23 32 0 21
0 22 31 39 17 50 70 14 27 44 20 0