2
10
,
0 (0.0, 27.0) 51.0
1 (17.0, 50.0) 32.0
2 (37.0, 41.0) 55.0
3 (11.0, 19.0) 73.0
4 (41.0, 17.0) 84.0
5 (47.0, 32.0) 56.0
6 (5.0, 13.0) 33.0
7 (5.0, 19.0) 47.0
8 (46.0, 18.0) 58.0
9 (28.0, 2.0) 65.0
,
0 14 26 28 11 22 28 7 10 25 14 0
14 0 14 20 7 21 24 7 5 23 19 14
26 14 0 11 16 20 17 19 17 22 25 26
28 20 11 0 17 12 7 21 19 12 20 28
11 7 16 17 0 15 19 4 3 18 12 11
22 21 20 12 15 0 8 18 18 3 10 22
28 24 17 7 19 8 0 23 22 7 18 28
7 7 19 21 4 18 23 0 3 21 13 7
10 5 17 19 3 18 22 3 0 21 14 10
25 23 22 12 18 3 7 21 21 0 12 25
14 19 25 20 12 10 18 13 14 12 0 14
0 14 26 28 11 22 28 7 10 25 14 0
,
0 33 56 47 26 38 35 9 15 70 41 0
34 0 34 38 14 33 50 9 5 58 54 21
40 23 0 12 46 61 42 20 34 40 33 46
62 58 26 0 48 34 8 38 41 28 32 79
29 9 31 33 0 16 41 7 6 47 18 21
32 32 37 31 27 0 11 35 52 3 12 41
59 33 50 16 27 9 0 60 49 18 30 58
18 22 31 27 5 43 39 0 9 59 28 8
13 13 23 49 8 53 38 4 0 60 17 22
73 51 33 25 39 7 21 26 28 0 19 25
31 19 73 56 28 13 39 13 33 30 0 14
0 24 50 56 21 32 73 18 24 69 21 0