2
10
,
0 (0.0, 27.0) 49.0
1 (17.0, 50.0) 51.0
2 (37.0, 41.0) 79.0
3 (11.0, 19.0) 71.0
4 (41.0, 17.0) 58.0
5 (47.0, 32.0) 43.0
6 (5.0, 13.0) 84.0
7 (5.0, 19.0) 84.0
8 (46.0, 18.0) 53.0
9 (28.0, 2.0) 36.0
,
0 14 26 28 11 22 28 7 10 25 14 0
14 0 14 20 7 21 24 7 5 23 19 14
26 14 0 11 16 20 17 19 17 22 25 26
28 20 11 0 17 12 7 21 19 12 20 28
11 7 16 17 0 15 19 4 3 18 12 11
22 21 20 12 15 0 8 18 18 3 10 22
28 24 17 7 19 8 0 23 22 7 18 28
7 7 19 21 4 18 23 0 3 21 13 7
10 5 17 19 3 18 22 3 0 21 14 10
25 23 22 12 18 3 7 21 21 0 12 25
14 19 25 20 12 10 18 13 14 12 0 14
0 14 26 28 11 22 28 7 10 25 14 0
,
0 23 43 67 26 22 72 14 24 53 25 0
26 0 36 35 15 51 50 18 13 51 48 25
57 26 0 16 17 51 40 22 28 44 36 60
43 46 13 0 27 16 18 32 42 25 23 34
23 7 18 34 0 39 29 10 7 43 20 13
24 31 56 13 17 0 20 46 37 5 29 24
78 25 24 14 44 21 0 30 39 11 39 72
16 21 40 56 7 18 35 0 6 46 22 11
24 12 43 30 4 26 47 7 0 48 30 12
34 55 53 23 36 5 7 30 28 0 13 69
34 37 40 32 32 14 52 24 40 34 0 39
0 30 36 45 26 39 38 7 15 63 36 0