2
10
,
0 (0.0, 27.0) 78.0
1 (17.0, 50.0) 37.0
2 (37.0, 41.0) 62.0
3 (11.0, 19.0) 84.0
4 (41.0, 17.0) 47.0
5 (47.0, 32.0) 84.0
6 (5.0, 13.0) 31.0
7 (5.0, 19.0) 89.0
8 (46.0, 18.0) 61.0
9 (28.0, 2.0) 70.0
,
0 14 26 28 11 22 28 7 10 25 14 0
14 0 14 20 7 21 24 7 5 23 19 14
26 14 0 11 16 20 17 19 17 22 25 26
28 20 11 0 17 12 7 21 19 12 20 28
11 7 16 17 0 15 19 4 3 18 12 11
22 21 20 12 15 0 8 18 18 3 10 22
28 24 17 7 19 8 0 23 22 7 18 28
7 7 19 21 4 18 23 0 3 21 13 7
10 5 17 19 3 18 22 3 0 21 14 10
25 23 22 12 18 3 7 21 21 0 12 25
14 19 25 20 12 10 18 13 14 12 0 14
0 14 26 28 11 22 28 7 10 25 14 0
,
0 19 64 28 12 51 54 19 13 62 21 0
15 0 30 58 18 30 61 16 12 34 51 20
59 35 0 24 41 40 20 48 33 37 66 49
61 46 13 0 24 17 13 48 23 36 59 40
21 12 19 25 0 19 23 5 7 34 30 22
48 21 36 31 23 0 20 25 29 7 21 58
29 62 20 15 31 12 0 32 28 13 43 65
20 13 55 25 6 26 65 0 6 50 34 16
18 14 41 41 8 22 52 4 0 52 38 25
67 41 29 26 46 6 20 26 22 0 20 51
24 55 42 38 13 23 50 32 31 30 0 25
0 16 60 40 13 67 71 16 20 73 28 0