2
10
,
0 (0.0, 27.0) 39.0
1 (17.0, 50.0) 70.0
2 (37.0, 41.0) 52.0
3 (11.0, 19.0) 50.0
4 (41.0, 17.0) 33.0
5 (47.0, 32.0) 75.0
6 (5.0, 13.0) 75.0
7 (5.0, 19.0) 37.0
8 (46.0, 18.0) 59.0
9 (28.0, 2.0) 40.0
,
0 14 26 28 11 22 28 7 10 25 14 0
14 0 14 20 7 21 24 7 5 23 19 14
26 14 0 11 16 20 17 19 17 22 25 26
28 20 11 0 17 12 7 21 19 12 20 28
11 7 16 17 0 15 19 4 3 18 12 11
22 21 20 12 15 0 8 18 18 3 10 22
28 24 17 7 19 8 0 23 22 7 18 28
7 7 19 21 4 18 23 0 3 21 13 7
10 5 17 19 3 18 22 3 0 21 14 10
25 23 22 12 18 3 7 21 21 0 12 25
14 19 25 20 12 10 18 13 14 12 0 14
0 14 26 28 11 22 28 7 10 25 14 0
,
0 22 69 61 19 44 82 11 29 40 22 0
25 0 26 44 7 38 52 22 13 63 43 40
47 24 0 18 17 23 43 22 39 34 57 41
58 32 15 0 23 28 11 53 50 13 30 40
20 10 21 28 0 30 56 8 5 24 13 17
43 53 58 29 23 0 24 50 50 3 11 44
30 26 18 20 47 18 0 57 46 14 28 79
7 16 49 26 10 25 28 0 4 47 26 9
13 9 23 50 6 27 31 7 0 33 25 24
73 64 25 17 31 3 17 41 21 0 25 46
35 50 65 24 26 22 22 16 28 29 0 35
0 27 38 81 25 23 66 18 29 34 31 0