2
10
,
0 (0.0, 27.0) 58.0
1 (17.0, 50.0) 39.0
2 (37.0, 41.0) 87.0
3 (11.0, 19.0) 37.0
4 (41.0, 17.0) 83.0
5 (47.0, 32.0) 39.0
6 (5.0, 13.0) 77.0
7 (5.0, 19.0) 31.0
8 (46.0, 18.0) 33.0
9 (28.0, 2.0) 33.0
,
0 14 26 28 11 22 28 7 10 25 14 0
14 0 14 20 7 21 24 7 5 23 19 14
26 14 0 11 16 20 17 19 17 22 25 26
28 20 11 0 17 12 7 21 19 12 20 28
11 7 16 17 0 15 19 4 3 18 12 11
22 21 20 12 15 0 8 18 18 3 10 22
28 24 17 7 19 8 0 23 22 7 18 28
7 7 19 21 4 18 23 0 3 21 13 7
10 5 17 19 3 18 22 3 0 21 14 10
25 23 22 12 18 3 7 21 21 0 12 25
14 19 25 20 12 10 18 13 14 12 0 14
0 14 26 28 11 22 28 7 10 25 14 0
,
0 18 49 35 28 32 72 18 14 25 26 0
16 0 25 31 18 38 66 10 9 48 19 26
54 34 0 22 46 40 21 36 42 57 53 31
35 47 25 0 49 22 13 57 46 32 46 29
23 14 19 47 0 23 30 6 8 36 31 33
66 35 52 17 24 0 19 21 44 4 24 37
72 62 33 17 53 9 0 63 45 19 48 49
11 19 50 24 7 39 43 0 6 48 35 14
24 13 44 34 7 42 44 7 0 31 17 20
72 58 63 20 21 6 11 22 56 0 21 53
34 29 52 51 26 25 18 23 19 27 0 28
0 30 64 55 16 58 63 20 22 54 29 0