2
10
,
0 (0.0, 27.0) 62.0
1 (17.0, 50.0) 65.0
2 (37.0, 41.0) 39.0
3 (11.0, 19.0) 46.0
4 (41.0, 17.0) 69.0
5 (47.0, 32.0) 38.0
6 (5.0, 13.0) 41.0
7 (5.0, 19.0) 85.0
8 (46.0, 18.0) 85.0
9 (28.0, 2.0) 39.0
,
0 14 26 28 11 22 28 7 10 25 14 0
14 0 14 20 7 21 24 7 5 23 19 14
26 14 0 11 16 20 17 19 17 22 25 26
28 20 11 0 17 12 7 21 19 12 20 28
11 7 16 17 0 15 19 4 3 18 12 11
22 21 20 12 15 0 8 18 18 3 10 22
28 24 17 7 19 8 0 23 22 7 18 28
7 7 19 21 4 18 23 0 3 21 13 7
10 5 17 19 3 18 22 3 0 21 14 10
25 23 22 12 18 3 7 21 21 0 12 25
14 19 25 20 12 10 18 13 14 12 0 14
0 14 26 28 11 22 28 7 10 25 14 0
,
0 20 62 38 12 40 79 18 13 28 19 0
21 0 25 32 13 47 36 18 5 62 47 19
64 42 0 29 45 28 51 28 45 24 71 59
72 48 22 0 35 17 17 58 44 22 21 76
32 8 17 44 0 16 50 8 5 18 24 18
42 26 30 34 16 0 12 44 27 8 25 36
54 65 38 16 31 13 0 35 61 19 53 36
18 14 37 58 10 21 57 0 4 46 24 11
27 8 32 51 7 22 25 3 0 46 28 16
34 58 37 28 40 3 17 22 27 0 31 64
15 30 28 21 12 25 38 31 35 17 0 28
0 39 43 33 11 59 58 19 29 29 38 0