2
10
,
0 (0.0, 27.0) 49.0
1 (17.0, 50.0) 43.0
2 (37.0, 41.0) 40.0
3 (11.0, 19.0) 32.0
4 (41.0, 17.0) 67.0
5 (47.0, 32.0) 57.0
6 (5.0, 13.0) 48.0
7 (5.0, 19.0) 67.0
8 (46.0, 18.0) 36.0
9 (28.0, 2.0) 74.0
,
0 14 26 28 11 22 28 7 10 25 14 0
14 0 14 20 7 21 24 7 5 23 19 14
26 14 0 11 16 20 17 19 17 22 25 26
28 20 11 0 17 12 7 21 19 12 20 28
11 7 16 17 0 15 19 4 3 18 12 11
22 21 20 12 15 0 8 18 18 3 10 22
28 24 17 7 19 8 0 23 22 7 18 28
7 7 19 21 4 18 23 0 3 21 13 7
10 5 17 19 3 18 22 3 0 21 14 10
25 23 22 12 18 3 7 21 21 0 12 25
14 19 25 20 12 10 18 13 14 12 0 14
0 14 26 28 11 22 28 7 10 25 14 0
,
0 15 53 69 25 36 67 16 21 41 19 0
18 0 26 25 20 45 45 10 8 49 23 25
68 32 0 11 39 32 49 38 19 56 70 35
35 45 14 0 34 26 15 50 41 28 32 81
14 11 40 30 0 42 36 4 7 44 26 23
35 57 61 36 32 0 14 53 23 5 17 61
81 33 41 18 41 9 0 25 58 11 22 70
14 8 21 52 6 36 39 0 7 61 29 15
23 7 46 48 8 21 24 4 0 52 42 15
65 60 44 33 28 5 9 55 35 0 25 51
39 37 48 23 22 26 37 30 35 16 0 17
0 19 32 61 24 49 35 13 10 47 40 0