2
10
,
0 (0.0, 27.0) 77.0
1 (17.0, 50.0) 76.0
2 (37.0, 41.0) 34.0
3 (11.0, 19.0) 67.0
4 (41.0, 17.0) 43.0
5 (47.0, 32.0) 81.0
6 (5.0, 13.0) 61.0
7 (5.0, 19.0) 38.0
8 (46.0, 18.0) 46.0
9 (28.0, 2.0) 55.0
,
0 14 26 28 11 22 28 7 10 25 14 0
14 0 14 20 7 21 24 7 5 23 19 14
26 14 0 11 16 20 17 19 17 22 25 26
28 20 11 0 17 12 7 21 19 12 20 28
11 7 16 17 0 15 19 4 3 18 12 11
22 21 20 12 15 0 8 18 18 3 10 22
28 24 17 7 19 8 0 23 22 7 18 28
7 7 19 21 4 18 23 0 3 21 13 7
10 5 17 19 3 18 22 3 0 21 14 10
25 23 22 12 18 3 7 21 21 0 12 25
14 19 25 20 12 10 18 13 14 12 0 14
0 14 26 28 11 22 28 7 10 25 14 0
,
0 27 73 82 17 52 76 13 19 63 24 0
28 0 22 59 16 50 54 9 5 26 41 20
37 16 0 31 29 60 39 24 20 22 57 75
62 48 25 0 47 30 20 63 50 23 25 69
32 10 44 25 0 33 42 10 6 25 30 26
24 24 51 22 19 0 11 24 50 3 10 55
60 25 41 18 56 14 0 57 51 15 21 74
9 9 22 43 13 24 61 0 3 24 35 10
23 6 18 32 5 43 65 9 0 40 17 24
33 44 37 35 28 5 18 48 58 0 24 62
15 36 38 42 29 21 28 22 23 29 0 34
0 27 50 68 28 55 59 13 25 33 23 0