2
10
,
0 (0.0, 27.0) 66.0
1 (17.0, 50.0) 51.0
2 (37.0, 41.0) 48.0
3 (11.0, 19.0) 42.0
4 (41.0, 17.0) 38.0
5 (47.0, 32.0) 32.0
6 (5.0, 13.0) 31.0
7 (5.0, 19.0) 61.0
8 (46.0, 18.0) 36.0
9 (28.0, 2.0) 32.0
,
0 14 26 28 11 22 28 7 10 25 14 0
14 0 14 20 7 21 24 7 5 23 19 14
26 14 0 11 16 20 17 19 17 22 25 26
28 20 11 0 17 12 7 21 19 12 20 28
11 7 16 17 0 15 19 4 3 18 12 11
22 21 20 12 15 0 8 18 18 3 10 22
28 24 17 7 19 8 0 23 22 7 18 28
7 7 19 21 4 18 23 0 3 21 13 7
10 5 17 19 3 18 22 3 0 21 14 10
25 23 22 12 18 3 7 21 21 0 12 25
14 19 25 20 12 10 18 13 14 12 0 14
0 14 26 28 11 22 28 7 10 25 14 0
,
0 32 53 44 26 39 84 12 14 27 31 0
22 0 16 31 13 47 66 15 10 57 51 17
60 41 0 19 44 52 48 32 41 26 32 76
73 54 14 0 47 35 14 49 48 16 40 37
27 20 33 27 0 19 23 6 7 41 26 28
55 45 27 33 37 0 24 20 49 4 22 29
76 61 29 15 27 20 0 53 33 7 51 37
16 18 40 48 8 33 33 0 5 55 25 17
13 13 33 53 9 24 36 7 0 26 27 25
56 66 45 27 44 6 17 21 41 0 24 40
34 24 66 58 36 24 43 29 18 21 0 15
0 16 32 47 17 26 41 10 29 54 16 0