2
10
,
0 (0.0, 27.0) 88.0
1 (17.0, 50.0) 48.0
2 (37.0, 41.0) 39.0
3 (11.0, 19.0) 60.0
4 (41.0, 17.0) 59.0
5 (47.0, 32.0) 50.0
6 (5.0, 13.0) 58.0
7 (5.0, 19.0) 38.0
8 (46.0, 18.0) 38.0
9 (28.0, 2.0) 40.0
,
0 14 26 28 11 22 28 7 10 25 14 0
14 0 14 20 7 21 24 7 5 23 19 14
26 14 0 11 16 20 17 19 17 22 25 26
28 20 11 0 17 12 7 21 19 12 20 28
11 7 16 17 0 15 19 4 3 18 12 11
22 21 20 12 15 0 8 18 18 3 10 22
28 24 17 7 19 8 0 23 22 7 18 28
7 7 19 21 4 18 23 0 3 21 13 7
10 5 17 19 3 18 22 3 0 21 14 10
25 23 22 12 18 3 7 21 21 0 12 25
14 19 25 20 12 10 18 13 14 12 0 14
0 14 26 28 11 22 28 7 10 25 14 0
,
0 20 71 77 21 47 43 20 10 56 38 0
18 0 16 37 15 53 33 9 7 50 44 23
77 26 0 28 37 51 48 40 18 46 64 73
39 46 16 0 28 34 19 62 30 36 23 66
28 8 36 42 0 35 55 5 6 24 19 24
55 60 46 27 42 0 9 34 36 3 17 57
80 30 43 7 42 23 0 64 54 7 21 37
17 22 56 57 8 43 58 0 9 54 21 18
23 6 50 25 8 45 34 8 0 52 31 18
33 52 24 36 27 7 13 25 38 0 32 49
37 27 53 26 14 22 36 31 15 32 0 27
0 26 64 31 13 58 35 17 12 60 19 0