2
10
,
0 (0.0, 27.0) 42.0
1 (17.0, 50.0) 61.0
2 (37.0, 41.0) 33.0
3 (11.0, 19.0) 62.0
4 (41.0, 17.0) 45.0
5 (47.0, 32.0) 45.0
6 (5.0, 13.0) 74.0
7 (5.0, 19.0) 32.0
8 (46.0, 18.0) 33.0
9 (28.0, 2.0) 52.0
,
0 14 26 28 11 22 28 7 10 25 14 0
14 0 14 20 7 21 24 7 5 23 19 14
26 14 0 11 16 20 17 19 17 22 25 26
28 20 11 0 17 12 7 21 19 12 20 28
11 7 16 17 0 15 19 4 3 18 12 11
22 21 20 12 15 0 8 18 18 3 10 22
28 24 17 7 19 8 0 23 22 7 18 28
7 7 19 21 4 18 23 0 3 21 13 7
10 5 17 19 3 18 22 3 0 21 14 10
25 23 22 12 18 3 7 21 21 0 12 25
14 19 25 20 12 10 18 13 14 12 0 14
0 14 26 28 11 22 28 7 10 25 14 0
,
0 40 47 71 23 47 41 11 26 46 18 0
40 0 19 40 8 26 33 18 6 29 35 30
41 29 0 21 37 53 39 48 29 60 72 30
36 36 13 0 27 17 12 46 28 26 28 42
21 14 35 36 0 22 32 13 4 50 30 23
60 58 41 29 34 0 11 39 24 6 21 63
68 29 35 17 33 22 0 38 53 19 41 73
13 10 21 33 9 42 29 0 9 53 27 17
22 5 40 25 8 34 62 7 0 57 41 18
55 67 50 15 47 7 11 43 50 0 16 34
31 41 25 22 25 27 27 38 27 16 0 20
0 40 65 36 32 63 73 14 17 34 24 0