2
10
,
0 (0.0, 27.0) 38.0
1 (17.0, 50.0) 56.0
2 (37.0, 41.0) 40.0
3 (11.0, 19.0) 62.0
4 (41.0, 17.0) 43.0
5 (47.0, 32.0) 86.0
6 (5.0, 13.0) 35.0
7 (5.0, 19.0) 79.0
8 (46.0, 18.0) 42.0
9 (28.0, 2.0) 81.0
,
0 14 26 28 11 22 28 7 10 25 14 0
14 0 14 20 7 21 24 7 5 23 19 14
26 14 0 11 16 20 17 19 17 22 25 26
28 20 11 0 17 12 7 21 19 12 20 28
11 7 16 17 0 15 19 4 3 18 12 11
22 21 20 12 15 0 8 18 18 3 10 22
28 24 17 7 19 8 0 23 22 7 18 28
7 7 19 21 4 18 23 0 3 21 13 7
10 5 17 19 3 18 22 3 0 21 14 10
25 23 22 12 18 3 7 21 21 0 12 25
14 19 25 20 12 10 18 13 14 12 0 14
0 14 26 28 11 22 28 7 10 25 14 0
,
0 39 41 57 30 34 62 19 10 64 39 0
24 0 28 38 12 63 45 13 11 40 19 33
28 29 0 22 36 54 38 42 49 42 72 57
67 25 18 0 41 24 17 37 56 28 23 55
28 14 42 22 0 44 32 6 8 32 19 28
33 56 30 28 37 0 14 18 42 6 27 39
65 50 35 17 44 9 0 45 61 19 33 58
17 22 30 25 11 19 44 0 4 39 27 11
10 9 36 53 8 39 23 3 0 56 32 18
51 61 38 17 25 7 11 25 44 0 26 65
23 51 64 50 14 11 26 24 21 35 0 17
0 18 70 76 31 38 47 19 21 43 27 0