2
10
,
0 (0.0, 27.0) 34.0
1 (17.0, 50.0) 85.0
2 (37.0, 41.0) 59.0
3 (11.0, 19.0) 34.0
4 (41.0, 17.0) 85.0
5 (47.0, 32.0) 86.0
6 (5.0, 13.0) 61.0
7 (5.0, 19.0) 79.0
8 (46.0, 18.0) 51.0
9 (28.0, 2.0) 38.0
,
0 14 26 28 11 22 28 7 10 25 14 0
14 0 14 20 7 21 24 7 5 23 19 14
26 14 0 11 16 20 17 19 17 22 25 26
28 20 11 0 17 12 7 21 19 12 20 28
11 7 16 17 0 15 19 4 3 18 12 11
22 21 20 12 15 0 8 18 18 3 10 22
28 24 17 7 19 8 0 23 22 7 18 28
7 7 19 21 4 18 23 0 3 21 13 7
10 5 17 19 3 18 22 3 0 21 14 10
25 23 22 12 18 3 7 21 21 0 12 25
14 19 25 20 12 10 18 13 14 12 0 14
0 14 26 28 11 22 28 7 10 25 14 0
,
0 34 68 53 29 24 49 8 14 36 27 0
16 0 24 43 8 27 24 17 8 68 35 17
45 37 0 21 36 60 34 47 23 29 57 36
71 29 17 0 44 18 19 40 43 13 28 83
24 10 32 46 0 22 34 12 6 30 12 23
29 54 53 19 16 0 11 29 44 6 20 25
64 62 25 15 43 13 0 26 30 11 52 49
12 19 37 58 4 32 29 0 4 24 29 8
24 8 49 38 8 26 43 8 0 58 22 27
39 69 31 22 49 3 12 47 42 0 28 54
36 22 66 39 19 18 41 29 31 33 0 29
0 38 62 51 31 47 75 8 21 37 38 0