2
10
,
0 (0.0, 27.0) 48.0
1 (17.0, 50.0) 86.0
2 (37.0, 41.0) 61.0
3 (11.0, 19.0) 47.0
4 (41.0, 17.0) 57.0
5 (47.0, 32.0) 38.0
6 (5.0, 13.0) 48.0
7 (5.0, 19.0) 39.0
8 (46.0, 18.0) 90.0
9 (28.0, 2.0) 48.0
,
0 14 26 28 11 22 28 7 10 25 14 0
14 0 14 20 7 21 24 7 5 23 19 14
26 14 0 11 16 20 17 19 17 22 25 26
28 20 11 0 17 12 7 21 19 12 20 28
11 7 16 17 0 15 19 4 3 18 12 11
22 21 20 12 15 0 8 18 18 3 10 22
28 24 17 7 19 8 0 23 22 7 18 28
7 7 19 21 4 18 23 0 3 21 13 7
10 5 17 19 3 18 22 3 0 21 14 10
25 23 22 12 18 3 7 21 21 0 12 25
14 19 25 20 12 10 18 13 14 12 0 14
0 14 26 28 11 22 28 7 10 25 14 0
,
0 20 53 36 19 38 43 14 10 30 19 0
22 0 43 44 15 27 51 9 10 58 41 14
64 21 0 11 36 37 25 34 27 32 53 62
54 53 25 0 48 36 12 60 31 26 21 71
25 11 19 24 0 19 55 9 8 22 23 29
45 30 61 35 32 0 18 34 33 3 19 54
52 46 45 10 29 15 0 63 40 9 20 66
20 16 39 21 8 24 68 0 6 30 18 19
16 13 20 26 4 49 27 6 0 27 18 19
35 68 30 16 26 6 18 56 27 0 20 48
28 32 59 49 24 20 34 21 35 27 0 23
0 15 58 55 25 30 57 21 26 45 29 0