2
10
,
0 (0.0, 27.0) 74.0
1 (17.0, 50.0) 48.0
2 (37.0, 41.0) 65.0
3 (11.0, 19.0) 53.0
4 (41.0, 17.0) 82.0
5 (47.0, 32.0) 75.0
6 (5.0, 13.0) 64.0
7 (5.0, 19.0) 79.0
8 (46.0, 18.0) 82.0
9 (28.0, 2.0) 61.0
,
0 14 26 28 11 22 28 7 10 25 14 0
14 0 14 20 7 21 24 7 5 23 19 14
26 14 0 11 16 20 17 19 17 22 25 26
28 20 11 0 17 12 7 21 19 12 20 28
11 7 16 17 0 15 19 4 3 18 12 11
22 21 20 12 15 0 8 18 18 3 10 22
28 24 17 7 19 8 0 23 22 7 18 28
7 7 19 21 4 18 23 0 3 21 13 7
10 5 17 19 3 18 22 3 0 21 14 10
25 23 22 12 18 3 7 21 21 0 12 25
14 19 25 20 12 10 18 13 14 12 0 14
0 14 26 28 11 22 28 7 10 25 14 0
,
0 29 55 49 28 37 72 15 10 59 20 0
20 0 35 27 17 39 64 20 12 53 36 21
31 38 0 20 28 40 23 53 23 35 58 35
79 51 27 0 18 28 18 53 48 17 28 60
24 15 24 44 0 22 20 9 7 41 20 22
28 55 44 15 22 0 14 36 27 3 19 31
31 60 39 8 29 18 0 44 27 17 29 83
20 11 42 49 8 43 52 0 5 27 27 7
18 5 30 31 6 53 49 5 0 52 36 28
52 58 48 18 30 4 18 24 35 0 30 34
21 24 66 44 31 26 30 37 43 29 0 35
0 38 48 51 33 62 30 11 10 53 40 0