1
5
,
0 (9.0, 10.0) 78.0
1 (9.0, 36.0) 51.0
2 (22.0, 14.0) 38.0
3 (49.0, 16.0) 90.0
4 (15.0, 28.0) 35.0
,
0 7 19 13 26 16 0
7 0 13 7 20 9 7
19 13 0 13 22 5 19
13 7 13 0 14 8 13
26 20 22 14 0 18 26
16 9 5 8 18 0 16
0 7 19 13 26 16 0
,
0 12 20 24 48 39 0
12 0 30 13 22 25 15
34 17 0 19 34 10 20
27 20 29 0 32 10 18
41 60 66 26 0 18 40
20 10 13 9 34 0 24
0 8 24 37 43 27 0