1
5
,
0 (9.0, 10.0) 53.0
1 (9.0, 36.0) 89.0
2 (22.0, 14.0) 51.0
3 (49.0, 16.0) 60.0
4 (15.0, 28.0) 66.0
,
0 7 19 13 26 16 0
7 0 13 7 20 9 7
19 13 0 13 22 5 19
13 7 13 0 14 8 13
26 20 22 14 0 18 26
16 9 5 8 18 0 16
0 7 19 13 26 16 0
,
0 12 50 16 60 30 0
19 0 33 17 55 22 7
29 14 0 28 27 10 19
16 13 32 0 19 19 21
69 40 63 29 0 35 59
38 13 10 13 33 0 42
0 19 26 18 46 46 0