1
5
,
0 (9.0, 10.0) 45.0
1 (9.0, 36.0) 86.0
2 (22.0, 14.0) 58.0
3 (49.0, 16.0) 68.0
4 (15.0, 28.0) 62.0
,
0 7 19 13 26 16 0
7 0 13 7 20 9 7
19 13 0 13 22 5 19
13 7 13 0 14 8 13
26 20 22 14 0 18 26
16 9 5 8 18 0 16
0 7 19 13 26 16 0
,
0 19 49 20 51 39 0
17 0 31 8 43 26 13
20 15 0 18 35 11 31
34 11 31 0 35 16 21
71 44 32 20 0 41 72
26 20 13 13 28 0 28
0 19 31 13 67 36 0