1
5
,
0 (9.0, 10.0) 56.0
1 (9.0, 36.0) 59.0
2 (22.0, 14.0) 38.0
3 (49.0, 16.0) 47.0
4 (15.0, 28.0) 33.0
,
0 7 19 13 26 16 0
7 0 13 7 20 9 7
19 13 0 13 22 5 19
13 7 13 0 14 8 13
26 20 22 14 0 18 26
16 9 5 8 18 0 16
0 7 19 13 26 16 0
,
0 19 24 38 70 36 0
15 0 38 19 38 11 16
52 24 0 28 37 13 20
28 9 32 0 20 18 18
57 34 47 32 0 39 40
28 19 15 12 27 0 45
0 15 49 22 35 44 0