1
5
,
0 (9.0, 10.0) 40.0
1 (9.0, 36.0) 45.0
2 (22.0, 14.0) 33.0
3 (49.0, 16.0) 78.0
4 (15.0, 28.0) 54.0
,
0 7 19 13 26 16 0
7 0 13 7 20 9 7
19 13 0 13 22 5 19
13 7 13 0 14 8 13
26 20 22 14 0 18 26
16 9 5 8 18 0 16
0 7 19 13 26 16 0
,
0 18 38 28 55 32 0
8 0 22 18 47 16 7
49 22 0 21 28 11 44
35 16 38 0 40 10 21
60 31 28 40 0 46 46
19 26 10 11 21 0 43
0 9 48 21 56 39 0