1
5
,
0 (9.0, 10.0) 30.0
1 (9.0, 36.0) 45.0
2 (22.0, 14.0) 51.0
3 (49.0, 16.0) 34.0
4 (15.0, 28.0) 65.0
,
0 7 19 13 26 16 0
7 0 13 7 20 9 7
19 13 0 13 22 5 19
13 7 13 0 14 8 13
26 20 22 14 0 18 26
16 9 5 8 18 0 16
0 7 19 13 26 16 0
,
0 19 47 34 48 24 0
14 0 38 17 40 14 10
25 23 0 31 41 7 35
14 19 14 0 37 9 15
77 39 34 14 0 36 54
40 28 10 14 24 0 42
0 16 30 27 48 18 0