1
5
,
0 (9.0, 10.0) 70.0
1 (9.0, 36.0) 58.0
2 (22.0, 14.0) 51.0
3 (49.0, 16.0) 47.0
4 (15.0, 28.0) 53.0
,
0 7 19 13 26 16 0
7 0 13 7 20 9 7
19 13 0 13 22 5 19
13 7 13 0 14 8 13
26 20 22 14 0 18 26
16 9 5 8 18 0 16
0 7 19 13 26 16 0
,
0 20 35 23 40 43 0
18 0 13 13 26 25 18
36 15 0 13 30 6 54
17 12 17 0 31 17 26
67 23 31 21 0 51 33
44 22 7 16 30 0 48
0 10 38 18 36 17 0