1
5
,
0 (9.0, 10.0) 69.0
1 (9.0, 36.0) 43.0
2 (22.0, 14.0) 64.0
3 (49.0, 16.0) 45.0
4 (15.0, 28.0) 47.0
,
0 7 19 13 26 16 0
7 0 13 7 20 9 7
19 13 0 13 22 5 19
13 7 13 0 14 8 13
26 20 22 14 0 18 26
16 9 5 8 18 0 16
0 7 19 13 26 16 0
,
0 15 37 28 43 46 0
14 0 35 8 47 23 11
37 33 0 37 51 5 20
16 13 32 0 33 13 26
43 21 40 29 0 36 43
38 21 15 14 48 0 33
0 19 36 22 44 43 0