1
5
,
0 (9.0, 10.0) 45.0
1 (9.0, 36.0) 58.0
2 (22.0, 14.0) 35.0
3 (49.0, 16.0) 38.0
4 (15.0, 28.0) 30.0
,
0 7 19 13 26 16 0
7 0 13 7 20 9 7
19 13 0 13 22 5 19
13 7 13 0 14 8 13
26 20 22 14 0 18 26
16 9 5 8 18 0 16
0 7 19 13 26 16 0
,
0 11 49 36 29 47 0
8 0 15 11 57 14 9
52 25 0 31 23 10 31
26 8 34 0 14 16 21
58 52 63 37 0 34 47
18 10 14 21 23 0 34
0 17 30 23 43 24 0