1
5
,
0 (9.0, 10.0) 83.0
1 (9.0, 36.0) 77.0
2 (22.0, 14.0) 65.0
3 (49.0, 16.0) 60.0
4 (15.0, 28.0) 47.0
,
0 7 19 13 26 16 0
7 0 13 7 20 9 7
19 13 0 13 22 5 19
13 7 13 0 14 8 13
26 20 22 14 0 18 26
16 9 5 8 18 0 16
0 7 19 13 26 16 0
,
0 18 51 35 58 23 0
11 0 21 15 29 19 16
45 28 0 25 40 14 39
22 19 28 0 40 19 15
33 41 64 36 0 49 28
45 21 11 15 42 0 46
0 11 22 27 31 31 0