1
5
,
0 (9.0, 10.0) 56.0
1 (9.0, 36.0) 33.0
2 (22.0, 14.0) 54.0
3 (49.0, 16.0) 36.0
4 (15.0, 28.0) 75.0
,
0 7 19 13 26 16 0
7 0 13 7 20 9 7
19 13 0 13 22 5 19
13 7 13 0 14 8 13
26 20 22 14 0 18 26
16 9 5 8 18 0 16
0 7 19 13 26 16 0
,
0 11 43 24 35 28 0
10 0 35 19 27 12 9
54 22 0 20 25 7 24
32 16 38 0 24 20 20
60 31 27 33 0 36 34
23 14 9 21 25 0 47
0 13 30 30 74 48 0