1
5
,
0 (9.0, 10.0) 43.0
1 (9.0, 36.0) 70.0
2 (22.0, 14.0) 66.0
3 (49.0, 16.0) 63.0
4 (15.0, 28.0) 61.0
,
0 7 19 13 26 16 0
7 0 13 7 20 9 7
19 13 0 13 22 5 19
13 7 13 0 14 8 13
26 20 22 14 0 18 26
16 9 5 8 18 0 16
0 7 19 13 26 16 0
,
0 13 23 34 61 42 0
18 0 24 8 30 17 18
26 33 0 19 50 11 27
27 17 26 0 25 22 23
71 38 27 27 0 42 64
41 25 10 13 35 0 23
0 9 19 18 27 19 0