1
5
,
0 (9.0, 10.0) 69.0
1 (9.0, 36.0) 35.0
2 (22.0, 14.0) 42.0
3 (49.0, 16.0) 55.0
4 (15.0, 28.0) 50.0
,
0 7 19 13 26 16 0
7 0 13 7 20 9 7
19 13 0 13 22 5 19
13 7 13 0 14 8 13
26 20 22 14 0 18 26
16 9 5 8 18 0 16
0 7 19 13 26 16 0
,
0 10 53 26 31 24 0
17 0 36 17 53 10 11
54 28 0 33 47 9 48
35 14 25 0 20 16 30
76 53 58 24 0 44 76
24 13 6 14 50 0 42
0 13 35 27 76 24 0