1
5
,
0 (9.0, 10.0) 38.0
1 (9.0, 36.0) 65.0
2 (22.0, 14.0) 43.0
3 (49.0, 16.0) 89.0
4 (15.0, 28.0) 50.0
,
0 7 19 13 26 16 0
7 0 13 7 20 9 7
19 13 0 13 22 5 19
13 7 13 0 14 8 13
26 20 22 14 0 18 26
16 9 5 8 18 0 16
0 7 19 13 26 16 0
,
0 18 28 15 55 37 0
10 0 23 14 33 24 14
52 24 0 20 62 9 30
21 10 18 0 28 11 16
72 36 26 22 0 40 26
34 19 7 12 54 0 26
0 18 44 27 54 40 0