1
5
,
0 (9.0, 10.0) 47.0
1 (9.0, 36.0) 58.0
2 (22.0, 14.0) 66.0
3 (49.0, 16.0) 50.0
4 (15.0, 28.0) 43.0
,
0 7 19 13 26 16 0
7 0 13 7 20 9 7
19 13 0 13 22 5 19
13 7 13 0 14 8 13
26 20 22 14 0 18 26
16 9 5 8 18 0 16
0 7 19 13 26 16 0
,
0 10 54 21 39 25 0
8 0 23 15 56 27 8
51 30 0 32 45 6 48
21 11 32 0 37 10 23
68 45 36 31 0 47 69
28 17 9 18 49 0 33
0 10 50 24 48 42 0