1
5
,
0 (9.0, 10.0) 34.0
1 (9.0, 36.0) 62.0
2 (22.0, 14.0) 61.0
3 (49.0, 16.0) 45.0
4 (15.0, 28.0) 60.0
,
0 7 19 13 26 16 0
7 0 13 7 20 9 7
19 13 0 13 22 5 19
13 7 13 0 14 8 13
26 20 22 14 0 18 26
16 9 5 8 18 0 16
0 7 19 13 26 16 0
,
0 9 44 28 26 19 0
18 0 31 9 45 13 18
41 16 0 20 65 9 34
35 17 19 0 33 12 33
45 32 64 17 0 26 67
41 28 6 15 38 0 40
0 16 35 38 33 24 0