1
5
,
0 (9.0, 10.0) 59.0
1 (9.0, 36.0) 76.0
2 (22.0, 14.0) 89.0
3 (49.0, 16.0) 72.0
4 (15.0, 28.0) 50.0
,
0 7 19 13 26 16 0
7 0 13 7 20 9 7
19 13 0 13 22 5 19
13 7 13 0 14 8 13
26 20 22 14 0 18 26
16 9 5 8 18 0 16
0 7 19 13 26 16 0
,
0 12 55 15 65 35 0
15 0 13 15 39 19 16
34 18 0 35 46 8 21
28 13 15 0 19 13 28
59 40 25 39 0 22 65
22 15 8 20 38 0 42
0 14 20 20 69 47 0