1
5
,
0 (9.0, 10.0) 74.0
1 (9.0, 36.0) 36.0
2 (22.0, 14.0) 64.0
3 (49.0, 16.0) 82.0
4 (15.0, 28.0) 44.0
,
0 7 19 13 26 16 0
7 0 13 7 20 9 7
19 13 0 13 22 5 19
13 7 13 0 14 8 13
26 20 22 14 0 18 26
16 9 5 8 18 0 16
0 7 19 13 26 16 0
,
0 12 22 21 77 19 0
12 0 37 20 53 20 17
46 22 0 16 29 12 44
24 10 15 0 35 10 27
54 46 25 36 0 18 68
35 16 6 20 20 0 17
0 7 22 39 64 24 0