1
5
,
0 (9.0, 10.0) 35.0
1 (9.0, 36.0) 43.0
2 (22.0, 14.0) 44.0
3 (49.0, 16.0) 78.0
4 (15.0, 28.0) 35.0
,
0 7 19 13 26 16 0
7 0 13 7 20 9 7
19 13 0 13 22 5 19
13 7 13 0 14 8 13
26 20 22 14 0 18 26
16 9 5 8 18 0 16
0 7 19 13 26 16 0
,
0 14 24 22 39 41 0
8 0 36 17 35 20 18
48 21 0 19 32 12 52
22 7 13 0 14 22 25
26 56 65 27 0 50 67
46 23 8 17 53 0 26
0 14 47 31 26 38 0