1
5
,
0 (9.0, 10.0) 57.0
1 (9.0, 36.0) 56.0
2 (22.0, 14.0) 39.0
3 (49.0, 16.0) 81.0
4 (15.0, 28.0) 32.0
,
0 7 19 13 26 16 0
7 0 13 7 20 9 7
19 13 0 13 22 5 19
13 7 13 0 14 8 13
26 20 22 14 0 18 26
16 9 5 8 18 0 16
0 7 19 13 26 16 0
,
0 19 47 36 60 34 0
9 0 36 18 50 20 13
31 37 0 36 46 10 20
27 14 18 0 27 18 17
38 54 35 14 0 28 40
22 21 14 11 52 0 32
0 16 25 30 57 20 0