1
5
,
0 (9.0, 10.0) 63.0
1 (9.0, 36.0) 55.0
2 (22.0, 14.0) 42.0
3 (49.0, 16.0) 62.0
4 (15.0, 28.0) 34.0
,
0 7 19 13 26 16 0
7 0 13 7 20 9 7
19 13 0 13 22 5 19
13 7 13 0 14 8 13
26 20 22 14 0 18 26
16 9 5 8 18 0 16
0 7 19 13 26 16 0
,
0 10 24 17 61 35 0
12 0 32 11 60 19 14
37 30 0 16 45 7 46
23 14 33 0 26 9 16
72 47 30 40 0 24 52
29 26 6 17 44 0 18
0 9 32 20 71 25 0