1
5
,
0 (9.0, 10.0) 34.0
1 (9.0, 36.0) 46.0
2 (22.0, 14.0) 32.0
3 (49.0, 16.0) 73.0
4 (15.0, 28.0) 85.0
,
0 7 19 13 26 16 0
7 0 13 7 20 9 7
19 13 0 13 22 5 19
13 7 13 0 14 8 13
26 20 22 14 0 18 26
16 9 5 8 18 0 16
0 7 19 13 26 16 0
,
0 17 28 21 57 39 0
16 0 19 10 59 26 7
36 34 0 36 60 9 39
15 16 18 0 27 16 16
71 53 28 34 0 45 66
33 16 11 19 50 0 22
0 8 36 13 65 37 0