1
5
,
0 (9.0, 10.0) 71.0
1 (9.0, 36.0) 75.0
2 (22.0, 14.0) 70.0
3 (49.0, 16.0) 83.0
4 (15.0, 28.0) 39.0
,
0 7 19 13 26 16 0
7 0 13 7 20 9 7
19 13 0 13 22 5 19
13 7 13 0 14 8 13
26 20 22 14 0 18 26
16 9 5 8 18 0 16
0 7 19 13 26 16 0
,
0 17 41 38 30 24 0
15 0 38 17 42 18 8
32 14 0 16 48 8 30
24 16 18 0 35 13 30
37 42 41 28 0 22 28
23 10 11 21 34 0 47
0 18 26 18 36 21 0