1
5
,
0 (9.0, 10.0) 84.0
1 (9.0, 36.0) 39.0
2 (22.0, 14.0) 74.0
3 (49.0, 16.0) 80.0
4 (15.0, 28.0) 53.0
,
0 7 19 13 26 16 0
7 0 13 7 20 9 7
19 13 0 13 22 5 19
13 7 13 0 14 8 13
26 20 22 14 0 18 26
16 9 5 8 18 0 16
0 7 19 13 26 16 0
,
0 17 40 35 32 28 0
10 0 37 15 42 23 19
34 22 0 26 65 14 28
25 14 24 0 15 14 24
43 27 31 28 0 41 55
17 23 10 8 29 0 32
0 13 44 18 55 45 0