1
5
,
0 (9.0, 10.0) 61.0
1 (9.0, 36.0) 38.0
2 (22.0, 14.0) 61.0
3 (49.0, 16.0) 73.0
4 (15.0, 28.0) 35.0
,
0 7 19 13 26 16 0
7 0 13 7 20 9 7
19 13 0 13 22 5 19
13 7 13 0 14 8 13
26 20 22 14 0 18 26
16 9 5 8 18 0 16
0 7 19 13 26 16 0
,
0 10 43 25 57 31 0
9 0 19 16 21 18 12
30 14 0 18 54 13 26
19 13 23 0 22 14 19
77 42 52 25 0 51 73
45 22 9 13 24 0 23
0 17 53 27 39 39 0