1
5
,
0 (9.0, 10.0) 61.0
1 (9.0, 36.0) 79.0
2 (22.0, 14.0) 33.0
3 (49.0, 16.0) 90.0
4 (15.0, 28.0) 73.0
,
0 7 19 13 26 16 0
7 0 13 7 20 9 7
19 13 0 13 22 5 19
13 7 13 0 14 8 13
26 20 22 14 0 18 26
16 9 5 8 18 0 16
0 7 19 13 26 16 0
,
0 11 46 24 55 25 0
14 0 20 16 45 11 12
55 26 0 15 30 14 28
18 13 14 0 34 11 20
58 58 43 23 0 45 36
18 17 6 13 45 0 39
0 8 22 39 57 42 0