1
5
,
0 (9.0, 10.0) 58.0
1 (9.0, 36.0) 34.0
2 (22.0, 14.0) 49.0
3 (49.0, 16.0) 44.0
4 (15.0, 28.0) 67.0
,
0 7 19 13 26 16 0
7 0 13 7 20 9 7
19 13 0 13 22 5 19
13 7 13 0 14 8 13
26 20 22 14 0 18 26
16 9 5 8 18 0 16
0 7 19 13 26 16 0
,
0 19 35 23 44 27 0
11 0 29 12 49 20 9
22 28 0 15 53 13 34
35 18 35 0 28 20 18
55 45 28 33 0 32 59
41 11 5 10 19 0 40
0 9 40 35 68 20 0