1
5
,
0 (9.0, 10.0) 57.0
1 (9.0, 36.0) 40.0
2 (22.0, 14.0) 77.0
3 (49.0, 16.0) 53.0
4 (15.0, 28.0) 70.0
,
0 7 19 13 26 16 0
7 0 13 7 20 9 7
19 13 0 13 22 5 19
13 7 13 0 14 8 13
26 20 22 14 0 18 26
16 9 5 8 18 0 16
0 7 19 13 26 16 0
,
0 9 36 31 37 29 0
9 0 27 9 33 10 11
50 21 0 18 53 8 28
30 19 27 0 30 11 30
70 53 27 20 0 39 68
42 26 7 14 37 0 28
0 16 32 32 77 24 0