1
5
,
0 (9.0, 10.0) 63.0
1 (9.0, 36.0) 66.0
2 (22.0, 14.0) 67.0
3 (49.0, 16.0) 71.0
4 (15.0, 28.0) 45.0
,
0 7 19 13 26 16 0
7 0 13 7 20 9 7
19 13 0 13 22 5 19
13 7 13 0 14 8 13
26 20 22 14 0 18 26
16 9 5 8 18 0 16
0 7 19 13 26 16 0
,
0 7 52 32 75 40 0
11 0 29 20 35 18 17
35 38 0 23 55 6 36
26 18 13 0 30 13 35
75 55 61 37 0 30 66
39 19 12 23 41 0 42
0 12 20 22 31 21 0