1
5
,
0 (9.0, 10.0) 70.0
1 (9.0, 36.0) 60.0
2 (22.0, 14.0) 76.0
3 (49.0, 16.0) 60.0
4 (15.0, 28.0) 68.0
,
0 7 19 13 26 16 0
7 0 13 7 20 9 7
19 13 0 13 22 5 19
13 7 13 0 14 8 13
26 20 22 14 0 18 26
16 9 5 8 18 0 16
0 7 19 13 26 16 0
,
0 14 45 31 67 25 0
13 0 21 9 22 16 16
46 39 0 19 35 6 26
17 10 20 0 16 18 18
37 58 62 27 0 50 37
24 11 14 16 28 0 31
0 16 43 34 71 45 0