1
5
,
0 (9.0, 10.0) 45.0
1 (9.0, 36.0) 78.0
2 (22.0, 14.0) 34.0
3 (49.0, 16.0) 57.0
4 (15.0, 28.0) 64.0
,
0 7 19 13 26 16 0
7 0 13 7 20 9 7
19 13 0 13 22 5 19
13 7 13 0 14 8 13
26 20 22 14 0 18 26
16 9 5 8 18 0 16
0 7 19 13 26 16 0
,
0 19 23 36 71 19 0
10 0 37 18 40 11 19
36 27 0 29 62 10 25
34 14 19 0 24 23 29
42 32 29 25 0 45 60
30 21 9 23 46 0 48
0 11 53 22 56 34 0