1
5
,
0 (9.0, 10.0) 48.0
1 (9.0, 36.0) 51.0
2 (22.0, 14.0) 34.0
3 (49.0, 16.0) 81.0
4 (15.0, 28.0) 51.0
,
0 7 19 13 26 16 0
7 0 13 7 20 9 7
19 13 0 13 22 5 19
13 7 13 0 14 8 13
26 20 22 14 0 18 26
16 9 5 8 18 0 16
0 7 19 13 26 16 0
,
0 8 36 38 57 28 0
12 0 31 19 23 28 17
37 25 0 16 57 15 48
25 11 23 0 18 17 28
28 27 46 40 0 49 46
41 15 9 20 21 0 31
0 7 34 18 40 45 0