1
5
,
0 (9.0, 10.0) 34.0
1 (9.0, 36.0) 54.0
2 (22.0, 14.0) 85.0
3 (49.0, 16.0) 53.0
4 (15.0, 28.0) 47.0
,
0 7 19 13 26 16 0
7 0 13 7 20 9 7
19 13 0 13 22 5 19
13 7 13 0 14 8 13
26 20 22 14 0 18 26
16 9 5 8 18 0 16
0 7 19 13 26 16 0
,
0 17 46 19 53 42 0
11 0 37 20 41 15 14
33 22 0 30 41 12 36
17 19 36 0 37 8 20
68 56 24 16 0 33 39
22 17 7 12 43 0 30
0 14 25 36 31 31 0