1
5
,
0 (9.0, 10.0) 44.0
1 (9.0, 36.0) 50.0
2 (22.0, 14.0) 45.0
3 (49.0, 16.0) 75.0
4 (15.0, 28.0) 32.0
,
0 7 19 13 26 16 0
7 0 13 7 20 9 7
19 13 0 13 22 5 19
13 7 13 0 14 8 13
26 20 22 14 0 18 26
16 9 5 8 18 0 16
0 7 19 13 26 16 0
,
0 11 29 31 47 47 0
15 0 32 8 31 12 15
54 14 0 20 23 5 54
14 14 36 0 26 15 19
65 57 42 34 0 43 46
34 15 14 18 41 0 32
0 19 47 30 49 32 0