1
5
,
0 (9.0, 10.0) 76.0
1 (9.0, 36.0) 71.0
2 (22.0, 14.0) 77.0
3 (49.0, 16.0) 52.0
4 (15.0, 28.0) 86.0
,
0 7 19 13 26 16 0
7 0 13 7 20 9 7
19 13 0 13 22 5 19
13 7 13 0 14 8 13
26 20 22 14 0 18 26
16 9 5 8 18 0 16
0 7 19 13 26 16 0
,
0 14 52 36 65 32 0
19 0 31 20 53 25 9
33 16 0 32 38 8 36
14 15 21 0 39 20 31
53 52 24 20 0 20 32
38 13 8 13 48 0 28
0 8 46 21 29 26 0