1
5
,
0 (9.0, 10.0) 73.0
1 (9.0, 36.0) 48.0
2 (22.0, 14.0) 78.0
3 (49.0, 16.0) 76.0
4 (15.0, 28.0) 65.0
,
0 7 19 13 26 16 0
7 0 13 7 20 9 7
19 13 0 13 22 5 19
13 7 13 0 14 8 13
26 20 22 14 0 18 26
16 9 5 8 18 0 16
0 7 19 13 26 16 0
,
0 19 41 17 62 26 0
18 0 31 18 33 18 17
34 30 0 21 24 14 52
14 19 27 0 18 10 15
63 55 28 30 0 38 63
36 16 14 21 49 0 36
0 19 47 22 29 17 0