1
5
,
0 (9.0, 10.0) 75.0
1 (9.0, 36.0) 48.0
2 (22.0, 14.0) 68.0
3 (49.0, 16.0) 46.0
4 (15.0, 28.0) 85.0
,
0 7 19 13 26 16 0
7 0 13 7 20 9 7
19 13 0 13 22 5 19
13 7 13 0 14 8 13
26 20 22 14 0 18 26
16 9 5 8 18 0 16
0 7 19 13 26 16 0
,
0 19 52 26 62 38 0
14 0 35 13 60 27 13
50 23 0 38 39 7 51
18 12 36 0 25 22 35
29 42 56 31 0 38 63
43 21 10 20 25 0 26
0 14 24 27 77 20 0