1
5
,
0 (9.0, 10.0) 82.0
1 (9.0, 36.0) 44.0
2 (22.0, 14.0) 69.0
3 (49.0, 16.0) 50.0
4 (15.0, 28.0) 59.0
,
0 7 19 13 26 16 0
7 0 13 7 20 9 7
19 13 0 13 22 5 19
13 7 13 0 14 8 13
26 20 22 14 0 18 26
16 9 5 8 18 0 16
0 7 19 13 26 16 0
,
0 9 24 26 48 30 0
19 0 15 20 28 27 20
51 19 0 18 45 7 32
36 17 35 0 34 13 33
74 60 55 17 0 21 62
45 27 12 9 42 0 41
0 13 30 13 41 44 0