1
5
,
0 (19.0, 44.0) 33.0
1 (38.0, 18.0) 57.0
2 (47.0, 25.0) 59.0
3 (2.0, 28.0) 39.0
4 (13.0, 30.0) 59.0
,
0 24 21 27 14 16 0
24 0 16 17 12 8 24
21 16 0 6 19 14 21
27 17 6 0 23 17 27
14 12 19 23 0 6 14
16 8 14 17 6 0 16
0 24 21 27 14 16 0
,
0 31 40 69 39 24 0
68 0 26 48 30 12 37
62 36 0 9 25 16 26
38 31 12 0 32 45 53
23 27 31 49 0 10 38
45 12 32 27 6 0 19
0 70 58 28 28 28 0