1
5
,
0 (19.0, 44.0) 41.0
1 (38.0, 18.0) 41.0
2 (47.0, 25.0) 46.0
3 (2.0, 28.0) 42.0
4 (13.0, 30.0) 59.0
,
0 24 21 27 14 16 0
24 0 16 17 12 8 24
21 16 0 6 19 14 21
27 17 6 0 23 17 27
14 12 19 23 0 6 14
16 8 14 17 6 0 16
0 24 21 27 14 16 0
,
0 40 60 47 28 39 0
31 0 31 22 34 18 54
62 27 0 15 40 23 30
63 25 14 0 63 35 29
35 33 40 33 0 6 41
43 14 18 22 7 0 25
0 36 52 47 21 34 0