1
5
,
0 (19.0, 44.0) 46.0
1 (38.0, 18.0) 65.0
2 (47.0, 25.0) 42.0
3 (2.0, 28.0) 56.0
4 (13.0, 30.0) 63.0
,
0 24 21 27 14 16 0
24 0 16 17 12 8 24
21 16 0 6 19 14 21
27 17 6 0 23 17 27
14 12 19 23 0 6 14
16 8 14 17 6 0 16
0 24 21 27 14 16 0
,
0 33 39 33 19 22 0
25 0 45 30 15 20 39
48 38 0 12 34 35 48
61 31 7 0 36 20 32
33 23 49 27 0 12 33
28 19 27 38 13 0 38
0 66 52 37 31 35 0