1
5
,
0 (19.0, 44.0) 44.0
1 (38.0, 18.0) 44.0
2 (47.0, 25.0) 36.0
3 (2.0, 28.0) 47.0
4 (13.0, 30.0) 41.0
,
0 24 21 27 14 16 0
24 0 16 17 12 8 24
21 16 0 6 19 14 21
27 17 6 0 23 17 27
14 12 19 23 0 6 14
16 8 14 17 6 0 16
0 24 21 27 14 16 0
,
0 46 60 80 33 22 0
35 0 38 22 32 17 36
50 44 0 16 53 34 53
32 40 7 0 59 27 70
41 30 43 24 0 11 16
46 8 28 39 11 0 36
0 55 30 63 20 29 0