1
5
,
0 (19.0, 44.0) 68.0
1 (38.0, 18.0) 42.0
2 (47.0, 25.0) 74.0
3 (2.0, 28.0) 36.0
4 (13.0, 30.0) 36.0
,
0 24 21 27 14 16 0
24 0 16 17 12 8 24
21 16 0 6 19 14 21
27 17 6 0 23 17 27
14 12 19 23 0 6 14
16 8 14 17 6 0 16
0 24 21 27 14 16 0
,
0 42 62 72 31 25 0
43 0 39 34 17 14 35
34 16 0 9 39 32 43
66 25 13 0 50 30 36
18 21 33 32 0 13 21
23 9 16 34 14 0 38
0 60 53 64 40 40 0