1
5
,
0 (19.0, 44.0) 42.0
1 (38.0, 18.0) 68.0
2 (47.0, 25.0) 67.0
3 (2.0, 28.0) 63.0
4 (13.0, 30.0) 53.0
,
0 24 21 27 14 16 0
24 0 16 17 12 8 24
21 16 0 6 19 14 21
27 17 6 0 23 17 27
14 12 19 23 0 6 14
16 8 14 17 6 0 16
0 24 21 27 14 16 0
,
0 49 44 49 37 35 0
29 0 36 48 14 20 35
37 27 0 7 55 42 58
27 37 7 0 41 23 43
37 19 47 27 0 11 25
40 17 17 33 16 0 43
0 38 56 46 22 33 0