1
5
,
0 (19.0, 44.0) 67.0
1 (38.0, 18.0) 49.0
2 (47.0, 25.0) 75.0
3 (2.0, 28.0) 35.0
4 (13.0, 30.0) 33.0
,
0 24 21 27 14 16 0
24 0 16 17 12 8 24
21 16 0 6 19 14 21
27 17 6 0 23 17 27
14 12 19 23 0 6 14
16 8 14 17 6 0 16
0 24 21 27 14 16 0
,
0 66 34 31 35 23 0
41 0 41 20 34 22 60
39 21 0 12 30 34 39
50 22 15 0 52 50 48
24 16 32 33 0 7 19
45 21 20 36 16 0 31
0 24 26 49 17 39 0