1
5
,
0 (19.0, 44.0) 36.0
1 (38.0, 18.0) 33.0
2 (47.0, 25.0) 39.0
3 (2.0, 28.0) 58.0
4 (13.0, 30.0) 42.0
,
0 24 21 27 14 16 0
24 0 16 17 12 8 24
21 16 0 6 19 14 21
27 17 6 0 23 17 27
14 12 19 23 0 6 14
16 8 14 17 6 0 16
0 24 21 27 14 16 0
,
0 70 40 55 24 18 0
62 0 34 39 25 11 34
60 34 0 14 41 39 31
79 37 12 0 23 25 54
34 19 41 67 0 6 32
36 17 39 47 6 0 23
0 45 43 47 35 39 0