1
5
,
0 (19.0, 44.0) 78.0
1 (38.0, 18.0) 56.0
2 (47.0, 25.0) 80.0
3 (2.0, 28.0) 39.0
4 (13.0, 30.0) 80.0
,
0 24 21 27 14 16 0
24 0 16 17 12 8 24
21 16 0 6 19 14 21
27 17 6 0 23 17 27
14 12 19 23 0 6 14
16 8 14 17 6 0 16
0 24 21 27 14 16 0
,
0 46 44 74 34 22 0
49 0 26 25 15 10 68
43 30 0 16 27 22 26
73 45 9 0 54 28 79
15 33 48 54 0 16 26
43 19 22 49 7 0 28
0 68 39 37 22 33 0