1
5
,
0 (19.0, 44.0) 60.0
1 (38.0, 18.0) 68.0
2 (47.0, 25.0) 72.0
3 (2.0, 28.0) 85.0
4 (13.0, 30.0) 56.0
,
0 24 21 27 14 16 0
24 0 16 17 12 8 24
21 16 0 6 19 14 21
27 17 6 0 23 17 27
14 12 19 23 0 6 14
16 8 14 17 6 0 16
0 24 21 27 14 16 0
,
0 26 43 38 23 22 0
59 0 39 25 28 11 70
30 40 0 15 47 30 54
66 37 16 0 63 45 34
39 17 45 51 0 13 37
18 15 39 24 15 0 34
0 35 22 71 25 45 0