1
5
,
0 (19.0, 44.0) 42.0
1 (38.0, 18.0) 44.0
2 (47.0, 25.0) 50.0
3 (2.0, 28.0) 79.0
4 (13.0, 30.0) 74.0
,
0 24 21 27 14 16 0
24 0 16 17 12 8 24
21 16 0 6 19 14 21
27 17 6 0 23 17 27
14 12 19 23 0 6 14
16 8 14 17 6 0 16
0 24 21 27 14 16 0
,
0 51 33 51 30 43 0
67 0 37 25 20 20 33
31 32 0 13 53 19 62
78 41 6 0 60 27 42
32 33 46 23 0 12 35
22 18 27 39 11 0 39
0 40 59 42 36 28 0