1
5
,
0 (19.0, 44.0) 86.0
1 (38.0, 18.0) 88.0
2 (47.0, 25.0) 48.0
3 (2.0, 28.0) 40.0
4 (13.0, 30.0) 47.0
,
0 24 21 27 14 16 0
24 0 16 17 12 8 24
21 16 0 6 19 14 21
27 17 6 0 23 17 27
14 12 19 23 0 6 14
16 8 14 17 6 0 16
0 24 21 27 14 16 0
,
0 29 42 66 31 41 0
35 0 26 25 21 15 54
39 24 0 11 24 32 41
77 50 17 0 28 20 71
15 32 53 59 0 8 15
18 20 34 21 11 0 28
0 54 52 76 19 45 0