1
5
,
0 (19.0, 44.0) 32.0
1 (38.0, 18.0) 80.0
2 (47.0, 25.0) 46.0
3 (2.0, 28.0) 43.0
4 (13.0, 30.0) 37.0
,
0 24 21 27 14 16 0
24 0 16 17 12 8 24
21 16 0 6 19 14 21
27 17 6 0 23 17 27
14 12 19 23 0 6 14
16 8 14 17 6 0 16
0 24 21 27 14 16 0
,
0 62 33 29 32 25 0
59 0 46 27 28 11 44
58 41 0 9 25 28 35
28 21 16 0 46 41 28
25 20 39 46 0 13 40
23 14 37 28 13 0 23
0 26 25 63 26 46 0