1
5
,
0 (19.0, 44.0) 78.0
1 (38.0, 18.0) 71.0
2 (47.0, 25.0) 88.0
3 (2.0, 28.0) 71.0
4 (13.0, 30.0) 80.0
,
0 24 21 27 14 16 0
24 0 16 17 12 8 24
21 16 0 6 19 14 21
27 17 6 0 23 17 27
14 12 19 23 0 6 14
16 8 14 17 6 0 16
0 24 21 27 14 16 0
,
0 41 39 76 14 47 0
35 0 38 19 16 9 53
61 32 0 11 25 39 36
33 32 16 0 53 40 27
19 29 20 59 0 13 38
28 17 31 49 6 0 26
0 37 31 60 32 31 0