1
5
,
0 (19.0, 44.0) 33.0
1 (38.0, 18.0) 62.0
2 (47.0, 25.0) 48.0
3 (2.0, 28.0) 48.0
4 (13.0, 30.0) 42.0
,
0 24 21 27 14 16 0
24 0 16 17 12 8 24
21 16 0 6 19 14 21
27 17 6 0 23 17 27
14 12 19 23 0 6 14
16 8 14 17 6 0 16
0 24 21 27 14 16 0
,
0 67 62 65 20 31 0
52 0 47 45 16 12 51
58 48 0 17 54 27 55
69 37 14 0 43 44 68
24 26 56 30 0 12 17
35 14 21 40 13 0 31
0 49 24 46 31 27 0