1
5
,
0 (19.0, 44.0) 36.0
1 (38.0, 18.0) 35.0
2 (47.0, 25.0) 59.0
3 (2.0, 28.0) 75.0
4 (13.0, 30.0) 80.0
,
0 24 21 27 14 16 0
24 0 16 17 12 8 24
21 16 0 6 19 14 21
27 17 6 0 23 17 27
14 12 19 23 0 6 14
16 8 14 17 6 0 16
0 24 21 27 14 16 0
,
0 39 27 29 21 34 0
41 0 23 50 34 16 68
34 27 0 13 38 30 24
54 25 13 0 55 35 53
36 15 55 27 0 14 41
42 11 29 31 13 0 42
0 69 51 34 27 28 0