1
5
,
0 (19.0, 44.0) 70.0
1 (38.0, 18.0) 35.0
2 (47.0, 25.0) 68.0
3 (2.0, 28.0) 37.0
4 (13.0, 30.0) 40.0
,
0 24 21 27 14 16 0
24 0 16 17 12 8 24
21 16 0 6 19 14 21
27 17 6 0 23 17 27
14 12 19 23 0 6 14
16 8 14 17 6 0 16
0 24 21 27 14 16 0
,
0 25 47 48 24 23 0
48 0 34 30 13 14 56
45 26 0 13 48 33 32
48 46 11 0 24 19 72
14 32 32 56 0 17 31
24 9 30 34 6 0 30
0 50 35 58 18 39 0