1
5
,
0 (19.0, 44.0) 32.0
1 (38.0, 18.0) 49.0
2 (47.0, 25.0) 40.0
3 (2.0, 28.0) 63.0
4 (13.0, 30.0) 46.0
,
0 24 21 27 14 16 0
24 0 16 17 12 8 24
21 16 0 6 19 14 21
27 17 6 0 23 17 27
14 12 19 23 0 6 14
16 8 14 17 6 0 16
0 24 21 27 14 16 0
,
0 42 62 46 37 47 0
58 0 28 18 22 13 68
53 21 0 13 38 23 58
74 22 16 0 36 50 29
14 28 34 36 0 8 19
22 22 19 51 13 0 29
0 65 59 50 31 47 0