1
5
,
0 (19.0, 44.0) 78.0
1 (38.0, 18.0) 56.0
2 (47.0, 25.0) 40.0
3 (2.0, 28.0) 73.0
4 (13.0, 30.0) 45.0
,
0 24 21 27 14 16 0
24 0 16 17 12 8 24
21 16 0 6 19 14 21
27 17 6 0 23 17 27
14 12 19 23 0 6 14
16 8 14 17 6 0 16
0 24 21 27 14 16 0
,
0 45 58 70 30 32 0
49 0 30 38 27 17 30
49 28 0 9 23 28 30
30 41 11 0 47 41 46
28 26 44 36 0 9 18
33 16 36 41 12 0 43
0 28 24 79 26 27 0