1
5
,
0 (19.0, 44.0) 35.0
1 (38.0, 18.0) 56.0
2 (47.0, 25.0) 85.0
3 (2.0, 28.0) 32.0
4 (13.0, 30.0) 35.0
,
0 24 21 27 14 16 0
24 0 16 17 12 8 24
21 16 0 6 19 14 21
27 17 6 0 23 17 27
14 12 19 23 0 6 14
16 8 14 17 6 0 16
0 24 21 27 14 16 0
,
0 64 40 37 16 40 0
46 0 38 25 28 21 41
22 44 0 8 40 27 36
77 23 10 0 31 42 46
29 34 38 24 0 6 17
18 9 29 45 13 0 29
0 56 59 57 32 25 0