1
5
,
0 (19.0, 44.0) 86.0
1 (38.0, 18.0) 55.0
2 (47.0, 25.0) 46.0
3 (2.0, 28.0) 53.0
4 (13.0, 30.0) 71.0
,
0 24 21 27 14 16 0
24 0 16 17 12 8 24
21 16 0 6 19 14 21
27 17 6 0 23 17 27
14 12 19 23 0 6 14
16 8 14 17 6 0 16
0 24 21 27 14 16 0
,
0 65 44 78 29 33 0
71 0 19 29 33 17 28
33 46 0 16 46 14 57
57 46 14 0 42 30 62
23 15 38 30 0 6 35
30 20 26 35 8 0 21
0 69 49 45 28 19 0