1
5
,
0 (19.0, 44.0) 71.0
1 (38.0, 18.0) 35.0
2 (47.0, 25.0) 44.0
3 (2.0, 28.0) 84.0
4 (13.0, 30.0) 56.0
,
0 24 21 27 14 16 0
24 0 16 17 12 8 24
21 16 0 6 19 14 21
27 17 6 0 23 17 27
14 12 19 23 0 6 14
16 8 14 17 6 0 16
0 24 21 27 14 16 0
,
0 35 62 62 20 22 0
25 0 20 31 33 20 56
27 34 0 14 51 25 22
58 25 13 0 50 19 61
18 15 29 54 0 11 41
23 15 33 33 13 0 27
0 54 60 64 20 39 0