1
5
,
0 (19.0, 44.0) 42.0
1 (38.0, 18.0) 52.0
2 (47.0, 25.0) 70.0
3 (2.0, 28.0) 83.0
4 (13.0, 30.0) 51.0
,
0 24 21 27 14 16 0
24 0 16 17 12 8 24
21 16 0 6 19 14 21
27 17 6 0 23 17 27
14 12 19 23 0 6 14
16 8 14 17 6 0 16
0 24 21 27 14 16 0
,
0 37 43 65 23 29 0
68 0 27 25 32 16 52
59 40 0 17 41 23 35
48 39 14 0 23 18 28
16 28 52 63 0 11 18
32 18 16 28 7 0 20
0 30 30 57 20 31 0