1
5
,
0 (19.0, 44.0) 47.0
1 (38.0, 18.0) 42.0
2 (47.0, 25.0) 75.0
3 (2.0, 28.0) 77.0
4 (13.0, 30.0) 40.0
,
0 24 21 27 14 16 0
24 0 16 17 12 8 24
21 16 0 6 19 14 21
27 17 6 0 23 17 27
14 12 19 23 0 6 14
16 8 14 17 6 0 16
0 24 21 27 14 16 0
,
0 64 30 41 39 41 0
57 0 42 40 30 18 33
55 40 0 10 32 38 51
58 20 17 0 66 20 35
37 35 44 61 0 13 16
24 22 27 29 15 0 37
0 65 44 49 16 28 0