1
5
,
0 (19.0, 44.0) 45.0
1 (38.0, 18.0) 37.0
2 (47.0, 25.0) 42.0
3 (2.0, 28.0) 66.0
4 (13.0, 30.0) 34.0
,
0 24 21 27 14 16 0
24 0 16 17 12 8 24
21 16 0 6 19 14 21
27 17 6 0 23 17 27
14 12 19 23 0 6 14
16 8 14 17 6 0 16
0 24 21 27 14 16 0
,
0 70 44 63 20 27 0
69 0 38 35 13 22 69
54 19 0 14 49 36 50
29 36 9 0 49 34 61
36 18 21 59 0 6 34
44 18 30 41 11 0 16
0 62 58 50 32 25 0