1
5
,
0 (19.0, 44.0) 33.0
1 (38.0, 18.0) 34.0
2 (47.0, 25.0) 66.0
3 (2.0, 28.0) 33.0
4 (13.0, 30.0) 39.0
,
0 24 21 27 14 16 0
24 0 16 17 12 8 24
21 16 0 6 19 14 21
27 17 6 0 23 17 27
14 12 19 23 0 6 14
16 8 14 17 6 0 16
0 24 21 27 14 16 0
,
0 30 55 65 27 40 0
41 0 30 44 27 21 43
38 33 0 15 36 19 51
67 24 7 0 24 20 34
18 25 31 56 0 10 41
32 14 41 43 7 0 47
0 42 36 43 21 49 0