1
5
,
0 (19.0, 44.0) 31.0
1 (38.0, 18.0) 31.0
2 (47.0, 25.0) 70.0
3 (2.0, 28.0) 79.0
4 (13.0, 30.0) 82.0
,
0 24 21 27 14 16 0
24 0 16 17 12 8 24
21 16 0 6 19 14 21
27 17 6 0 23 17 27
14 12 19 23 0 6 14
16 8 14 17 6 0 16
0 24 21 27 14 16 0
,
0 53 24 78 37 37 0
30 0 45 21 20 18 66
39 19 0 16 44 20 43
68 17 10 0 65 20 70
22 19 30 43 0 11 23
42 10 27 31 8 0 31
0 56 32 56 37 16 0