1
5
,
0 (19.0, 44.0) 73.0
1 (38.0, 18.0) 40.0
2 (47.0, 25.0) 63.0
3 (2.0, 28.0) 71.0
4 (13.0, 30.0) 89.0
,
0 24 21 27 14 16 0
24 0 16 17 12 8 24
21 16 0 6 19 14 21
27 17 6 0 23 17 27
14 12 19 23 0 6 14
16 8 14 17 6 0 16
0 24 21 27 14 16 0
,
0 65 24 33 16 27 0
27 0 23 28 24 8 54
40 44 0 13 36 17 22
52 19 15 0 36 35 72
18 14 41 30 0 17 41
27 19 25 38 13 0 32
0 56 63 72 31 26 0