1
5
,
0 (19.0, 44.0) 33.0
1 (38.0, 18.0) 33.0
2 (47.0, 25.0) 80.0
3 (2.0, 28.0) 36.0
4 (13.0, 30.0) 71.0
,
0 24 21 27 14 16 0
24 0 16 17 12 8 24
21 16 0 6 19 14 21
27 17 6 0 23 17 27
14 12 19 23 0 6 14
16 8 14 17 6 0 16
0 24 21 27 14 16 0
,
0 53 21 78 41 20 0
43 0 42 43 24 20 49
44 19 0 11 48 36 38
67 27 8 0 28 38 61
18 27 20 64 0 15 27
29 19 39 48 6 0 32
0 37 46 46 15 43 0