1
5
,
0 (19.0, 44.0) 85.0
1 (38.0, 18.0) 32.0
2 (47.0, 25.0) 60.0
3 (2.0, 28.0) 31.0
4 (13.0, 30.0) 42.0
,
0 24 21 27 14 16 0
24 0 16 17 12 8 24
21 16 0 6 19 14 21
27 17 6 0 23 17 27
14 12 19 23 0 6 14
16 8 14 17 6 0 16
0 24 21 27 14 16 0
,
0 40 45 56 34 45 0
70 0 24 40 14 8 46
46 33 0 11 34 36 58
52 48 15 0 45 38 45
20 34 41 32 0 14 37
42 11 26 37 9 0 37
0 61 51 31 14 17 0