1
5
,
0 (19.0, 44.0) 60.0
1 (38.0, 18.0) 76.0
2 (47.0, 25.0) 57.0
3 (2.0, 28.0) 33.0
4 (13.0, 30.0) 35.0
,
0 24 21 27 14 16 0
24 0 16 17 12 8 24
21 16 0 6 19 14 21
27 17 6 0 23 17 27
14 12 19 23 0 6 14
16 8 14 17 6 0 16
0 24 21 27 14 16 0
,
0 28 48 29 36 39 0
34 0 18 45 27 20 72
58 48 0 14 38 16 29
54 41 15 0 61 33 58
39 34 31 32 0 7 17
44 22 41 42 14 0 46
0 46 60 50 19 35 0