1
5
,
0 (19.0, 44.0) 79.0
1 (38.0, 18.0) 31.0
2 (47.0, 25.0) 53.0
3 (2.0, 28.0) 60.0
4 (13.0, 30.0) 81.0
,
0 24 21 27 14 16 0
24 0 16 17 12 8 24
21 16 0 6 19 14 21
27 17 6 0 23 17 27
14 12 19 23 0 6 14
16 8 14 17 6 0 16
0 24 21 27 14 16 0
,
0 60 35 29 25 49 0
37 0 30 26 23 11 37
42 20 0 13 29 30 50
42 28 6 0 29 37 37
26 13 40 44 0 12 39
41 9 17 29 9 0 41
0 59 40 38 31 27 0