1
5
,
0 (19.0, 44.0) 54.0
1 (38.0, 18.0) 39.0
2 (47.0, 25.0) 54.0
3 (2.0, 28.0) 35.0
4 (13.0, 30.0) 49.0
,
0 24 21 27 14 16 0
24 0 16 17 12 8 24
21 16 0 6 19 14 21
27 17 6 0 23 17 27
14 12 19 23 0 6 14
16 8 14 17 6 0 16
0 24 21 27 14 16 0
,
0 65 45 64 42 49 0
37 0 24 50 34 19 38
28 27 0 16 34 29 46
41 18 11 0 28 51 52
38 26 31 53 0 14 40
17 16 40 36 13 0 18
0 48 26 64 28 42 0