1
5
,
0 (19.0, 44.0) 51.0
1 (38.0, 18.0) 55.0
2 (47.0, 25.0) 42.0
3 (2.0, 28.0) 88.0
4 (13.0, 30.0) 40.0
,
0 24 21 27 14 16 0
24 0 16 17 12 8 24
21 16 0 6 19 14 21
27 17 6 0 23 17 27
14 12 19 23 0 6 14
16 8 14 17 6 0 16
0 24 21 27 14 16 0
,
0 58 59 46 15 46 0
44 0 24 46 29 8 56
49 38 0 12 53 22 57
54 28 11 0 33 45 53
25 25 52 44 0 15 26
20 14 22 37 8 0 29
0 24 27 61 18 32 0