1
5
,
0 (19.0, 44.0) 42.0
1 (38.0, 18.0) 49.0
2 (47.0, 25.0) 52.0
3 (2.0, 28.0) 66.0
4 (13.0, 30.0) 36.0
,
0 24 21 27 14 16 0
24 0 16 17 12 8 24
21 16 0 6 19 14 21
27 17 6 0 23 17 27
14 12 19 23 0 6 14
16 8 14 17 6 0 16
0 24 21 27 14 16 0
,
0 43 31 41 42 38 0
61 0 38 24 22 10 26
23 29 0 6 49 31 35
37 24 9 0 44 23 73
28 31 19 58 0 13 24
27 16 27 30 16 0 41
0 36 39 32 37 46 0