1
5
,
0 (19.0, 44.0) 64.0
1 (38.0, 18.0) 31.0
2 (47.0, 25.0) 33.0
3 (2.0, 28.0) 89.0
4 (13.0, 30.0) 63.0
,
0 24 21 27 14 16 0
24 0 16 17 12 8 24
21 16 0 6 19 14 21
27 17 6 0 23 17 27
14 12 19 23 0 6 14
16 8 14 17 6 0 16
0 24 21 27 14 16 0
,
0 47 49 37 23 40 0
61 0 45 37 18 17 39
31 19 0 13 38 31 45
55 21 15 0 32 41 68
35 25 24 59 0 13 27
40 17 14 42 6 0 27
0 40 51 78 28 34 0