1
5
,
0 (19.0, 44.0) 43.0
1 (38.0, 18.0) 31.0
2 (47.0, 25.0) 76.0
3 (2.0, 28.0) 39.0
4 (13.0, 30.0) 71.0
,
0 24 21 27 14 16 0
24 0 16 17 12 8 24
21 16 0 6 19 14 21
27 17 6 0 23 17 27
14 12 19 23 0 6 14
16 8 14 17 6 0 16
0 24 21 27 14 16 0
,
0 43 24 58 20 24 0
31 0 42 33 32 21 49
36 40 0 12 51 37 23
54 50 10 0 35 34 39
40 18 20 27 0 15 28
38 16 38 27 17 0 30
0 56 62 77 22 28 0