1
5
,
0 (19.0, 44.0) 57.0
1 (38.0, 18.0) 52.0
2 (47.0, 25.0) 49.0
3 (2.0, 28.0) 76.0
4 (13.0, 30.0) 50.0
,
0 24 21 27 14 16 0
24 0 16 17 12 8 24
21 16 0 6 19 14 21
27 17 6 0 23 17 27
14 12 19 23 0 6 14
16 8 14 17 6 0 16
0 24 21 27 14 16 0
,
0 42 60 50 20 43 0
30 0 34 18 20 17 29
47 41 0 10 36 37 34
42 18 11 0 55 19 38
20 16 39 30 0 10 20
30 21 41 48 16 0 30
0 68 40 75 28 37 0