1
5
,
0 (19.0, 44.0) 46.0
1 (38.0, 18.0) 78.0
2 (47.0, 25.0) 31.0
3 (2.0, 28.0) 68.0
4 (13.0, 30.0) 34.0
,
0 24 21 27 14 16 0
24 0 16 17 12 8 24
21 16 0 6 19 14 21
27 17 6 0 23 17 27
14 12 19 23 0 6 14
16 8 14 17 6 0 16
0 24 21 27 14 16 0
,
0 61 26 70 42 37 0
26 0 30 25 18 16 45
52 36 0 7 33 37 27
59 46 16 0 33 46 47
25 18 42 49 0 17 15
45 21 28 48 13 0 47
0 52 38 34 21 25 0