1
5
,
0 (19.0, 44.0) 53.0
1 (38.0, 18.0) 51.0
2 (47.0, 25.0) 81.0
3 (2.0, 28.0) 38.0
4 (13.0, 30.0) 75.0
,
0 24 21 27 14 16 0
24 0 16 17 12 8 24
21 16 0 6 19 14 21
27 17 6 0 23 17 27
14 12 19 23 0 6 14
16 8 14 17 6 0 16
0 24 21 27 14 16 0
,
0 41 43 46 22 26 0
40 0 25 43 12 15 67
38 19 0 11 25 27 33
63 41 14 0 55 47 62
30 19 49 60 0 15 36
29 22 27 37 13 0 41
0 57 24 61 24 45 0