1
5
,
0 (19.0, 44.0) 41.0
1 (38.0, 18.0) 49.0
2 (47.0, 25.0) 81.0
3 (2.0, 28.0) 49.0
4 (13.0, 30.0) 87.0
,
0 24 21 27 14 16 0
24 0 16 17 12 8 24
21 16 0 6 19 14 21
27 17 6 0 23 17 27
14 12 19 23 0 6 14
16 8 14 17 6 0 16
0 24 21 27 14 16 0
,
0 31 41 44 27 18 0
51 0 26 23 13 12 58
35 36 0 11 53 39 56
76 19 14 0 46 22 53
24 26 29 49 0 14 20
30 15 21 41 10 0 36
0 54 56 29 21 21 0