1
5
,
0 (19.0, 44.0) 39.0
1 (38.0, 18.0) 71.0
2 (47.0, 25.0) 59.0
3 (2.0, 28.0) 76.0
4 (13.0, 30.0) 79.0
,
0 24 21 27 14 16 0
24 0 16 17 12 8 24
21 16 0 6 19 14 21
27 17 6 0 23 17 27
14 12 19 23 0 6 14
16 8 14 17 6 0 16
0 24 21 27 14 16 0
,
0 68 38 42 30 27 0
32 0 29 41 15 23 71
25 32 0 9 30 24 26
33 44 15 0 23 46 51
20 35 38 50 0 14 15
17 14 38 51 7 0 18
0 47 35 31 25 24 0