1
5
,
0 (19.0, 44.0) 48.0
1 (38.0, 18.0) 50.0
2 (47.0, 25.0) 37.0
3 (2.0, 28.0) 82.0
4 (13.0, 30.0) 33.0
,
0 24 21 27 14 16 0
24 0 16 17 12 8 24
21 16 0 6 19 14 21
27 17 6 0 23 17 27
14 12 19 23 0 6 14
16 8 14 17 6 0 16
0 24 21 27 14 16 0
,
0 46 28 37 38 34 0
69 0 43 20 33 16 60
47 42 0 12 22 14 39
67 43 10 0 25 47 44
33 31 34 25 0 12 31
39 11 31 47 11 0 40
0 70 45 55 14 29 0