1
5
,
0 (19.0, 44.0) 66.0
1 (38.0, 18.0) 42.0
2 (47.0, 25.0) 34.0
3 (2.0, 28.0) 86.0
4 (13.0, 30.0) 81.0
,
0 24 21 27 14 16 0
24 0 16 17 12 8 24
21 16 0 6 19 14 21
27 17 6 0 23 17 27
14 12 19 23 0 6 14
16 8 14 17 6 0 16
0 24 21 27 14 16 0
,
0 49 57 48 40 48 0
69 0 24 31 16 9 33
28 45 0 7 45 32 63
49 27 10 0 34 47 63
31 17 45 58 0 12 22
33 11 27 30 7 0 33
0 72 41 63 15 44 0