1
5
,
0 (19.0, 44.0) 57.0
1 (38.0, 18.0) 72.0
2 (47.0, 25.0) 34.0
3 (2.0, 28.0) 35.0
4 (13.0, 30.0) 75.0
,
0 24 21 27 14 16 0
24 0 16 17 12 8 24
21 16 0 6 19 14 21
27 17 6 0 23 17 27
14 12 19 23 0 6 14
16 8 14 17 6 0 16
0 24 21 27 14 16 0
,
0 32 51 75 41 40 0
36 0 29 25 15 18 25
22 33 0 7 52 35 29
44 32 13 0 45 25 71
42 30 21 33 0 9 22
46 15 16 43 8 0 47
0 50 61 76 25 33 0