1
5
,
0 (19.0, 44.0) 30.0
1 (38.0, 18.0) 39.0
2 (47.0, 25.0) 35.0
3 (2.0, 28.0) 45.0
4 (13.0, 30.0) 41.0
,
0 24 21 27 14 16 0
24 0 16 17 12 8 24
21 16 0 6 19 14 21
27 17 6 0 23 17 27
14 12 19 23 0 6 14
16 8 14 17 6 0 16
0 24 21 27 14 16 0
,
0 31 50 68 16 47 0
38 0 33 24 30 17 25
49 17 0 9 44 24 36
47 19 11 0 42 50 67
23 12 34 31 0 6 14
28 10 21 35 11 0 28
0 39 42 38 41 33 0