1
5
,
0 (19.0, 44.0) 76.0
1 (38.0, 18.0) 39.0
2 (47.0, 25.0) 75.0
3 (2.0, 28.0) 52.0
4 (13.0, 30.0) 42.0
,
0 24 21 27 14 16 0
24 0 16 17 12 8 24
21 16 0 6 19 14 21
27 17 6 0 23 17 27
14 12 19 23 0 6 14
16 8 14 17 6 0 16
0 24 21 27 14 16 0
,
0 68 58 58 27 40 0
52 0 17 22 25 10 27
28 19 0 9 26 26 57
74 45 13 0 24 30 32
31 24 19 62 0 12 37
48 9 24 38 15 0 29
0 51 27 28 15 44 0