2
10
,
0 (46.0, 24.0) 48.0
1 (8.0, 46.0) 42.0
2 (39.0, 20.0) 71.0
3 (32.0, 20.0) 46.0
4 (21.0, 47.0) 30.0
5 (31.0, 2.0) 31.0
6 (24.0, 15.0) 35.0
7 (33.0, 24.0) 45.0
8 (25.0, 32.0) 52.0
9 (10.0, 9.0) 44.0
,
0 26 23 22 19 26 16 14 20 20 7 0
26 0 22 4 7 17 13 12 6 11 20 26
23 22 0 20 18 7 25 17 17 11 19 23
22 4 20 0 4 16 10 8 4 9 16 22
19 7 18 4 0 15 9 5 2 7 12 19
26 17 7 16 15 0 23 16 13 8 20 26
16 13 25 10 9 23 0 7 11 15 11 16
14 12 17 8 5 16 7 0 6 9 8 14
20 6 17 4 2 13 11 6 0 6 14 20
20 11 11 9 7 8 15 9 6 0 14 20
7 20 19 16 12 20 11 8 14 14 0 7
0 26 23 22 19 26 16 14 20 20 7 0
,
0 44 25 66 42 32 38 32 37 31 13 0
71 0 29 10 18 44 28 15 11 29 36 70
64 43 0 28 52 17 30 21 28 30 35 40
39 5 37 0 9 19 18 16 11 11 22 29
52 7 20 8 0 25 16 10 6 15 20 34
34 23 17 37 42 0 45 44 35 15 47 70
39 20 56 20 23 46 0 11 30 35 18 21
40 12 47 16 7 17 13 0 16 23 13 29
51 10 23 5 4 19 15 16 0 10 16 46
31 31 18 11 17 19 24 19 12 0 30 25
15 20 53 39 21 45 24 21 29 20 0 8
0 35 28 29 40 42 29 22 58 52 11 0