2
10
,
0 (46.0, 24.0) 73.0
1 (8.0, 46.0) 70.0
2 (39.0, 20.0) 77.0
3 (32.0, 20.0) 75.0
4 (21.0, 47.0) 43.0
5 (31.0, 2.0) 45.0
6 (24.0, 15.0) 87.0
7 (33.0, 24.0) 54.0
8 (25.0, 32.0) 35.0
9 (10.0, 9.0) 39.0
,
0 26 23 22 19 26 16 14 20 20 7 0
26 0 22 4 7 17 13 12 6 11 20 26
23 22 0 20 18 7 25 17 17 11 19 23
22 4 20 0 4 16 10 8 4 9 16 22
19 7 18 4 0 15 9 5 2 7 12 19
26 17 7 16 15 0 23 16 13 8 20 26
16 13 25 10 9 23 0 7 11 15 11 16
14 12 17 8 5 16 7 0 6 9 8 14
20 6 17 4 2 13 11 6 0 6 14 20
20 11 11 9 7 8 15 9 6 0 14 20
7 20 19 16 12 20 11 8 14 14 0 7
0 26 23 22 19 26 16 14 20 20 7 0
,
0 34 46 24 47 55 34 24 56 53 20 0
36 0 28 6 10 28 23 32 18 25 24 43
31 35 0 53 45 16 44 50 19 16 45 27
54 12 54 0 10 39 23 21 7 13 20 52
45 20 44 7 0 21 12 12 4 10 18 19
46 50 11 48 30 0 38 43 33 21 33 60
27 39 69 22 21 31 0 19 28 30 30 27
40 23 19 9 6 30 12 0 18 13 14 16
48 9 36 6 2 30 24 16 0 15 32 46
43 17 14 15 14 20 38 10 6 0 41 56
16 32 40 20 20 26 15 20 34 35 0 12
0 49 37 23 23 68 20 20 31 49 15 0