2
10
,
0 (46.0, 24.0) 54.0
1 (8.0, 46.0) 31.0
2 (39.0, 20.0) 53.0
3 (32.0, 20.0) 41.0
4 (21.0, 47.0) 45.0
5 (31.0, 2.0) 47.0
6 (24.0, 15.0) 43.0
7 (33.0, 24.0) 53.0
8 (25.0, 32.0) 65.0
9 (10.0, 9.0) 34.0
,
0 26 23 22 19 26 16 14 20 20 7 0
26 0 22 4 7 17 13 12 6 11 20 26
23 22 0 20 18 7 25 17 17 11 19 23
22 4 20 0 4 16 10 8 4 9 16 22
19 7 18 4 0 15 9 5 2 7 12 19
26 17 7 16 15 0 23 16 13 8 20 26
16 13 25 10 9 23 0 7 11 15 11 16
14 12 17 8 5 16 7 0 6 9 8 14
20 6 17 4 2 13 11 6 0 6 14 20
20 11 11 9 7 8 15 9 6 0 14 20
7 20 19 16 12 20 11 8 14 14 0 7
0 26 23 22 19 26 16 14 20 20 7 0
,
0 39 68 52 28 60 24 32 36 46 13 0
50 0 42 10 12 41 23 23 11 20 50 70
52 47 0 30 45 12 39 27 48 19 40 30
35 8 39 0 10 41 28 15 8 20 22 40
48 16 52 4 0 19 9 5 3 20 34 31
63 38 12 35 17 0 60 18 35 14 31 35
18 17 25 16 12 40 0 15 32 46 24 18
31 35 37 17 7 17 16 0 11 22 15 25
39 16 29 5 5 19 21 19 0 10 28 44
59 14 28 15 7 17 25 24 8 0 20 40
9 58 19 37 35 50 33 22 30 39 0 8
0 46 48 36 56 55 24 32 25 31 14 0