2
10
,
0 (46.0, 24.0) 78.0
1 (8.0, 46.0) 70.0
2 (39.0, 20.0) 63.0
3 (32.0, 20.0) 43.0
4 (21.0, 47.0) 83.0
5 (31.0, 2.0) 64.0
6 (24.0, 15.0) 82.0
7 (33.0, 24.0) 54.0
8 (25.0, 32.0) 85.0
9 (10.0, 9.0) 79.0
,
0 26 23 22 19 26 16 14 20 20 7 0
26 0 22 4 7 17 13 12 6 11 20 26
23 22 0 20 18 7 25 17 17 11 19 23
22 4 20 0 4 16 10 8 4 9 16 22
19 7 18 4 0 15 9 5 2 7 12 19
26 17 7 16 15 0 23 16 13 8 20 26
16 13 25 10 9 23 0 7 11 15 11 16
14 12 17 8 5 16 7 0 6 9 8 14
20 6 17 4 2 13 11 6 0 6 14 20
20 11 11 9 7 8 15 9 6 0 14 20
7 20 19 16 12 20 11 8 14 14 0 7
0 26 23 22 19 26 16 14 20 20 7 0
,
0 75 36 54 37 45 29 19 23 36 17 0
26 0 59 8 17 33 39 12 18 27 42 36
34 28 0 56 51 12 70 33 33 22 21 67
30 11 31 0 10 40 14 17 8 15 44 48
41 12 40 4 0 27 15 12 5 17 19 29
71 42 10 45 24 0 34 48 27 11 42 35
46 16 39 20 13 58 0 9 31 31 18 19
16 31 28 20 9 37 9 0 18 10 20 17
56 9 23 8 6 24 27 15 0 13 14 56
33 28 30 23 11 19 44 23 15 0 30 25
19 33 54 38 20 39 20 17 24 21 0 16
0 46 41 39 40 62 34 24 36 35 20 0