2
10
,
0 (46.0, 24.0) 31.0
1 (8.0, 46.0) 81.0
2 (39.0, 20.0) 86.0
3 (32.0, 20.0) 47.0
4 (21.0, 47.0) 45.0
5 (31.0, 2.0) 34.0
6 (24.0, 15.0) 80.0
7 (33.0, 24.0) 40.0
8 (25.0, 32.0) 62.0
9 (10.0, 9.0) 59.0
,
0 26 23 22 19 26 16 14 20 20 7 0
26 0 22 4 7 17 13 12 6 11 20 26
23 22 0 20 18 7 25 17 17 11 19 23
22 4 20 0 4 16 10 8 4 9 16 22
19 7 18 4 0 15 9 5 2 7 12 19
26 17 7 16 15 0 23 16 13 8 20 26
16 13 25 10 9 23 0 7 11 15 11 16
14 12 17 8 5 16 7 0 6 9 8 14
20 6 17 4 2 13 11 6 0 6 14 20
20 11 11 9 7 8 15 9 6 0 14 20
7 20 19 16 12 20 11 8 14 14 0 7
0 26 23 22 19 26 16 14 20 20 7 0
,
0 47 27 36 33 71 18 37 27 31 17 0
55 0 37 7 14 32 32 21 17 32 46 49
35 31 0 35 25 12 62 37 47 16 20 55
36 8 52 0 6 48 18 14 4 12 44 53
30 18 26 6 0 28 26 9 3 19 31 52
68 34 19 30 21 0 66 28 27 16 29 48
31 14 72 13 12 54 0 22 25 30 21 19
27 22 40 16 14 17 20 0 15 24 8 26
23 12 18 4 6 21 12 11 0 16 41 21
47 29 25 12 9 18 44 17 13 0 22 21
8 55 43 22 15 36 21 9 31 40 0 13
0 66 38 37 51 63 25 42 44 32 15 0