2
10
,
0 (46.0, 24.0) 46.0
1 (8.0, 46.0) 85.0
2 (39.0, 20.0) 34.0
3 (32.0, 20.0) 72.0
4 (21.0, 47.0) 49.0
5 (31.0, 2.0) 83.0
6 (24.0, 15.0) 75.0
7 (33.0, 24.0) 50.0
8 (25.0, 32.0) 76.0
9 (10.0, 9.0) 49.0
,
0 26 23 22 19 26 16 14 20 20 7 0
26 0 22 4 7 17 13 12 6 11 20 26
23 22 0 20 18 7 25 17 17 11 19 23
22 4 20 0 4 16 10 8 4 9 16 22
19 7 18 4 0 15 9 5 2 7 12 19
26 17 7 16 15 0 23 16 13 8 20 26
16 13 25 10 9 23 0 7 11 15 11 16
14 12 17 8 5 16 7 0 6 9 8 14
20 6 17 4 2 13 11 6 0 6 14 20
20 11 11 9 7 8 15 9 6 0 14 20
7 20 19 16 12 20 11 8 14 14 0 7
0 26 23 22 19 26 16 14 20 20 7 0
,
0 51 40 33 54 38 21 30 59 55 11 0
50 0 55 8 8 47 31 12 17 18 32 66
32 34 0 41 18 7 67 32 42 27 33 49
45 8 55 0 9 36 19 13 4 27 29 39
41 8 48 5 0 29 23 11 4 15 29 51
60 48 14 21 15 0 61 23 19 8 57 52
44 38 48 27 17 44 0 17 13 35 25 23
29 34 19 10 12 30 18 0 14 21 19 18
34 15 40 4 3 14 33 12 0 12 27 54
23 32 13 24 12 16 25 14 14 0 34 53
11 45 45 20 33 46 15 8 30 20 0 15
0 51 48 36 34 48 28 40 52 26 10 0