2
10
,
0 (46.0, 24.0) 73.0
1 (8.0, 46.0) 67.0
2 (39.0, 20.0) 50.0
3 (32.0, 20.0) 54.0
4 (21.0, 47.0) 87.0
5 (31.0, 2.0) 52.0
6 (24.0, 15.0) 38.0
7 (33.0, 24.0) 32.0
8 (25.0, 32.0) 35.0
9 (10.0, 9.0) 85.0
,
0 26 23 22 19 26 16 14 20 20 7 0
26 0 22 4 7 17 13 12 6 11 20 26
23 22 0 20 18 7 25 17 17 11 19 23
22 4 20 0 4 16 10 8 4 9 16 22
19 7 18 4 0 15 9 5 2 7 12 19
26 17 7 16 15 0 23 16 13 8 20 26
16 13 25 10 9 23 0 7 11 15 11 16
14 12 17 8 5 16 7 0 6 9 8 14
20 6 17 4 2 13 11 6 0 6 14 20
20 11 11 9 7 8 15 9 6 0 14 20
7 20 19 16 12 20 11 8 14 14 0 7
0 26 23 22 19 26 16 14 20 20 7 0
,
0 36 39 28 49 44 27 29 22 55 7 0
77 0 34 5 14 42 21 35 17 17 35 28
65 26 0 25 44 8 61 28 36 13 46 51
39 11 25 0 8 19 29 17 10 27 20 65
28 8 22 6 0 34 11 6 4 9 33 42
62 28 16 20 17 0 45 24 36 11 21 47
43 14 30 19 26 48 0 18 14 25 17 23
21 13 30 15 14 26 14 0 18 23 18 26
33 7 37 5 4 38 12 18 0 8 31 27
43 27 16 13 9 22 25 23 12 0 35 54
16 26 19 24 16 27 25 14 16 31 0 11
0 74 24 38 31 34 33 22 50 51 9 0