2
10
,
0 (46.0, 24.0) 69.0
1 (8.0, 46.0) 44.0
2 (39.0, 20.0) 60.0
3 (32.0, 20.0) 42.0
4 (21.0, 47.0) 43.0
5 (31.0, 2.0) 40.0
6 (24.0, 15.0) 69.0
7 (33.0, 24.0) 43.0
8 (25.0, 32.0) 52.0
9 (10.0, 9.0) 51.0
,
0 26 23 22 19 26 16 14 20 20 7 0
26 0 22 4 7 17 13 12 6 11 20 26
23 22 0 20 18 7 25 17 17 11 19 23
22 4 20 0 4 16 10 8 4 9 16 22
19 7 18 4 0 15 9 5 2 7 12 19
26 17 7 16 15 0 23 16 13 8 20 26
16 13 25 10 9 23 0 7 11 15 11 16
14 12 17 8 5 16 7 0 6 9 8 14
20 6 17 4 2 13 11 6 0 6 14 20
20 11 11 9 7 8 15 9 6 0 14 20
7 20 19 16 12 20 11 8 14 14 0 7
0 26 23 22 19 26 16 14 20 20 7 0
,
0 67 62 34 51 44 28 18 46 56 11 0
72 0 38 7 20 36 17 27 18 15 54 39
69 28 0 48 22 15 56 51 39 25 30 48
37 11 27 0 6 40 17 12 6 20 34 34
35 21 23 4 0 17 14 8 4 19 27 29
63 17 10 47 22 0 43 36 28 9 24 44
42 27 55 27 15 54 0 11 24 39 17 20
42 21 29 17 9 45 22 0 13 12 16 24
26 17 49 10 2 31 33 16 0 14 27 35
36 28 21 20 13 12 33 18 6 0 24 40
15 39 33 29 18 37 13 10 21 40 0 18
0 43 28 32 55 37 35 22 44 57 17 0