2
10
,
0 (46.0, 24.0) 52.0
1 (8.0, 46.0) 64.0
2 (39.0, 20.0) 47.0
3 (32.0, 20.0) 44.0
4 (21.0, 47.0) 34.0
5 (31.0, 2.0) 59.0
6 (24.0, 15.0) 58.0
7 (33.0, 24.0) 55.0
8 (25.0, 32.0) 39.0
9 (10.0, 9.0) 76.0
,
0 26 23 22 19 26 16 14 20 20 7 0
26 0 22 4 7 17 13 12 6 11 20 26
23 22 0 20 18 7 25 17 17 11 19 23
22 4 20 0 4 16 10 8 4 9 16 22
19 7 18 4 0 15 9 5 2 7 12 19
26 17 7 16 15 0 23 16 13 8 20 26
16 13 25 10 9 23 0 7 11 15 11 16
14 12 17 8 5 16 7 0 6 9 8 14
20 6 17 4 2 13 11 6 0 6 14 20
20 11 11 9 7 8 15 9 6 0 14 20
7 20 19 16 12 20 11 8 14 14 0 7
0 26 23 22 19 26 16 14 20 20 7 0
,
0 38 46 40 22 63 32 21 38 49 14 0
38 0 54 12 15 49 18 34 19 22 46 66
63 35 0 24 30 18 59 22 25 22 34 42
65 11 39 0 6 19 23 9 8 11 37 57
48 14 43 9 0 25 15 12 5 9 22 51
70 48 12 48 35 0 39 42 18 20 49 41
25 21 74 12 26 56 0 12 31 30 17 27
16 19 45 11 12 46 16 0 9 11 13 24
23 18 34 9 4 39 26 8 0 10 17 46
37 26 21 12 19 18 23 23 9 0 32 24
19 23 30 22 29 39 18 12 39 23 0 10
0 55 55 45 47 35 47 34 58 47 13 0