2
10
,
0 (46.0, 24.0) 71.0
1 (8.0, 46.0) 36.0
2 (39.0, 20.0) 85.0
3 (32.0, 20.0) 44.0
4 (21.0, 47.0) 32.0
5 (31.0, 2.0) 87.0
6 (24.0, 15.0) 31.0
7 (33.0, 24.0) 53.0
8 (25.0, 32.0) 47.0
9 (10.0, 9.0) 59.0
,
0 26 23 22 19 26 16 14 20 20 7 0
26 0 22 4 7 17 13 12 6 11 20 26
23 22 0 20 18 7 25 17 17 11 19 23
22 4 20 0 4 16 10 8 4 9 16 22
19 7 18 4 0 15 9 5 2 7 12 19
26 17 7 16 15 0 23 16 13 8 20 26
16 13 25 10 9 23 0 7 11 15 11 16
14 12 17 8 5 16 7 0 6 9 8 14
20 6 17 4 2 13 11 6 0 6 14 20
20 11 11 9 7 8 15 9 6 0 14 20
7 20 19 16 12 20 11 8 14 14 0 7
0 26 23 22 19 26 16 14 20 20 7 0
,
0 51 26 40 23 42 43 33 42 39 17 0
28 0 40 7 17 21 35 20 16 23 36 56
43 54 0 60 52 18 64 27 45 28 40 31
51 11 24 0 8 19 23 19 9 11 18 27
26 17 20 10 0 32 13 8 3 13 13 39
57 32 12 21 40 0 62 22 37 17 45 30
21 27 25 13 21 59 0 21 20 43 32 36
31 33 31 22 12 34 10 0 14 13 16 21
22 8 33 6 5 34 14 19 0 8 18 33
41 19 27 16 12 11 44 11 16 0 21 45
15 33 29 20 24 26 22 14 26 17 0 19
0 60 43 26 29 40 41 42 53 53 13 0