2
10
,
0 (46.0, 24.0) 77.0
1 (8.0, 46.0) 63.0
2 (39.0, 20.0) 55.0
3 (32.0, 20.0) 54.0
4 (21.0, 47.0) 47.0
5 (31.0, 2.0) 82.0
6 (24.0, 15.0) 45.0
7 (33.0, 24.0) 46.0
8 (25.0, 32.0) 41.0
9 (10.0, 9.0) 60.0
,
0 26 23 22 19 26 16 14 20 20 7 0
26 0 22 4 7 17 13 12 6 11 20 26
23 22 0 20 18 7 25 17 17 11 19 23
22 4 20 0 4 16 10 8 4 9 16 22
19 7 18 4 0 15 9 5 2 7 12 19
26 17 7 16 15 0 23 16 13 8 20 26
16 13 25 10 9 23 0 7 11 15 11 16
14 12 17 8 5 16 7 0 6 9 8 14
20 6 17 4 2 13 11 6 0 6 14 20
20 11 11 9 7 8 15 9 6 0 14 20
7 20 19 16 12 20 11 8 14 14 0 7
0 26 23 22 19 26 16 14 20 20 7 0
,
0 35 52 63 47 33 28 29 37 29 9 0
32 0 48 5 10 41 39 30 8 15 30 69
69 48 0 60 39 7 62 43 19 27 49 60
33 6 21 0 5 26 27 23 11 12 26 36
45 8 50 4 0 42 25 12 4 15 16 32
46 33 12 44 43 0 68 34 17 22 50 31
28 15 72 17 25 39 0 9 16 21 29 23
40 24 28 23 11 48 18 0 14 23 18 37
23 7 24 4 4 27 23 7 0 13 15 60
57 33 14 10 16 11 33 14 6 0 16 49
8 24 30 28 13 22 15 8 17 32 0 9
0 33 32 64 34 27 17 24 31 56 13 0