2
10
,
0 (46.0, 24.0) 68.0
1 (8.0, 46.0) 58.0
2 (39.0, 20.0) 70.0
3 (32.0, 20.0) 87.0
4 (21.0, 47.0) 63.0
5 (31.0, 2.0) 65.0
6 (24.0, 15.0) 53.0
7 (33.0, 24.0) 65.0
8 (25.0, 32.0) 83.0
9 (10.0, 9.0) 52.0
,
0 26 23 22 19 26 16 14 20 20 7 0
26 0 22 4 7 17 13 12 6 11 20 26
23 22 0 20 18 7 25 17 17 11 19 23
22 4 20 0 4 16 10 8 4 9 16 22
19 7 18 4 0 15 9 5 2 7 12 19
26 17 7 16 15 0 23 16 13 8 20 26
16 13 25 10 9 23 0 7 11 15 11 16
14 12 17 8 5 16 7 0 6 9 8 14
20 6 17 4 2 13 11 6 0 6 14 20
20 11 11 9 7 8 15 9 6 0 14 20
7 20 19 16 12 20 11 8 14 14 0 7
0 26 23 22 19 26 16 14 20 20 7 0
,
0 56 40 61 44 26 24 28 34 41 13 0
47 0 46 11 17 17 19 18 16 33 29 43
51 27 0 21 36 12 37 26 28 28 24 66
38 6 49 0 8 46 16 10 7 11 44 25
45 20 39 8 0 24 25 11 3 15 37 21
39 34 8 35 34 0 34 41 32 9 59 38
23 15 50 22 16 61 0 9 31 40 18 38
40 12 33 16 9 21 17 0 14 20 10 25
23 10 37 5 3 25 24 8 0 10 26 45
31 12 26 24 10 19 46 19 10 0 24 53
18 41 44 32 34 23 18 21 38 27 0 8
0 59 69 22 24 47 20 35 40 49 19 0