2
10
,
0 (46.0, 24.0) 55.0
1 (8.0, 46.0) 59.0
2 (39.0, 20.0) 63.0
3 (32.0, 20.0) 69.0
4 (21.0, 47.0) 40.0
5 (31.0, 2.0) 55.0
6 (24.0, 15.0) 48.0
7 (33.0, 24.0) 49.0
8 (25.0, 32.0) 53.0
9 (10.0, 9.0) 44.0
,
0 26 23 22 19 26 16 14 20 20 7 0
26 0 22 4 7 17 13 12 6 11 20 26
23 22 0 20 18 7 25 17 17 11 19 23
22 4 20 0 4 16 10 8 4 9 16 22
19 7 18 4 0 15 9 5 2 7 12 19
26 17 7 16 15 0 23 16 13 8 20 26
16 13 25 10 9 23 0 7 11 15 11 16
14 12 17 8 5 16 7 0 6 9 8 14
20 6 17 4 2 13 11 6 0 6 14 20
20 11 11 9 7 8 15 9 6 0 14 20
7 20 19 16 12 20 11 8 14 14 0 7
0 26 23 22 19 26 16 14 20 20 7 0
,
0 63 49 51 28 49 34 41 44 44 7 0
34 0 25 11 21 18 20 15 7 31 32 28
34 25 0 43 28 16 58 49 28 18 39 40
42 6 36 0 8 24 26 15 8 17 30 57
21 21 50 6 0 35 12 9 4 9 29 25
43 35 10 36 37 0 40 38 22 19 26 75
22 20 56 23 19 69 0 10 32 40 19 26
26 13 44 13 8 37 17 0 15 19 16 19
37 13 22 7 4 16 12 8 0 16 38 46
22 28 27 10 11 18 26 23 7 0 34 45
8 39 45 24 33 57 31 14 15 18 0 9
0 37 52 37 47 71 28 29 34 40 11 0