2
10
,
0 (46.0, 24.0) 64.0
1 (8.0, 46.0) 40.0
2 (39.0, 20.0) 65.0
3 (32.0, 20.0) 33.0
4 (21.0, 47.0) 77.0
5 (31.0, 2.0) 59.0
6 (24.0, 15.0) 40.0
7 (33.0, 24.0) 50.0
8 (25.0, 32.0) 57.0
9 (10.0, 9.0) 31.0
,
0 26 23 22 19 26 16 14 20 20 7 0
26 0 22 4 7 17 13 12 6 11 20 26
23 22 0 20 18 7 25 17 17 11 19 23
22 4 20 0 4 16 10 8 4 9 16 22
19 7 18 4 0 15 9 5 2 7 12 19
26 17 7 16 15 0 23 16 13 8 20 26
16 13 25 10 9 23 0 7 11 15 11 16
14 12 17 8 5 16 7 0 6 9 8 14
20 6 17 4 2 13 11 6 0 6 14 20
20 11 11 9 7 8 15 9 6 0 14 20
7 20 19 16 12 20 11 8 14 14 0 7
0 26 23 22 19 26 16 14 20 20 7 0
,
0 52 38 45 42 72 31 26 29 24 14 0
66 0 47 12 17 25 30 31 12 21 53 51
28 61 0 35 47 16 49 19 37 20 24 46
28 11 30 0 6 17 29 20 5 18 26 41
23 19 24 5 0 41 11 13 6 9 26 28
63 25 18 23 15 0 45 34 14 10 59 59
27 28 44 16 12 33 0 21 17 29 13 22
34 19 22 8 10 18 11 0 12 21 21 34
34 11 43 8 3 21 29 8 0 6 21 28
60 30 21 24 17 13 34 21 16 0 40 55
8 45 55 33 35 29 29 21 38 24 0 9
0 35 45 26 37 49 28 38 47 41 12 0