2
10
,
0 (46.0, 24.0) 40.0
1 (8.0, 46.0) 90.0
2 (39.0, 20.0) 63.0
3 (32.0, 20.0) 60.0
4 (21.0, 47.0) 30.0
5 (31.0, 2.0) 68.0
6 (24.0, 15.0) 54.0
7 (33.0, 24.0) 34.0
8 (25.0, 32.0) 72.0
9 (10.0, 9.0) 62.0
,
0 26 23 22 19 26 16 14 20 20 7 0
26 0 22 4 7 17 13 12 6 11 20 26
23 22 0 20 18 7 25 17 17 11 19 23
22 4 20 0 4 16 10 8 4 9 16 22
19 7 18 4 0 15 9 5 2 7 12 19
26 17 7 16 15 0 23 16 13 8 20 26
16 13 25 10 9 23 0 7 11 15 11 16
14 12 17 8 5 16 7 0 6 9 8 14
20 6 17 4 2 13 11 6 0 6 14 20
20 11 11 9 7 8 15 9 6 0 14 20
7 20 19 16 12 20 11 8 14 14 0 7
0 26 23 22 19 26 16 14 20 20 7 0
,
0 49 28 30 50 66 41 33 31 57 9 0
28 0 47 10 17 33 20 18 18 22 58 69
68 36 0 42 51 14 44 39 30 31 26 50
24 4 25 0 5 44 22 19 6 27 31 47
36 10 47 5 0 31 25 6 3 18 30 39
56 29 10 26 26 0 29 48 34 22 59 66
17 16 73 18 23 57 0 20 16 39 26 17
42 13 23 15 9 17 7 0 12 19 18 41
48 18 31 5 2 25 22 19 0 12 35 47
37 29 23 28 12 14 45 17 15 0 16 38
20 34 27 16 33 45 20 21 25 33 0 11
0 40 34 62 51 35 46 29 26 38 15 0