2
10
,
0 (46.0, 24.0) 79.0
1 (8.0, 46.0) 38.0
2 (39.0, 20.0) 54.0
3 (32.0, 20.0) 61.0
4 (21.0, 47.0) 50.0
5 (31.0, 2.0) 55.0
6 (24.0, 15.0) 32.0
7 (33.0, 24.0) 35.0
8 (25.0, 32.0) 39.0
9 (10.0, 9.0) 43.0
,
0 26 23 22 19 26 16 14 20 20 7 0
26 0 22 4 7 17 13 12 6 11 20 26
23 22 0 20 18 7 25 17 17 11 19 23
22 4 20 0 4 16 10 8 4 9 16 22
19 7 18 4 0 15 9 5 2 7 12 19
26 17 7 16 15 0 23 16 13 8 20 26
16 13 25 10 9 23 0 7 11 15 11 16
14 12 17 8 5 16 7 0 6 9 8 14
20 6 17 4 2 13 11 6 0 6 14 20
20 11 11 9 7 8 15 9 6 0 14 20
7 20 19 16 12 20 11 8 14 14 0 7
0 26 23 22 19 26 16 14 20 20 7 0
,
0 74 65 62 46 52 45 18 28 26 12 0
58 0 63 11 19 36 18 26 15 18 38 53
53 44 0 54 37 18 38 51 38 28 29 66
63 12 20 0 8 45 25 23 7 24 29 54
32 12 50 4 0 35 12 7 5 12 21 33
42 35 14 37 27 0 69 35 14 23 21 57
35 23 31 24 23 47 0 16 32 31 33 40
30 23 20 23 10 46 11 0 16 11 10 17
43 15 48 9 5 17 25 17 0 9 40 52
56 26 15 14 11 17 41 21 14 0 17 24
9 57 55 30 31 39 30 18 18 26 0 11
0 47 38 25 36 72 24 32 47 26 12 0