2
10
,
0 (46.0, 24.0) 77.0
1 (8.0, 46.0) 60.0
2 (39.0, 20.0) 34.0
3 (32.0, 20.0) 68.0
4 (21.0, 47.0) 79.0
5 (31.0, 2.0) 37.0
6 (24.0, 15.0) 67.0
7 (33.0, 24.0) 31.0
8 (25.0, 32.0) 83.0
9 (10.0, 9.0) 37.0
,
0 26 23 22 19 26 16 14 20 20 7 0
26 0 22 4 7 17 13 12 6 11 20 26
23 22 0 20 18 7 25 17 17 11 19 23
22 4 20 0 4 16 10 8 4 9 16 22
19 7 18 4 0 15 9 5 2 7 12 19
26 17 7 16 15 0 23 16 13 8 20 26
16 13 25 10 9 23 0 7 11 15 11 16
14 12 17 8 5 16 7 0 6 9 8 14
20 6 17 4 2 13 11 6 0 6 14 20
20 11 11 9 7 8 15 9 6 0 14 20
7 20 19 16 12 20 11 8 14 14 0 7
0 26 23 22 19 26 16 14 20 20 7 0
,
0 31 64 27 23 40 40 20 38 28 16 0
65 0 38 4 13 36 30 30 11 31 36 28
25 64 0 21 25 19 32 45 33 20 38 50
28 11 34 0 10 29 19 21 8 20 34 43
32 14 30 10 0 21 13 7 3 8 32 19
50 35 19 18 34 0 44 39 19 18 41 74
44 31 45 23 15 34 0 9 15 20 18 30
29 16 21 10 10 32 17 0 13 22 9 23
34 9 45 6 4 37 27 14 0 12 19 59
45 14 27 23 19 23 29 19 11 0 22 43
14 57 28 44 28 31 14 15 26 26 0 16
0 62 52 35 55 33 30 29 35 55 8 0