2
10
,
0 (46.0, 24.0) 38.0
1 (8.0, 46.0) 54.0
2 (39.0, 20.0) 36.0
3 (32.0, 20.0) 47.0
4 (21.0, 47.0) 74.0
5 (31.0, 2.0) 43.0
6 (24.0, 15.0) 36.0
7 (33.0, 24.0) 56.0
8 (25.0, 32.0) 47.0
9 (10.0, 9.0) 72.0
,
0 26 23 22 19 26 16 14 20 20 7 0
26 0 22 4 7 17 13 12 6 11 20 26
23 22 0 20 18 7 25 17 17 11 19 23
22 4 20 0 4 16 10 8 4 9 16 22
19 7 18 4 0 15 9 5 2 7 12 19
26 17 7 16 15 0 23 16 13 8 20 26
16 13 25 10 9 23 0 7 11 15 11 16
14 12 17 8 5 16 7 0 6 9 8 14
20 6 17 4 2 13 11 6 0 6 14 20
20 11 11 9 7 8 15 9 6 0 14 20
7 20 19 16 12 20 11 8 14 14 0 7
0 26 23 22 19 26 16 14 20 20 7 0
,
0 76 39 40 39 64 39 19 57 55 12 0
58 0 49 7 11 38 34 15 9 28 37 48
32 43 0 59 33 7 74 26 47 27 49 25
24 4 47 0 5 42 10 16 4 13 28 31
23 15 50 8 0 38 15 14 3 16 32 38
72 19 11 42 42 0 47 33 13 17 56 74
31 35 56 19 19 49 0 10 25 24 20 28
37 16 45 18 11 26 8 0 9 21 22 16
55 10 40 8 5 33 17 10 0 14 39 31
59 17 33 11 11 21 17 22 6 0 26 46
10 29 33 45 22 55 15 22 19 34 0 18
0 38 67 33 21 70 27 19 22 56 15 0