2
10
,
0 (46.0, 24.0) 31.0
1 (8.0, 46.0) 35.0
2 (39.0, 20.0) 31.0
3 (32.0, 20.0) 50.0
4 (21.0, 47.0) 76.0
5 (31.0, 2.0) 34.0
6 (24.0, 15.0) 73.0
7 (33.0, 24.0) 69.0
8 (25.0, 32.0) 88.0
9 (10.0, 9.0) 31.0
,
0 26 23 22 19 26 16 14 20 20 7 0
26 0 22 4 7 17 13 12 6 11 20 26
23 22 0 20 18 7 25 17 17 11 19 23
22 4 20 0 4 16 10 8 4 9 16 22
19 7 18 4 0 15 9 5 2 7 12 19
26 17 7 16 15 0 23 16 13 8 20 26
16 13 25 10 9 23 0 7 11 15 11 16
14 12 17 8 5 16 7 0 6 9 8 14
20 6 17 4 2 13 11 6 0 6 14 20
20 11 11 9 7 8 15 9 6 0 14 20
7 20 19 16 12 20 11 8 14 14 0 7
0 26 23 22 19 26 16 14 20 20 7 0
,
0 61 33 28 35 40 38 16 58 52 10 0
31 0 25 7 10 50 26 23 10 26 46 63
35 54 0 25 36 9 57 34 34 20 22 63
30 6 40 0 9 41 14 21 9 20 32 26
34 15 38 6 0 25 22 8 5 9 19 40
54 42 14 17 31 0 52 36 23 18 53 28
37 31 73 19 10 48 0 9 13 21 21 18
14 35 41 23 5 33 16 0 11 17 11 40
60 19 40 5 5 39 22 10 0 14 26 58
50 27 11 19 8 15 33 16 9 0 37 24
16 24 46 25 33 57 30 9 24 22 0 7
0 32 62 39 50 36 33 26 23 39 12 0