2
10
,
0 (46.0, 24.0) 45.0
1 (8.0, 46.0) 32.0
2 (39.0, 20.0) 51.0
3 (32.0, 20.0) 51.0
4 (21.0, 47.0) 67.0
5 (31.0, 2.0) 40.0
6 (24.0, 15.0) 67.0
7 (33.0, 24.0) 41.0
8 (25.0, 32.0) 46.0
9 (10.0, 9.0) 34.0
,
0 26 23 22 19 26 16 14 20 20 7 0
26 0 22 4 7 17 13 12 6 11 20 26
23 22 0 20 18 7 25 17 17 11 19 23
22 4 20 0 4 16 10 8 4 9 16 22
19 7 18 4 0 15 9 5 2 7 12 19
26 17 7 16 15 0 23 16 13 8 20 26
16 13 25 10 9 23 0 7 11 15 11 16
14 12 17 8 5 16 7 0 6 9 8 14
20 6 17 4 2 13 11 6 0 6 14 20
20 11 11 9 7 8 15 9 6 0 14 20
7 20 19 16 12 20 11 8 14 14 0 7
0 26 23 22 19 26 16 14 20 20 7 0
,
0 26 67 32 38 36 20 23 23 47 9 0
75 0 55 10 15 45 36 15 16 20 58 36
48 39 0 43 44 12 66 49 46 18 21 46
65 8 54 0 7 32 18 9 4 19 20 50
51 14 22 9 0 41 26 5 2 9 14 36
53 18 11 22 24 0 61 40 35 15 59 76
16 16 71 27 21 39 0 14 20 38 14 21
35 16 27 24 8 29 21 0 13 25 19 31
46 19 26 8 6 33 24 17 0 10 38 41
44 26 23 18 9 12 17 11 16 0 22 46
10 40 31 37 26 46 30 13 36 28 0 7
0 29 59 47 50 55 41 17 35 41 14 0