2
10
,
0 (46.0, 24.0) 49.0
1 (8.0, 46.0) 41.0
2 (39.0, 20.0) 67.0
3 (32.0, 20.0) 60.0
4 (21.0, 47.0) 30.0
5 (31.0, 2.0) 37.0
6 (24.0, 15.0) 37.0
7 (33.0, 24.0) 68.0
8 (25.0, 32.0) 83.0
9 (10.0, 9.0) 49.0
,
0 26 23 22 19 26 16 14 20 20 7 0
26 0 22 4 7 17 13 12 6 11 20 26
23 22 0 20 18 7 25 17 17 11 19 23
22 4 20 0 4 16 10 8 4 9 16 22
19 7 18 4 0 15 9 5 2 7 12 19
26 17 7 16 15 0 23 16 13 8 20 26
16 13 25 10 9 23 0 7 11 15 11 16
14 12 17 8 5 16 7 0 6 9 8 14
20 6 17 4 2 13 11 6 0 6 14 20
20 11 11 9 7 8 15 9 6 0 14 20
7 20 19 16 12 20 11 8 14 14 0 7
0 26 23 22 19 26 16 14 20 20 7 0
,
0 40 28 51 26 62 20 40 36 31 8 0
66 0 58 10 17 26 40 32 17 33 24 70
57 59 0 38 19 18 29 37 37 24 42 54
63 6 56 0 7 41 23 15 6 17 23 52
53 14 38 9 0 39 17 7 4 15 28 53
77 45 13 28 20 0 29 18 14 12 33 77
16 38 37 28 22 47 0 15 22 27 17 29
25 21 21 10 8 27 21 0 15 24 18 37
41 18 19 9 3 20 28 17 0 15 31 34
54 25 16 26 20 13 28 25 7 0 26 23
16 48 36 17 34 54 24 18 23 35 0 13
0 64 24 46 21 36 44 31 39 29 16 0