2
10
,
0 (46.0, 24.0) 39.0
1 (8.0, 46.0) 65.0
2 (39.0, 20.0) 61.0
3 (32.0, 20.0) 62.0
4 (21.0, 47.0) 42.0
5 (31.0, 2.0) 31.0
6 (24.0, 15.0) 34.0
7 (33.0, 24.0) 52.0
8 (25.0, 32.0) 32.0
9 (10.0, 9.0) 66.0
,
0 26 23 22 19 26 16 14 20 20 7 0
26 0 22 4 7 17 13 12 6 11 20 26
23 22 0 20 18 7 25 17 17 11 19 23
22 4 20 0 4 16 10 8 4 9 16 22
19 7 18 4 0 15 9 5 2 7 12 19
26 17 7 16 15 0 23 16 13 8 20 26
16 13 25 10 9 23 0 7 11 15 11 16
14 12 17 8 5 16 7 0 6 9 8 14
20 6 17 4 2 13 11 6 0 6 14 20
20 11 11 9 7 8 15 9 6 0 14 20
7 20 19 16 12 20 11 8 14 14 0 7
0 26 23 22 19 26 16 14 20 20 7 0
,
0 74 33 60 30 72 22 20 45 56 10 0
64 0 51 10 16 42 25 19 12 15 43 34
26 55 0 49 25 15 48 50 44 16 41 62
57 10 22 0 8 48 16 14 9 9 31 31
21 12 19 5 0 40 25 8 3 10 26 42
41 34 17 25 16 0 65 45 25 21 47 69
30 17 28 17 23 61 0 11 27 22 12 25
27 15 44 10 10 23 19 0 8 12 18 31
27 19 26 8 2 17 13 18 0 17 29 24
21 29 18 25 9 11 19 10 14 0 20 48
20 55 30 45 24 56 17 19 18 36 0 11
0 63 66 55 34 62 36 19 39 26 18 0