2
10
,
0 (46.0, 24.0) 80.0
1 (8.0, 46.0) 81.0
2 (39.0, 20.0) 43.0
3 (32.0, 20.0) 63.0
4 (21.0, 47.0) 31.0
5 (31.0, 2.0) 55.0
6 (24.0, 15.0) 40.0
7 (33.0, 24.0) 58.0
8 (25.0, 32.0) 42.0
9 (10.0, 9.0) 73.0
,
0 26 23 22 19 26 16 14 20 20 7 0
26 0 22 4 7 17 13 12 6 11 20 26
23 22 0 20 18 7 25 17 17 11 19 23
22 4 20 0 4 16 10 8 4 9 16 22
19 7 18 4 0 15 9 5 2 7 12 19
26 17 7 16 15 0 23 16 13 8 20 26
16 13 25 10 9 23 0 7 11 15 11 16
14 12 17 8 5 16 7 0 6 9 8 14
20 6 17 4 2 13 11 6 0 6 14 20
20 11 11 9 7 8 15 9 6 0 14 20
7 20 19 16 12 20 11 8 14 14 0 7
0 26 23 22 19 26 16 14 20 20 7 0
,
0 35 35 59 49 46 38 18 31 36 18 0
65 0 57 9 10 37 24 31 16 17 49 52
69 56 0 27 47 18 64 31 24 33 41 33
61 6 35 0 9 48 15 9 8 22 37 64
31 9 51 10 0 15 26 11 3 14 30 39
51 39 10 44 37 0 69 38 29 21 36 33
35 31 48 22 23 56 0 13 26 16 30 40
17 13 43 11 6 17 9 0 14 19 16 27
30 7 46 10 6 23 19 10 0 6 37 40
32 32 15 10 18 9 26 23 16 0 22 25
12 24 28 30 37 23 13 19 35 27 0 19
0 27 48 45 36 33 19 29 47 36 9 0