2
10
,
0 (46.0, 24.0) 48.0
1 (8.0, 46.0) 61.0
2 (39.0, 20.0) 31.0
3 (32.0, 20.0) 72.0
4 (21.0, 47.0) 85.0
5 (31.0, 2.0) 39.0
6 (24.0, 15.0) 48.0
7 (33.0, 24.0) 83.0
8 (25.0, 32.0) 33.0
9 (10.0, 9.0) 82.0
,
0 26 23 22 19 26 16 14 20 20 7 0
26 0 22 4 7 17 13 12 6 11 20 26
23 22 0 20 18 7 25 17 17 11 19 23
22 4 20 0 4 16 10 8 4 9 16 22
19 7 18 4 0 15 9 5 2 7 12 19
26 17 7 16 15 0 23 16 13 8 20 26
16 13 25 10 9 23 0 7 11 15 11 16
14 12 17 8 5 16 7 0 6 9 8 14
20 6 17 4 2 13 11 6 0 6 14 20
20 11 11 9 7 8 15 9 6 0 14 20
7 20 19 16 12 20 11 8 14 14 0 7
0 26 23 22 19 26 16 14 20 20 7 0
,
0 74 64 28 20 67 26 40 53 49 13 0
75 0 37 11 15 44 20 19 12 28 58 42
33 40 0 45 30 15 35 49 47 23 25 37
48 7 37 0 5 44 15 22 10 13 20 39
26 8 30 10 0 19 26 10 2 17 27 53
56 41 9 23 16 0 61 30 31 20 56 67
38 15 45 21 23 63 0 16 24 21 32 36
36 16 46 22 8 21 11 0 7 15 21 33
24 7 42 9 4 13 26 9 0 15 29 38
52 28 14 12 16 13 40 24 7 0 21 49
14 27 53 22 35 28 26 21 23 21 0 18
0 54 34 63 32 71 46 37 58 29 15 0