2
10
,
0 (46.0, 24.0) 43.0
1 (8.0, 46.0) 72.0
2 (39.0, 20.0) 50.0
3 (32.0, 20.0) 58.0
4 (21.0, 47.0) 53.0
5 (31.0, 2.0) 51.0
6 (24.0, 15.0) 71.0
7 (33.0, 24.0) 33.0
8 (25.0, 32.0) 85.0
9 (10.0, 9.0) 38.0
,
0 26 23 22 19 26 16 14 20 20 7 0
26 0 22 4 7 17 13 12 6 11 20 26
23 22 0 20 18 7 25 17 17 11 19 23
22 4 20 0 4 16 10 8 4 9 16 22
19 7 18 4 0 15 9 5 2 7 12 19
26 17 7 16 15 0 23 16 13 8 20 26
16 13 25 10 9 23 0 7 11 15 11 16
14 12 17 8 5 16 7 0 6 9 8 14
20 6 17 4 2 13 11 6 0 6 14 20
20 11 11 9 7 8 15 9 6 0 14 20
7 20 19 16 12 20 11 8 14 14 0 7
0 26 23 22 19 26 16 14 20 20 7 0
,
0 71 28 55 46 52 34 33 58 27 11 0
31 0 28 5 11 42 23 15 8 23 38 30
56 57 0 24 43 16 31 22 31 31 24 69
37 5 59 0 4 17 13 18 4 21 34 35
21 11 53 7 0 16 23 10 3 15 15 44
32 38 9 44 23 0 27 37 36 22 47 41
32 38 72 28 13 45 0 20 13 22 25 19
27 35 28 10 11 44 20 0 9 18 10 42
31 8 49 10 3 16 28 8 0 6 24 35
53 28 13 26 11 16 40 9 15 0 29 30
13 57 23 34 20 22 30 21 21 29 0 9
0 27 28 44 39 67 41 15 30 54 18 0