2
10
,
0 (46.0, 24.0) 33.0
1 (8.0, 46.0) 66.0
2 (39.0, 20.0) 37.0
3 (32.0, 20.0) 43.0
4 (21.0, 47.0) 81.0
5 (31.0, 2.0) 61.0
6 (24.0, 15.0) 50.0
7 (33.0, 24.0) 80.0
8 (25.0, 32.0) 57.0
9 (10.0, 9.0) 75.0
,
0 26 23 22 19 26 16 14 20 20 7 0
26 0 22 4 7 17 13 12 6 11 20 26
23 22 0 20 18 7 25 17 17 11 19 23
22 4 20 0 4 16 10 8 4 9 16 22
19 7 18 4 0 15 9 5 2 7 12 19
26 17 7 16 15 0 23 16 13 8 20 26
16 13 25 10 9 23 0 7 11 15 11 16
14 12 17 8 5 16 7 0 6 9 8 14
20 6 17 4 2 13 11 6 0 6 14 20
20 11 11 9 7 8 15 9 6 0 14 20
7 20 19 16 12 20 11 8 14 14 0 7
0 26 23 22 19 26 16 14 20 20 7 0
,
0 71 38 61 31 32 25 26 21 42 17 0
53 0 46 10 14 37 31 23 19 14 38 77
63 22 0 59 36 13 64 34 34 23 23 62
32 10 46 0 7 34 29 19 9 16 25 28
33 20 24 7 0 15 19 8 4 8 12 22
52 25 13 30 41 0 29 35 35 15 37 37
34 39 39 24 21 46 0 14 17 44 24 32
31 18 20 13 8 40 10 0 15 18 11 34
36 11 41 11 6 28 20 18 0 13 30 32
47 14 32 26 14 20 33 9 16 0 38 21
17 39 36 18 21 44 17 22 24 19 0 13
0 35 42 37 47 68 41 34 28 49 14 0