2
10
,
0 (46.0, 24.0) 64.0
1 (8.0, 46.0) 36.0
2 (39.0, 20.0) 75.0
3 (32.0, 20.0) 87.0
4 (21.0, 47.0) 53.0
5 (31.0, 2.0) 59.0
6 (24.0, 15.0) 85.0
7 (33.0, 24.0) 76.0
8 (25.0, 32.0) 59.0
9 (10.0, 9.0) 68.0
,
0 26 23 22 19 26 16 14 20 20 7 0
26 0 22 4 7 17 13 12 6 11 20 26
23 22 0 20 18 7 25 17 17 11 19 23
22 4 20 0 4 16 10 8 4 9 16 22
19 7 18 4 0 15 9 5 2 7 12 19
26 17 7 16 15 0 23 16 13 8 20 26
16 13 25 10 9 23 0 7 11 15 11 16
14 12 17 8 5 16 7 0 6 9 8 14
20 6 17 4 2 13 11 6 0 6 14 20
20 11 11 9 7 8 15 9 6 0 14 20
7 20 19 16 12 20 11 8 14 14 0 7
0 26 23 22 19 26 16 14 20 20 7 0
,
0 51 41 22 27 29 41 17 34 52 19 0
76 0 55 6 12 27 26 30 19 33 48 52
67 62 0 52 38 9 61 40 26 32 36 39
39 9 48 0 7 31 26 12 7 18 27 39
31 12 51 5 0 20 23 14 3 12 22 49
61 23 7 43 37 0 47 39 19 8 57 33
34 21 31 18 25 46 0 12 30 40 21 42
24 23 49 19 13 20 17 0 8 16 23 15
29 13 17 9 5 29 21 11 0 7 37 33
23 23 24 9 16 20 32 12 7 0 28 36
19 38 25 18 13 43 20 10 41 20 0 9
0 77 55 51 53 54 19 33 37 46 17 0