2
10
,
0 (46.0, 24.0) 61.0
1 (8.0, 46.0) 50.0
2 (39.0, 20.0) 81.0
3 (32.0, 20.0) 58.0
4 (21.0, 47.0) 52.0
5 (31.0, 2.0) 58.0
6 (24.0, 15.0) 37.0
7 (33.0, 24.0) 60.0
8 (25.0, 32.0) 32.0
9 (10.0, 9.0) 48.0
,
0 26 23 22 19 26 16 14 20 20 7 0
26 0 22 4 7 17 13 12 6 11 20 26
23 22 0 20 18 7 25 17 17 11 19 23
22 4 20 0 4 16 10 8 4 9 16 22
19 7 18 4 0 15 9 5 2 7 12 19
26 17 7 16 15 0 23 16 13 8 20 26
16 13 25 10 9 23 0 7 11 15 11 16
14 12 17 8 5 16 7 0 6 9 8 14
20 6 17 4 2 13 11 6 0 6 14 20
20 11 11 9 7 8 15 9 6 0 14 20
7 20 19 16 12 20 11 8 14 14 0 7
0 26 23 22 19 26 16 14 20 20 7 0
,
0 77 65 28 40 57 37 17 60 58 13 0
32 0 45 9 15 48 23 27 16 21 53 64
43 53 0 25 30 11 73 24 29 23 38 45
22 5 59 0 4 21 19 19 10 13 32 37
30 21 20 9 0 15 18 11 3 14 36 31
35 17 19 41 27 0 66 44 18 22 58 28
42 20 69 25 25 54 0 9 23 43 27 33
33 25 41 23 8 35 9 0 8 10 10 34
34 19 44 9 2 26 33 6 0 9 18 60
58 29 25 18 18 12 41 22 10 0 26 52
10 34 42 23 14 30 27 13 23 25 0 17
0 35 55 42 20 27 22 42 60 32 10 0