2
10
,
0 (46.0, 24.0) 57.0
1 (8.0, 46.0) 87.0
2 (39.0, 20.0) 63.0
3 (32.0, 20.0) 86.0
4 (21.0, 47.0) 40.0
5 (31.0, 2.0) 38.0
6 (24.0, 15.0) 76.0
7 (33.0, 24.0) 44.0
8 (25.0, 32.0) 51.0
9 (10.0, 9.0) 64.0
,
0 26 23 22 19 26 16 14 20 20 7 0
26 0 22 4 7 17 13 12 6 11 20 26
23 22 0 20 18 7 25 17 17 11 19 23
22 4 20 0 4 16 10 8 4 9 16 22
19 7 18 4 0 15 9 5 2 7 12 19
26 17 7 16 15 0 23 16 13 8 20 26
16 13 25 10 9 23 0 7 11 15 11 16
14 12 17 8 5 16 7 0 6 9 8 14
20 6 17 4 2 13 11 6 0 6 14 20
20 11 11 9 7 8 15 9 6 0 14 20
7 20 19 16 12 20 11 8 14 14 0 7
0 26 23 22 19 26 16 14 20 20 7 0
,
0 56 30 58 22 63 16 16 36 36 8 0
48 0 51 12 13 45 26 22 12 24 43 38
56 51 0 45 46 11 34 47 32 14 44 52
30 11 30 0 4 31 16 16 8 23 35 51
24 9 37 6 0 16 24 5 3 14 24 29
46 17 8 46 23 0 54 21 20 23 20 42
45 35 66 25 20 47 0 22 21 44 12 31
36 35 41 16 14 27 10 0 7 21 23 22
32 11 26 8 5 28 14 18 0 16 20 45
39 22 14 14 15 18 31 14 11 0 15 59
12 21 46 33 24 23 12 17 39 36 0 12
0 62 66 32 36 28 38 34 53 47 15 0