2
10
,
0 (46.0, 24.0) 81.0
1 (8.0, 46.0) 34.0
2 (39.0, 20.0) 81.0
3 (32.0, 20.0) 75.0
4 (21.0, 47.0) 38.0
5 (31.0, 2.0) 58.0
6 (24.0, 15.0) 59.0
7 (33.0, 24.0) 31.0
8 (25.0, 32.0) 47.0
9 (10.0, 9.0) 65.0
,
0 26 23 22 19 26 16 14 20 20 7 0
26 0 22 4 7 17 13 12 6 11 20 26
23 22 0 20 18 7 25 17 17 11 19 23
22 4 20 0 4 16 10 8 4 9 16 22
19 7 18 4 0 15 9 5 2 7 12 19
26 17 7 16 15 0 23 16 13 8 20 26
16 13 25 10 9 23 0 7 11 15 11 16
14 12 17 8 5 16 7 0 6 9 8 14
20 6 17 4 2 13 11 6 0 6 14 20
20 11 11 9 7 8 15 9 6 0 14 20
7 20 19 16 12 20 11 8 14 14 0 7
0 26 23 22 19 26 16 14 20 20 7 0
,
0 74 25 65 50 70 47 30 34 47 17 0
54 0 45 8 20 43 32 34 8 19 30 58
56 27 0 50 29 17 70 19 34 25 50 29
58 5 31 0 7 39 22 10 8 18 42 48
20 22 31 6 0 29 20 8 6 12 15 26
67 32 19 28 29 0 66 35 31 12 39 59
40 16 35 20 10 32 0 22 27 23 17 27
37 17 34 18 14 43 8 0 7 23 9 16
44 15 17 10 5 29 24 10 0 10 21 39
35 17 21 20 18 8 23 10 13 0 30 53
10 20 43 39 26 33 13 9 16 22 0 17
0 44 30 53 49 29 44 29 55 40 9 0