2
10
,
0 (46.0, 24.0) 30.0
1 (8.0, 46.0) 74.0
2 (39.0, 20.0) 40.0
3 (32.0, 20.0) 44.0
4 (21.0, 47.0) 60.0
5 (31.0, 2.0) 70.0
6 (24.0, 15.0) 39.0
7 (33.0, 24.0) 36.0
8 (25.0, 32.0) 33.0
9 (10.0, 9.0) 82.0
,
0 26 23 22 19 26 16 14 20 20 7 0
26 0 22 4 7 17 13 12 6 11 20 26
23 22 0 20 18 7 25 17 17 11 19 23
22 4 20 0 4 16 10 8 4 9 16 22
19 7 18 4 0 15 9 5 2 7 12 19
26 17 7 16 15 0 23 16 13 8 20 26
16 13 25 10 9 23 0 7 11 15 11 16
14 12 17 8 5 16 7 0 6 9 8 14
20 6 17 4 2 13 11 6 0 6 14 20
20 11 11 9 7 8 15 9 6 0 14 20
7 20 19 16 12 20 11 8 14 14 0 7
0 26 23 22 19 26 16 14 20 20 7 0
,
0 34 46 63 21 32 23 42 59 43 12 0
42 0 35 10 18 26 26 19 9 29 47 75
68 51 0 25 42 18 69 27 21 14 31 36
41 5 50 0 8 40 27 12 8 22 24 52
34 16 19 7 0 36 22 8 6 13 36 20
64 24 19 34 39 0 32 35 36 21 34 40
17 35 29 11 11 42 0 21 19 36 23 42
20 31 22 14 13 20 20 0 15 14 13 28
50 9 49 8 4 15 18 9 0 11 30 34
37 13 22 16 11 14 43 10 7 0 17 56
8 29 21 37 21 58 31 8 26 36 0 19
0 42 69 39 55 74 35 36 60 29 18 0