2
10
,
0 (46.0, 24.0) 49.0
1 (8.0, 46.0) 47.0
2 (39.0, 20.0) 59.0
3 (32.0, 20.0) 38.0
4 (21.0, 47.0) 55.0
5 (31.0, 2.0) 33.0
6 (24.0, 15.0) 37.0
7 (33.0, 24.0) 31.0
8 (25.0, 32.0) 58.0
9 (10.0, 9.0) 57.0
,
0 26 23 22 19 26 16 14 20 20 7 0
26 0 22 4 7 17 13 12 6 11 20 26
23 22 0 20 18 7 25 17 17 11 19 23
22 4 20 0 4 16 10 8 4 9 16 22
19 7 18 4 0 15 9 5 2 7 12 19
26 17 7 16 15 0 23 16 13 8 20 26
16 13 25 10 9 23 0 7 11 15 11 16
14 12 17 8 5 16 7 0 6 9 8 14
20 6 17 4 2 13 11 6 0 6 14 20
20 11 11 9 7 8 15 9 6 0 14 20
7 20 19 16 12 20 11 8 14 14 0 7
0 26 23 22 19 26 16 14 20 20 7 0
,
0 34 53 47 26 34 40 34 54 37 11 0
27 0 40 10 19 33 34 30 14 17 43 31
70 43 0 40 51 8 73 18 28 15 47 37
33 4 23 0 10 46 11 21 8 26 19 45
48 9 47 10 0 32 16 8 5 20 28 49
29 26 17 31 41 0 39 23 33 11 34 71
37 38 53 15 16 46 0 11 18 32 30 45
15 15 31 10 13 38 18 0 12 18 17 38
45 18 24 10 2 35 31 15 0 13 30 25
41 14 27 13 7 12 29 15 11 0 21 43
17 37 38 24 16 40 30 8 38 18 0 18
0 76 39 58 41 72 45 30 40 31 10 0