2
10
,
0 (46.0, 24.0) 31.0
1 (8.0, 46.0) 75.0
2 (39.0, 20.0) 38.0
3 (32.0, 20.0) 34.0
4 (21.0, 47.0) 90.0
5 (31.0, 2.0) 33.0
6 (24.0, 15.0) 83.0
7 (33.0, 24.0) 55.0
8 (25.0, 32.0) 44.0
9 (10.0, 9.0) 70.0
,
0 26 23 22 19 26 16 14 20 20 7 0
26 0 22 4 7 17 13 12 6 11 20 26
23 22 0 20 18 7 25 17 17 11 19 23
22 4 20 0 4 16 10 8 4 9 16 22
19 7 18 4 0 15 9 5 2 7 12 19
26 17 7 16 15 0 23 16 13 8 20 26
16 13 25 10 9 23 0 7 11 15 11 16
14 12 17 8 5 16 7 0 6 9 8 14
20 6 17 4 2 13 11 6 0 6 14 20
20 11 11 9 7 8 15 9 6 0 14 20
7 20 19 16 12 20 11 8 14 14 0 7
0 26 23 22 19 26 16 14 20 20 7 0
,
0 40 38 50 50 68 21 38 61 31 17 0
58 0 33 11 11 38 35 28 11 31 31 37
27 64 0 23 48 7 35 48 46 23 33 48
55 5 30 0 4 31 29 16 9 21 35 34
42 16 37 9 0 23 9 9 3 9 16 26
71 24 13 26 29 0 25 40 30 17 20 29
16 36 33 26 18 54 0 13 26 38 26 24
29 19 45 17 9 36 17 0 11 9 20 31
41 16 25 5 4 37 20 17 0 8 16 38
58 28 30 17 13 19 37 10 14 0 29 39
15 30 32 23 21 28 29 21 14 28 0 14
0 36 32 34 52 65 46 37 30 54 18 0