2
10
,
0 (46.0, 24.0) 38.0
1 (8.0, 46.0) 43.0
2 (39.0, 20.0) 34.0
3 (32.0, 20.0) 54.0
4 (21.0, 47.0) 47.0
5 (31.0, 2.0) 55.0
6 (24.0, 15.0) 67.0
7 (33.0, 24.0) 42.0
8 (25.0, 32.0) 64.0
9 (10.0, 9.0) 48.0
,
0 26 23 22 19 26 16 14 20 20 7 0
26 0 22 4 7 17 13 12 6 11 20 26
23 22 0 20 18 7 25 17 17 11 19 23
22 4 20 0 4 16 10 8 4 9 16 22
19 7 18 4 0 15 9 5 2 7 12 19
26 17 7 16 15 0 23 16 13 8 20 26
16 13 25 10 9 23 0 7 11 15 11 16
14 12 17 8 5 16 7 0 6 9 8 14
20 6 17 4 2 13 11 6 0 6 14 20
20 11 11 9 7 8 15 9 6 0 14 20
7 20 19 16 12 20 11 8 14 14 0 7
0 26 23 22 19 26 16 14 20 20 7 0
,
0 63 60 23 40 68 23 36 44 32 13 0
46 0 24 6 15 21 19 32 17 12 28 54
53 45 0 27 41 14 47 25 49 24 32 64
62 10 54 0 5 23 18 18 9 19 41 40
37 14 20 4 0 15 11 11 4 10 23 51
49 21 16 48 16 0 36 21 15 8 30 59
38 21 68 12 16 34 0 18 17 29 22 44
20 14 38 19 11 42 14 0 8 24 23 26
48 19 46 10 2 23 21 9 0 11 25 50
55 27 28 20 15 11 30 13 8 0 33 36
8 38 36 39 36 31 27 14 33 29 0 11
0 57 35 23 55 33 44 35 42 28 18 0