2
10
,
0 (46.0, 24.0) 69.0
1 (8.0, 46.0) 51.0
2 (39.0, 20.0) 56.0
3 (32.0, 20.0) 44.0
4 (21.0, 47.0) 80.0
5 (31.0, 2.0) 66.0
6 (24.0, 15.0) 57.0
7 (33.0, 24.0) 33.0
8 (25.0, 32.0) 64.0
9 (10.0, 9.0) 54.0
,
0 26 23 22 19 26 16 14 20 20 7 0
26 0 22 4 7 17 13 12 6 11 20 26
23 22 0 20 18 7 25 17 17 11 19 23
22 4 20 0 4 16 10 8 4 9 16 22
19 7 18 4 0 15 9 5 2 7 12 19
26 17 7 16 15 0 23 16 13 8 20 26
16 13 25 10 9 23 0 7 11 15 11 16
14 12 17 8 5 16 7 0 6 9 8 14
20 6 17 4 2 13 11 6 0 6 14 20
20 11 11 9 7 8 15 9 6 0 14 20
7 20 19 16 12 20 11 8 14 14 0 7
0 26 23 22 19 26 16 14 20 20 7 0
,
0 39 33 60 21 32 22 28 43 52 16 0
43 0 27 6 10 27 25 31 8 27 44 48
55 34 0 52 34 12 64 37 30 19 45 45
29 9 50 0 9 23 10 8 9 21 17 35
51 18 29 8 0 19 17 12 3 8 23 27
75 44 17 25 29 0 47 33 38 22 48 74
17 27 60 15 11 47 0 13 21 30 18 17
29 20 18 21 8 40 12 0 12 25 22 18
32 11 32 7 2 24 22 9 0 11 23 43
33 28 24 21 17 10 36 14 15 0 26 36
10 29 26 16 24 20 19 12 22 38 0 7
0 67 35 36 51 26 29 30 55 46 19 0