2
10
,
0 (46.0, 24.0) 42.0
1 (8.0, 46.0) 38.0
2 (39.0, 20.0) 52.0
3 (32.0, 20.0) 36.0
4 (21.0, 47.0) 59.0
5 (31.0, 2.0) 88.0
6 (24.0, 15.0) 88.0
7 (33.0, 24.0) 33.0
8 (25.0, 32.0) 79.0
9 (10.0, 9.0) 40.0
,
0 26 23 22 19 26 16 14 20 20 7 0
26 0 22 4 7 17 13 12 6 11 20 26
23 22 0 20 18 7 25 17 17 11 19 23
22 4 20 0 4 16 10 8 4 9 16 22
19 7 18 4 0 15 9 5 2 7 12 19
26 17 7 16 15 0 23 16 13 8 20 26
16 13 25 10 9 23 0 7 11 15 11 16
14 12 17 8 5 16 7 0 6 9 8 14
20 6 17 4 2 13 11 6 0 6 14 20
20 11 11 9 7 8 15 9 6 0 14 20
7 20 19 16 12 20 11 8 14 14 0 7
0 26 23 22 19 26 16 14 20 20 7 0
,
0 35 42 46 19 36 38 24 36 47 11 0
46 0 54 12 9 49 28 14 13 30 22 38
42 39 0 21 30 10 39 49 40 18 20 50
39 10 60 0 10 31 17 22 6 24 31 49
33 14 18 10 0 33 11 8 4 18 30 44
50 25 19 17 29 0 57 28 30 23 55 65
29 39 60 11 16 25 0 16 16 27 16 38
16 14 24 20 11 23 15 0 12 12 13 15
38 15 32 5 4 35 14 12 0 9 30 50
43 26 22 13 15 18 42 18 8 0 41 52
7 44 46 20 18 40 32 11 30 29 0 19
0 28 65 36 39 29 21 40 36 45 16 0