2
10
,
0 (46.0, 24.0) 37.0
1 (8.0, 46.0) 78.0
2 (39.0, 20.0) 90.0
3 (32.0, 20.0) 82.0
4 (21.0, 47.0) 69.0
5 (31.0, 2.0) 47.0
6 (24.0, 15.0) 42.0
7 (33.0, 24.0) 37.0
8 (25.0, 32.0) 53.0
9 (10.0, 9.0) 52.0
,
0 26 23 22 19 26 16 14 20 20 7 0
26 0 22 4 7 17 13 12 6 11 20 26
23 22 0 20 18 7 25 17 17 11 19 23
22 4 20 0 4 16 10 8 4 9 16 22
19 7 18 4 0 15 9 5 2 7 12 19
26 17 7 16 15 0 23 16 13 8 20 26
16 13 25 10 9 23 0 7 11 15 11 16
14 12 17 8 5 16 7 0 6 9 8 14
20 6 17 4 2 13 11 6 0 6 14 20
20 11 11 9 7 8 15 9 6 0 14 20
7 20 19 16 12 20 11 8 14 14 0 7
0 26 23 22 19 26 16 14 20 20 7 0
,
0 32 49 38 20 59 19 16 39 47 14 0
54 0 59 10 16 22 30 27 13 29 25 50
30 45 0 37 18 18 71 37 33 17 44 62
45 9 53 0 9 24 16 17 5 17 32 24
33 19 39 5 0 29 15 12 3 15 33 43
35 22 11 23 23 0 54 19 25 16 51 61
29 14 64 11 18 36 0 16 24 35 12 30
29 35 40 14 7 27 12 0 18 25 14 37
58 17 44 4 5 37 21 16 0 7 29 58
59 14 32 11 12 19 30 22 9 0 36 57
16 25 42 35 21 56 28 10 29 27 0 13
0 75 60 29 56 62 21 19 45 30 18 0