2
10
,
0 (46.0, 24.0) 87.0
1 (8.0, 46.0) 44.0
2 (39.0, 20.0) 60.0
3 (32.0, 20.0) 54.0
4 (21.0, 47.0) 58.0
5 (31.0, 2.0) 66.0
6 (24.0, 15.0) 65.0
7 (33.0, 24.0) 61.0
8 (25.0, 32.0) 64.0
9 (10.0, 9.0) 43.0
,
0 26 23 22 19 26 16 14 20 20 7 0
26 0 22 4 7 17 13 12 6 11 20 26
23 22 0 20 18 7 25 17 17 11 19 23
22 4 20 0 4 16 10 8 4 9 16 22
19 7 18 4 0 15 9 5 2 7 12 19
26 17 7 16 15 0 23 16 13 8 20 26
16 13 25 10 9 23 0 7 11 15 11 16
14 12 17 8 5 16 7 0 6 9 8 14
20 6 17 4 2 13 11 6 0 6 14 20
20 11 11 9 7 8 15 9 6 0 14 20
7 20 19 16 12 20 11 8 14 14 0 7
0 26 23 22 19 26 16 14 20 20 7 0
,
0 34 67 28 34 38 23 37 33 59 10 0
54 0 55 7 12 33 29 12 18 18 21 57
37 36 0 60 45 12 48 39 42 17 43 46
61 7 24 0 10 42 24 22 9 13 30 37
42 21 35 7 0 30 20 14 5 16 32 54
43 37 12 40 42 0 45 29 26 20 39 57
25 19 49 22 10 29 0 17 25 45 17 42
22 32 26 9 6 41 10 0 7 13 9 40
50 10 23 7 3 15 20 17 0 9 19 50
55 18 23 27 9 16 35 10 10 0 21 40
7 42 36 44 34 31 30 12 18 31 0 16
0 57 52 29 51 58 45 18 32 25 7 0