2
10
,
0 (46.0, 24.0) 67.0
1 (8.0, 46.0) 71.0
2 (39.0, 20.0) 73.0
3 (32.0, 20.0) 37.0
4 (21.0, 47.0) 80.0
5 (31.0, 2.0) 68.0
6 (24.0, 15.0) 37.0
7 (33.0, 24.0) 34.0
8 (25.0, 32.0) 70.0
9 (10.0, 9.0) 43.0
,
0 26 23 22 19 26 16 14 20 20 7 0
26 0 22 4 7 17 13 12 6 11 20 26
23 22 0 20 18 7 25 17 17 11 19 23
22 4 20 0 4 16 10 8 4 9 16 22
19 7 18 4 0 15 9 5 2 7 12 19
26 17 7 16 15 0 23 16 13 8 20 26
16 13 25 10 9 23 0 7 11 15 11 16
14 12 17 8 5 16 7 0 6 9 8 14
20 6 17 4 2 13 11 6 0 6 14 20
20 11 11 9 7 8 15 9 6 0 14 20
7 20 19 16 12 20 11 8 14 14 0 7
0 26 23 22 19 26 16 14 20 20 7 0
,
0 44 36 55 24 57 32 40 23 31 19 0
43 0 46 6 10 32 34 25 9 22 50 56
56 30 0 59 33 7 56 41 33 31 39 25
49 5 22 0 9 38 26 22 5 22 34 35
44 12 21 8 0 35 19 11 3 16 31 53
59 22 11 35 17 0 38 25 32 14 38 73
32 32 71 10 23 50 0 11 20 34 28 17
31 20 51 18 8 23 21 0 14 23 21 33
23 7 32 10 3 32 20 13 0 7 32 60
34 32 32 22 18 20 33 23 16 0 23 38
11 54 36 35 30 20 17 20 18 31 0 8
0 58 44 38 34 48 26 32 46 30 19 0