2
10
,
0 (46.0, 24.0) 47.0
1 (8.0, 46.0) 81.0
2 (39.0, 20.0) 38.0
3 (32.0, 20.0) 33.0
4 (21.0, 47.0) 37.0
5 (31.0, 2.0) 80.0
6 (24.0, 15.0) 55.0
7 (33.0, 24.0) 71.0
8 (25.0, 32.0) 43.0
9 (10.0, 9.0) 66.0
,
0 26 23 22 19 26 16 14 20 20 7 0
26 0 22 4 7 17 13 12 6 11 20 26
23 22 0 20 18 7 25 17 17 11 19 23
22 4 20 0 4 16 10 8 4 9 16 22
19 7 18 4 0 15 9 5 2 7 12 19
26 17 7 16 15 0 23 16 13 8 20 26
16 13 25 10 9 23 0 7 11 15 11 16
14 12 17 8 5 16 7 0 6 9 8 14
20 6 17 4 2 13 11 6 0 6 14 20
20 11 11 9 7 8 15 9 6 0 14 20
7 20 19 16 12 20 11 8 14 14 0 7
0 26 23 22 19 26 16 14 20 20 7 0
,
0 40 51 37 37 30 43 20 53 35 12 0
46 0 33 7 16 36 24 18 19 12 37 71
66 44 0 36 21 19 38 28 32 25 39 66
24 8 41 0 4 38 17 22 4 10 46 49
30 12 39 9 0 37 25 7 5 19 35 50
73 40 16 44 36 0 47 36 16 23 22 76
33 20 68 25 15 30 0 15 13 22 17 29
27 15 30 9 10 44 10 0 14 14 20 40
33 11 47 5 6 34 30 8 0 16 23 55
36 17 19 27 8 20 23 17 11 0 21 59
13 32 51 24 16 54 25 9 37 39 0 11
0 65 35 57 28 56 34 26 27 34 10 0