2
10
,
0 (46.0, 24.0) 46.0
1 (8.0, 46.0) 51.0
2 (39.0, 20.0) 37.0
3 (32.0, 20.0) 31.0
4 (21.0, 47.0) 65.0
5 (31.0, 2.0) 39.0
6 (24.0, 15.0) 65.0
7 (33.0, 24.0) 33.0
8 (25.0, 32.0) 32.0
9 (10.0, 9.0) 31.0
,
0 26 23 22 19 26 16 14 20 20 7 0
26 0 22 4 7 17 13 12 6 11 20 26
23 22 0 20 18 7 25 17 17 11 19 23
22 4 20 0 4 16 10 8 4 9 16 22
19 7 18 4 0 15 9 5 2 7 12 19
26 17 7 16 15 0 23 16 13 8 20 26
16 13 25 10 9 23 0 7 11 15 11 16
14 12 17 8 5 16 7 0 6 9 8 14
20 6 17 4 2 13 11 6 0 6 14 20
20 11 11 9 7 8 15 9 6 0 14 20
7 20 19 16 12 20 11 8 14 14 0 7
0 26 23 22 19 26 16 14 20 20 7 0
,
0 52 67 53 43 52 43 15 47 54 15 0
72 0 30 6 12 42 14 32 12 33 22 50
35 48 0 60 32 8 45 45 24 21 34 66
32 12 39 0 8 24 20 22 7 13 32 38
31 8 19 7 0 36 24 8 5 15 15 20
34 48 8 45 20 0 42 45 23 22 51 41
28 33 45 11 12 41 0 21 12 26 14 40
18 31 33 21 7 19 21 0 16 9 13 24
51 14 18 4 3 36 28 12 0 11 29 45
32 28 13 27 10 9 31 17 11 0 23 21
15 32 48 43 28 55 32 9 18 14 0 18
0 74 53 41 41 71 36 22 53 26 11 0