2
10
,
0 (27.0, 35.0) 79.0
1 (21.0, 41.0) 42.0
2 (46.0, 14.0) 44.0
3 (19.0, 14.0) 40.0
4 (22.0, 8.0) 41.0
5 (15.0, 40.0) 57.0
6 (22.0, 39.0) 63.0
7 (14.0, 7.0) 79.0
8 (36.0, 4.0) 47.0
9 (39.0, 14.0) 49.0
,
0 22 23 24 12 12 21 22 8 18 21 0
22 0 4 14 11 14 6 3 15 16 12 22
23 4 0 18 14 17 3 1 17 20 16 23
24 14 18 0 14 12 20 17 16 7 4 24
12 11 14 14 0 3 13 13 4 10 10 12
12 14 17 12 3 0 16 16 4 7 9 12
21 6 3 20 13 16 0 4 17 21 18 21
22 3 1 17 13 16 4 0 16 19 15 22
8 15 17 16 4 4 17 16 0 11 13 8
18 16 20 7 10 7 21 19 11 0 5 18
21 12 16 4 10 9 18 15 13 5 0 21
0 22 23 24 12 12 21 22 8 18 21 0
,
0 37 38 30 33 34 24 37 11 47 23 0
49 0 11 18 29 18 10 8 20 45 19 38
31 9 0 46 34 23 6 3 20 56 18 26
50 20 49 0 21 31 28 52 23 19 5 24
31 32 40 20 0 9 22 33 12 17 15 17
30 30 31 16 8 0 36 16 5 19 19 15
33 10 8 33 32 40 0 6 32 56 50 44
33 3 2 30 32 18 5 0 34 27 36 66
20 37 18 27 7 12 19 24 0 19 14 20
43 32 48 14 20 19 26 43 32 0 8 19
57 20 19 4 19 13 45 22 24 12 0 30
0 36 61 35 32 26 43 31 8 51 37 0