2
10
,
0 (27.0, 35.0) 87.0
1 (21.0, 41.0) 56.0
2 (46.0, 14.0) 66.0
3 (19.0, 14.0) 54.0
4 (22.0, 8.0) 52.0
5 (15.0, 40.0) 44.0
6 (22.0, 39.0) 63.0
7 (14.0, 7.0) 38.0
8 (36.0, 4.0) 83.0
9 (39.0, 14.0) 35.0
,
0 22 23 24 12 12 21 22 8 18 21 0
22 0 4 14 11 14 6 3 15 16 12 22
23 4 0 18 14 17 3 1 17 20 16 23
24 14 18 0 14 12 20 17 16 7 4 24
12 11 14 14 0 3 13 13 4 10 10 12
12 14 17 12 3 0 16 16 4 7 9 12
21 6 3 20 13 16 0 4 17 21 18 21
22 3 1 17 13 16 4 0 16 19 15 22
8 15 17 16 4 4 17 16 0 11 13 8
18 16 20 7 10 7 21 19 11 0 5 18
21 12 16 4 10 9 18 15 13 5 0 21
0 22 23 24 12 12 21 22 8 18 21 0
,
0 25 67 44 19 33 31 25 23 26 50 0
27 0 9 26 31 25 9 8 35 46 26 64
24 5 0 26 29 45 8 3 31 36 21 61
54 40 36 0 35 36 50 32 35 20 8 56
22 22 16 28 0 5 17 29 9 10 22 35
19 33 25 24 5 0 32 21 10 17 23 19
57 10 5 56 37 38 0 6 48 41 48 31
44 4 1 25 16 45 9 0 40 54 36 59
20 29 31 26 9 11 35 27 0 22 25 14
41 47 52 14 14 10 26 23 29 0 9 29
21 18 24 8 23 13 43 19 34 9 0 50
0 39 37 47 20 25 31 35 21 36 36 0