2
10
,
0 (27.0, 35.0) 44.0
1 (21.0, 41.0) 66.0
2 (46.0, 14.0) 56.0
3 (19.0, 14.0) 65.0
4 (22.0, 8.0) 78.0
5 (15.0, 40.0) 78.0
6 (22.0, 39.0) 48.0
7 (14.0, 7.0) 37.0
8 (36.0, 4.0) 46.0
9 (39.0, 14.0) 34.0
,
0 22 23 24 12 12 21 22 8 18 21 0
22 0 4 14 11 14 6 3 15 16 12 22
23 4 0 18 14 17 3 1 17 20 16 23
24 14 18 0 14 12 20 17 16 7 4 24
12 11 14 14 0 3 13 13 4 10 10 12
12 14 17 12 3 0 16 16 4 7 9 12
21 6 3 20 13 16 0 4 17 21 18 21
22 3 1 17 13 16 4 0 16 19 15 22
8 15 17 16 4 4 17 16 0 11 13 8
18 16 20 7 10 7 21 19 11 0 5 18
21 12 16 4 10 9 18 15 13 5 0 21
0 22 23 24 12 12 21 22 8 18 21 0
,
0 29 27 67 34 23 27 47 17 49 50 0
36 0 8 34 15 26 9 4 19 35 23 47
36 12 0 45 22 46 4 1 40 57 44 47
29 25 21 0 23 14 40 40 38 8 8 38
25 23 25 31 0 4 29 24 10 12 25 25
20 41 29 15 5 0 40 23 4 22 10 26
31 12 3 54 23 29 0 11 41 41 19 48
24 8 3 34 14 43 7 0 24 20 26 54
23 15 42 41 13 5 41 20 0 15 23 23
39 27 57 15 13 20 58 42 18 0 13 33
22 20 18 10 10 24 44 18 20 12 0 48
0 60 64 53 23 13 49 29 10 53 57 0