2
10
,
0 (27.0, 35.0) 54.0
1 (21.0, 41.0) 70.0
2 (46.0, 14.0) 56.0
3 (19.0, 14.0) 67.0
4 (22.0, 8.0) 39.0
5 (15.0, 40.0) 35.0
6 (22.0, 39.0) 67.0
7 (14.0, 7.0) 89.0
8 (36.0, 4.0) 40.0
9 (39.0, 14.0) 32.0
,
0 22 23 24 12 12 21 22 8 18 21 0
22 0 4 14 11 14 6 3 15 16 12 22
23 4 0 18 14 17 3 1 17 20 16 23
24 14 18 0 14 12 20 17 16 7 4 24
12 11 14 14 0 3 13 13 4 10 10 12
12 14 17 12 3 0 16 16 4 7 9 12
21 6 3 20 13 16 0 4 17 21 18 21
22 3 1 17 13 16 4 0 16 19 15 22
8 15 17 16 4 4 17 16 0 11 13 8
18 16 20 7 10 7 21 19 11 0 5 18
21 12 16 4 10 9 18 15 13 5 0 21
0 22 23 24 12 12 21 22 8 18 21 0
,
0 52 39 57 12 34 49 29 22 33 36 0
32 0 12 29 16 30 16 7 35 25 25 48
49 7 0 35 23 38 7 3 47 52 18 57
24 27 28 0 24 14 47 20 47 8 10 38
12 17 30 22 0 7 17 27 9 26 17 17
16 33 31 30 5 0 30 19 7 9 19 22
30 13 8 40 27 31 0 4 34 43 31 28
56 9 3 17 16 21 4 0 38 50 23 51
20 37 49 24 6 4 40 34 0 12 37 21
26 25 22 16 29 17 52 46 16 0 11 52
38 32 34 8 22 24 23 28 22 8 0 49
0 53 45 26 17 19 62 35 14 39 60 0