2
10
,
0 (27.0, 35.0) 67.0
1 (21.0, 41.0) 41.0
2 (46.0, 14.0) 31.0
3 (19.0, 14.0) 53.0
4 (22.0, 8.0) 54.0
5 (15.0, 40.0) 78.0
6 (22.0, 39.0) 89.0
7 (14.0, 7.0) 85.0
8 (36.0, 4.0) 48.0
9 (39.0, 14.0) 63.0
,
0 22 23 24 12 12 21 22 8 18 21 0
22 0 4 14 11 14 6 3 15 16 12 22
23 4 0 18 14 17 3 1 17 20 16 23
24 14 18 0 14 12 20 17 16 7 4 24
12 11 14 14 0 3 13 13 4 10 10 12
12 14 17 12 3 0 16 16 4 7 9 12
21 6 3 20 13 16 0 4 17 21 18 21
22 3 1 17 13 16 4 0 16 19 15 22
8 15 17 16 4 4 17 16 0 11 13 8
18 16 20 7 10 7 21 19 11 0 5 18
21 12 16 4 10 9 18 15 13 5 0 21
0 22 23 24 12 12 21 22 8 18 21 0
,
0 54 49 36 14 23 59 66 16 47 62 0
54 0 6 32 29 26 9 8 26 43 33 29
31 5 0 26 21 46 9 3 50 50 32 52
44 34 30 0 20 18 37 34 47 12 6 50
33 22 23 22 0 5 24 20 6 20 19 35
20 40 36 24 8 0 43 31 4 20 24 27
37 17 4 42 26 26 0 5 24 34 45 40
45 8 2 25 33 16 10 0 49 32 42 62
15 32 38 25 8 10 29 33 0 19 31 13
54 26 53 11 15 7 21 40 17 0 14 48
54 23 34 10 11 26 39 37 21 9 0 45
0 53 43 68 27 12 44 66 15 26 25 0