2
10
,
0 (27.0, 35.0) 54.0
1 (21.0, 41.0) 38.0
2 (46.0, 14.0) 51.0
3 (19.0, 14.0) 84.0
4 (22.0, 8.0) 90.0
5 (15.0, 40.0) 30.0
6 (22.0, 39.0) 38.0
7 (14.0, 7.0) 44.0
8 (36.0, 4.0) 42.0
9 (39.0, 14.0) 37.0
,
0 22 23 24 12 12 21 22 8 18 21 0
22 0 4 14 11 14 6 3 15 16 12 22
23 4 0 18 14 17 3 1 17 20 16 23
24 14 18 0 14 12 20 17 16 7 4 24
12 11 14 14 0 3 13 13 4 10 10 12
12 14 17 12 3 0 16 16 4 7 9 12
21 6 3 20 13 16 0 4 17 21 18 21
22 3 1 17 13 16 4 0 16 19 15 22
8 15 17 16 4 4 17 16 0 11 13 8
18 16 20 7 10 7 21 19 11 0 5 18
21 12 16 4 10 9 18 15 13 5 0 21
0 22 23 24 12 12 21 22 8 18 21 0
,
0 62 58 41 19 29 44 35 17 21 54 0
66 0 11 20 32 26 18 6 18 36 15 59
61 9 0 46 33 37 3 1 50 34 31 42
60 26 44 0 23 31 24 41 28 8 5 55
27 26 26 30 0 10 36 34 9 14 19 25
34 16 23 25 7 0 35 16 9 15 9 18
37 16 8 49 14 16 0 7 35 57 23 54
56 5 3 34 23 20 6 0 29 33 26 53
22 26 47 29 7 8 44 17 0 26 22 15
44 44 34 11 22 9 52 39 28 0 13 44
41 16 28 7 24 12 52 43 33 10 0 54
0 55 34 39 22 25 59 66 23 49 52 0