2
10
,
0 (27.0, 35.0) 42.0
1 (21.0, 41.0) 41.0
2 (46.0, 14.0) 38.0
3 (19.0, 14.0) 38.0
4 (22.0, 8.0) 59.0
5 (15.0, 40.0) 74.0
6 (22.0, 39.0) 31.0
7 (14.0, 7.0) 43.0
8 (36.0, 4.0) 79.0
9 (39.0, 14.0) 35.0
,
0 22 23 24 12 12 21 22 8 18 21 0
22 0 4 14 11 14 6 3 15 16 12 22
23 4 0 18 14 17 3 1 17 20 16 23
24 14 18 0 14 12 20 17 16 7 4 24
12 11 14 14 0 3 13 13 4 10 10 12
12 14 17 12 3 0 16 16 4 7 9 12
21 6 3 20 13 16 0 4 17 21 18 21
22 3 1 17 13 16 4 0 16 19 15 22
8 15 17 16 4 4 17 16 0 11 13 8
18 16 20 7 10 7 21 19 11 0 5 18
21 12 16 4 10 9 18 15 13 5 0 21
0 22 23 24 12 12 21 22 8 18 21 0
,
0 23 51 63 13 31 61 38 17 18 36 0
42 0 6 41 30 36 14 6 17 29 28 32
51 10 0 44 23 19 5 1 26 40 18 68
56 31 25 0 39 37 24 42 19 20 4 67
32 20 37 25 0 8 30 37 11 15 22 26
33 18 22 36 5 0 40 44 4 9 24 28
62 11 5 23 27 49 0 6 34 42 32 59
60 4 2 27 16 16 8 0 29 36 21 31
16 36 44 30 7 12 35 25 0 26 35 19
31 45 40 11 22 9 27 20 25 0 15 51
37 25 43 8 24 19 23 37 24 15 0 38
0 47 47 52 32 13 25 33 21 43 58 0