2
10
,
0 (27.0, 35.0) 47.0
1 (21.0, 41.0) 32.0
2 (46.0, 14.0) 68.0
3 (19.0, 14.0) 30.0
4 (22.0, 8.0) 42.0
5 (15.0, 40.0) 50.0
6 (22.0, 39.0) 85.0
7 (14.0, 7.0) 59.0
8 (36.0, 4.0) 42.0
9 (39.0, 14.0) 47.0
,
0 22 23 24 12 12 21 22 8 18 21 0
22 0 4 14 11 14 6 3 15 16 12 22
23 4 0 18 14 17 3 1 17 20 16 23
24 14 18 0 14 12 20 17 16 7 4 24
12 11 14 14 0 3 13 13 4 10 10 12
12 14 17 12 3 0 16 16 4 7 9 12
21 6 3 20 13 16 0 4 17 21 18 21
22 3 1 17 13 16 4 0 16 19 15 22
8 15 17 16 4 4 17 16 0 11 13 8
18 16 20 7 10 7 21 19 11 0 5 18
21 12 16 4 10 9 18 15 13 5 0 21
0 22 23 24 12 12 21 22 8 18 21 0
,
0 23 50 66 12 16 63 26 8 39 50 0
49 0 8 42 25 35 15 7 24 32 33 53
44 4 0 49 21 21 5 2 38 23 34 67
48 38 32 0 26 15 27 23 41 11 5 63
34 14 28 16 0 8 14 25 11 26 17 32
31 29 19 17 8 0 42 20 9 21 16 12
31 19 5 35 19 17 0 4 26 35 48 42
46 6 3 23 37 39 8 0 39 19 38 45
15 44 44 46 4 8 22 41 0 12 36 13
52 33 56 16 25 8 23 32 24 0 11 36
46 17 42 4 20 27 41 33 29 14 0 51
0 33 29 69 20 17 36 34 14 45 50 0