2
10
,
0 (27.0, 35.0) 82.0
1 (21.0, 41.0) 34.0
2 (46.0, 14.0) 52.0
3 (19.0, 14.0) 79.0
4 (22.0, 8.0) 35.0
5 (15.0, 40.0) 62.0
6 (22.0, 39.0) 30.0
7 (14.0, 7.0) 38.0
8 (36.0, 4.0) 89.0
9 (39.0, 14.0) 88.0
,
0 22 23 24 12 12 21 22 8 18 21 0
22 0 4 14 11 14 6 3 15 16 12 22
23 4 0 18 14 17 3 1 17 20 16 23
24 14 18 0 14 12 20 17 16 7 4 24
12 11 14 14 0 3 13 13 4 10 10 12
12 14 17 12 3 0 16 16 4 7 9 12
21 6 3 20 13 16 0 4 17 21 18 21
22 3 1 17 13 16 4 0 16 19 15 22
8 15 17 16 4 4 17 16 0 11 13 8
18 16 20 7 10 7 21 19 11 0 5 18
21 12 16 4 10 9 18 15 13 5 0 21
0 22 23 24 12 12 21 22 8 18 21 0
,
0 23 28 35 28 23 58 53 21 32 53 0
54 0 9 37 30 24 18 7 45 24 36 59
68 12 0 52 19 22 4 3 46 22 31 43
54 17 55 0 14 28 47 34 29 12 8 65
15 13 22 22 0 5 25 35 8 17 16 26
22 38 34 19 8 0 33 44 9 10 23 19
50 10 4 52 18 26 0 10 17 48 18 52
43 7 3 40 28 41 10 0 44 40 38 39
15 30 33 34 7 8 47 33 0 18 36 12
42 19 22 21 17 11 57 38 30 0 14 30
56 20 31 4 14 10 42 24 31 9 0 45
0 35 26 37 35 24 64 33 19 40 31 0