2
10
,
0 (27.0, 35.0) 32.0
1 (21.0, 41.0) 53.0
2 (46.0, 14.0) 40.0
3 (19.0, 14.0) 85.0
4 (22.0, 8.0) 81.0
5 (15.0, 40.0) 54.0
6 (22.0, 39.0) 65.0
7 (14.0, 7.0) 81.0
8 (36.0, 4.0) 49.0
9 (39.0, 14.0) 88.0
,
0 22 23 24 12 12 21 22 8 18 21 0
22 0 4 14 11 14 6 3 15 16 12 22
23 4 0 18 14 17 3 1 17 20 16 23
24 14 18 0 14 12 20 17 16 7 4 24
12 11 14 14 0 3 13 13 4 10 10 12
12 14 17 12 3 0 16 16 4 7 9 12
21 6 3 20 13 16 0 4 17 21 18 21
22 3 1 17 13 16 4 0 16 19 15 22
8 15 17 16 4 4 17 16 0 11 13 8
18 16 20 7 10 7 21 19 11 0 5 18
21 12 16 4 10 9 18 15 13 5 0 21
0 22 23 24 12 12 21 22 8 18 21 0
,
0 45 68 29 20 32 60 23 11 45 35 0
50 0 7 24 17 28 13 7 39 35 26 50
24 8 0 37 19 37 5 3 47 42 37 52
54 18 36 0 27 17 23 40 38 11 6 66
17 17 27 29 0 8 27 34 10 10 21 29
18 32 36 28 9 0 40 23 6 18 10 14
41 15 9 44 35 25 0 10 34 35 30 26
66 3 3 30 15 36 6 0 29 21 34 28
13 20 45 43 5 9 33 31 0 19 27 13
53 38 54 14 22 11 23 52 33 0 8 38
30 16 33 6 20 23 50 20 38 8 0 22
0 29 41 71 12 32 29 53 21 43 33 0