2
10
,
0 (27.0, 35.0) 64.0
1 (21.0, 41.0) 81.0
2 (46.0, 14.0) 50.0
3 (19.0, 14.0) 63.0
4 (22.0, 8.0) 68.0
5 (15.0, 40.0) 43.0
6 (22.0, 39.0) 49.0
7 (14.0, 7.0) 44.0
8 (36.0, 4.0) 36.0
9 (39.0, 14.0) 76.0
,
0 22 23 24 12 12 21 22 8 18 21 0
22 0 4 14 11 14 6 3 15 16 12 22
23 4 0 18 14 17 3 1 17 20 16 23
24 14 18 0 14 12 20 17 16 7 4 24
12 11 14 14 0 3 13 13 4 10 10 12
12 14 17 12 3 0 16 16 4 7 9 12
21 6 3 20 13 16 0 4 17 21 18 21
22 3 1 17 13 16 4 0 16 19 15 22
8 15 17 16 4 4 17 16 0 11 13 8
18 16 20 7 10 7 21 19 11 0 5 18
21 12 16 4 10 9 18 15 13 5 0 21
0 22 23 24 12 12 21 22 8 18 21 0
,
0 56 38 60 30 22 33 32 13 39 33 0
59 0 8 27 22 36 9 8 17 38 33 65
50 9 0 31 28 45 7 3 42 23 48 35
42 38 35 0 40 24 38 22 47 8 10 48
27 33 27 15 0 9 18 33 9 24 14 30
33 40 23 22 8 0 25 27 9 8 21 12
42 10 5 25 26 22 0 9 45 53 31 45
56 4 3 42 35 35 4 0 20 48 32 32
23 32 20 40 6 5 48 21 0 17 27 13
52 29 27 20 28 13 50 39 30 0 7 22
47 16 18 7 16 20 51 29 27 13 0 53
0 59 43 26 13 29 59 58 15 29 40 0