2
10
,
0 (27.0, 35.0) 42.0
1 (21.0, 41.0) 38.0
2 (46.0, 14.0) 31.0
3 (19.0, 14.0) 50.0
4 (22.0, 8.0) 44.0
5 (15.0, 40.0) 36.0
6 (22.0, 39.0) 77.0
7 (14.0, 7.0) 76.0
8 (36.0, 4.0) 84.0
9 (39.0, 14.0) 36.0
,
0 22 23 24 12 12 21 22 8 18 21 0
22 0 4 14 11 14 6 3 15 16 12 22
23 4 0 18 14 17 3 1 17 20 16 23
24 14 18 0 14 12 20 17 16 7 4 24
12 11 14 14 0 3 13 13 4 10 10 12
12 14 17 12 3 0 16 16 4 7 9 12
21 6 3 20 13 16 0 4 17 21 18 21
22 3 1 17 13 16 4 0 16 19 15 22
8 15 17 16 4 4 17 16 0 11 13 8
18 16 20 7 10 7 21 19 11 0 5 18
21 12 16 4 10 9 18 15 13 5 0 21
0 22 23 24 12 12 21 22 8 18 21 0
,
0 25 33 28 32 34 42 40 23 42 36 0
45 0 10 40 19 14 13 7 39 34 34 23
38 7 0 27 30 41 7 1 40 47 34 26
58 15 38 0 16 35 41 24 17 19 8 50
35 25 26 36 0 4 33 27 4 24 25 14
21 20 17 32 10 0 33 31 8 7 19 30
43 7 8 46 23 35 0 9 44 22 53 35
26 6 1 51 37 44 4 0 22 41 21 66
19 46 32 31 12 5 21 27 0 29 15 10
43 45 57 14 17 10 35 21 17 0 15 50
53 24 49 5 22 19 24 32 22 12 0 24
0 63 49 52 18 12 52 63 23 48 37 0