2
10
,
0 (27.0, 35.0) 51.0
1 (21.0, 41.0) 68.0
2 (46.0, 14.0) 64.0
3 (19.0, 14.0) 38.0
4 (22.0, 8.0) 41.0
5 (15.0, 40.0) 43.0
6 (22.0, 39.0) 44.0
7 (14.0, 7.0) 49.0
8 (36.0, 4.0) 36.0
9 (39.0, 14.0) 36.0
,
0 22 23 24 12 12 21 22 8 18 21 0
22 0 4 14 11 14 6 3 15 16 12 22
23 4 0 18 14 17 3 1 17 20 16 23
24 14 18 0 14 12 20 17 16 7 4 24
12 11 14 14 0 3 13 13 4 10 10 12
12 14 17 12 3 0 16 16 4 7 9 12
21 6 3 20 13 16 0 4 17 21 18 21
22 3 1 17 13 16 4 0 16 19 15 22
8 15 17 16 4 4 17 16 0 11 13 8
18 16 20 7 10 7 21 19 11 0 5 18
21 12 16 4 10 9 18 15 13 5 0 21
0 22 23 24 12 12 21 22 8 18 21 0
,
0 47 45 69 33 22 50 27 21 36 36 0
50 0 11 14 28 35 14 9 24 25 27 58
61 7 0 47 32 46 8 3 33 31 34 61
32 21 37 0 33 24 52 41 27 17 9 26
14 13 24 26 0 9 31 15 11 24 12 26
14 33 29 13 5 0 43 17 6 19 24 16
63 15 8 40 25 31 0 10 37 45 19 53
51 5 3 52 37 25 8 0 39 51 42 67
8 44 23 16 11 6 49 41 0 13 34 21
25 35 39 12 19 14 27 24 12 0 7 46
24 15 20 5 20 23 43 29 27 8 0 35
0 28 53 66 17 21 44 39 16 20 24 0