2
10
,
0 (27.0, 35.0) 44.0
1 (21.0, 41.0) 66.0
2 (46.0, 14.0) 66.0
3 (19.0, 14.0) 76.0
4 (22.0, 8.0) 58.0
5 (15.0, 40.0) 45.0
6 (22.0, 39.0) 46.0
7 (14.0, 7.0) 31.0
8 (36.0, 4.0) 45.0
9 (39.0, 14.0) 74.0
,
0 22 23 24 12 12 21 22 8 18 21 0
22 0 4 14 11 14 6 3 15 16 12 22
23 4 0 18 14 17 3 1 17 20 16 23
24 14 18 0 14 12 20 17 16 7 4 24
12 11 14 14 0 3 13 13 4 10 10 12
12 14 17 12 3 0 16 16 4 7 9 12
21 6 3 20 13 16 0 4 17 21 18 21
22 3 1 17 13 16 4 0 16 19 15 22
8 15 17 16 4 4 17 16 0 11 13 8
18 16 20 7 10 7 21 19 11 0 5 18
21 12 16 4 10 9 18 15 13 5 0 21
0 22 23 24 12 12 21 22 8 18 21 0
,
0 23 30 42 22 27 47 62 13 27 60 0
33 0 10 22 24 21 18 4 39 16 19 47
32 7 0 20 38 25 8 2 49 29 36 56
69 28 34 0 27 34 26 24 41 19 4 51
21 20 36 40 0 8 32 27 7 24 26 18
25 23 21 13 3 0 36 32 7 15 10 12
34 7 6 49 37 47 0 7 26 26 42 30
46 3 3 27 36 26 4 0 29 32 21 34
10 28 21 39 6 10 31 37 0 28 22 22
22 19 57 8 11 17 53 26 23 0 11 54
24 15 40 5 16 13 37 26 32 12 0 57
0 28 65 31 31 17 32 33 12 29 57 0