2
10
,
0 (27.0, 35.0) 31.0
1 (21.0, 41.0) 86.0
2 (46.0, 14.0) 33.0
3 (19.0, 14.0) 36.0
4 (22.0, 8.0) 33.0
5 (15.0, 40.0) 56.0
6 (22.0, 39.0) 33.0
7 (14.0, 7.0) 89.0
8 (36.0, 4.0) 32.0
9 (39.0, 14.0) 67.0
,
0 22 23 24 12 12 21 22 8 18 21 0
22 0 4 14 11 14 6 3 15 16 12 22
23 4 0 18 14 17 3 1 17 20 16 23
24 14 18 0 14 12 20 17 16 7 4 24
12 11 14 14 0 3 13 13 4 10 10 12
12 14 17 12 3 0 16 16 4 7 9 12
21 6 3 20 13 16 0 4 17 21 18 21
22 3 1 17 13 16 4 0 16 19 15 22
8 15 17 16 4 4 17 16 0 11 13 8
18 16 20 7 10 7 21 19 11 0 5 18
21 12 16 4 10 9 18 15 13 5 0 21
0 22 23 24 12 12 21 22 8 18 21 0
,
0 42 67 54 14 34 42 59 15 31 27 0
62 0 11 17 13 36 16 4 38 21 36 55
66 9 0 33 23 25 8 2 22 54 33 67
55 19 54 0 32 21 54 48 31 21 9 33
30 11 20 16 0 6 32 20 9 11 26 15
22 30 39 21 10 0 30 22 9 13 22 34
64 12 8 36 31 44 0 10 24 57 35 50
61 5 2 39 29 36 4 0 33 29 39 36
9 31 47 40 6 8 34 29 0 21 35 22
29 18 43 8 18 18 38 45 24 0 7 53
34 23 26 9 29 20 37 41 34 8 0 38
0 56 56 48 14 16 38 65 17 32 22 0