2
10
,
0 (27.0, 35.0) 79.0
1 (21.0, 41.0) 77.0
2 (46.0, 14.0) 69.0
3 (19.0, 14.0) 86.0
4 (22.0, 8.0) 31.0
5 (15.0, 40.0) 47.0
6 (22.0, 39.0) 76.0
7 (14.0, 7.0) 87.0
8 (36.0, 4.0) 34.0
9 (39.0, 14.0) 89.0
,
0 22 23 24 12 12 21 22 8 18 21 0
22 0 4 14 11 14 6 3 15 16 12 22
23 4 0 18 14 17 3 1 17 20 16 23
24 14 18 0 14 12 20 17 16 7 4 24
12 11 14 14 0 3 13 13 4 10 10 12
12 14 17 12 3 0 16 16 4 7 9 12
21 6 3 20 13 16 0 4 17 21 18 21
22 3 1 17 13 16 4 0 16 19 15 22
8 15 17 16 4 4 17 16 0 11 13 8
18 16 20 7 10 7 21 19 11 0 5 18
21 12 16 4 10 9 18 15 13 5 0 21
0 22 23 24 12 12 21 22 8 18 21 0
,
0 29 69 49 13 27 60 40 10 26 33 0
50 0 8 31 15 28 12 8 23 41 17 25
68 11 0 43 36 37 8 2 22 51 47 51
46 20 27 0 38 16 33 42 27 15 10 70
30 12 21 33 0 4 16 36 8 18 19 22
29 26 22 22 9 0 25 44 11 11 22 26
41 8 8 47 26 47 0 10 40 46 28 41
62 8 3 37 25 24 6 0 18 36 28 59
9 24 29 44 11 7 28 31 0 30 31 22
20 24 56 9 14 20 37 34 32 0 8 31
28 17 44 8 16 23 41 27 36 11 0 60
0 33 66 70 17 22 62 31 20 25 42 0