2
10
,
0 (27.0, 35.0) 86.0
1 (21.0, 41.0) 34.0
2 (46.0, 14.0) 74.0
3 (19.0, 14.0) 67.0
4 (22.0, 8.0) 66.0
5 (15.0, 40.0) 64.0
6 (22.0, 39.0) 73.0
7 (14.0, 7.0) 62.0
8 (36.0, 4.0) 32.0
9 (39.0, 14.0) 89.0
,
0 22 23 24 12 12 21 22 8 18 21 0
22 0 4 14 11 14 6 3 15 16 12 22
23 4 0 18 14 17 3 1 17 20 16 23
24 14 18 0 14 12 20 17 16 7 4 24
12 11 14 14 0 3 13 13 4 10 10 12
12 14 17 12 3 0 16 16 4 7 9 12
21 6 3 20 13 16 0 4 17 21 18 21
22 3 1 17 13 16 4 0 16 19 15 22
8 15 17 16 4 4 17 16 0 11 13 8
18 16 20 7 10 7 21 19 11 0 5 18
21 12 16 4 10 9 18 15 13 5 0 21
0 22 23 24 12 12 21 22 8 18 21 0
,
0 23 59 54 13 23 54 38 12 44 38 0
32 0 9 36 14 34 11 3 35 40 18 39
35 8 0 24 30 47 7 3 38 22 41 31
41 32 30 0 30 14 27 44 47 18 5 65
20 18 35 36 0 6 35 20 13 16 18 19
24 21 47 13 9 0 34 36 5 12 12 16
49 7 6 34 33 31 0 4 49 41 28 35
44 5 3 46 37 22 5 0 41 20 18 23
20 33 45 35 6 8 30 19 0 16 14 18
34 32 58 8 21 12 47 34 30 0 14 40
45 18 35 4 26 22 38 18 33 8 0 56
0 47 34 54 25 19 56 40 11 37 36 0