2
10
,
0 (27.0, 35.0) 46.0
1 (21.0, 41.0) 78.0
2 (46.0, 14.0) 75.0
3 (19.0, 14.0) 42.0
4 (22.0, 8.0) 48.0
5 (15.0, 40.0) 56.0
6 (22.0, 39.0) 84.0
7 (14.0, 7.0) 71.0
8 (36.0, 4.0) 85.0
9 (39.0, 14.0) 69.0
,
0 22 23 24 12 12 21 22 8 18 21 0
22 0 4 14 11 14 6 3 15 16 12 22
23 4 0 18 14 17 3 1 17 20 16 23
24 14 18 0 14 12 20 17 16 7 4 24
12 11 14 14 0 3 13 13 4 10 10 12
12 14 17 12 3 0 16 16 4 7 9 12
21 6 3 20 13 16 0 4 17 21 18 21
22 3 1 17 13 16 4 0 16 19 15 22
8 15 17 16 4 4 17 16 0 11 13 8
18 16 20 7 10 7 21 19 11 0 5 18
21 12 16 4 10 9 18 15 13 5 0 21
0 22 23 24 12 12 21 22 8 18 21 0
,
0 66 51 65 14 27 48 28 12 51 30 0
52 0 12 15 17 19 16 4 23 35 30 30
55 7 0 41 32 17 6 1 32 35 29 41
71 31 36 0 27 33 27 19 32 16 5 45
19 16 22 38 0 4 22 21 5 12 10 13
33 39 34 14 8 0 38 36 6 20 10 18
31 19 4 42 33 47 0 6 26 27 20 62
38 5 2 39 32 23 5 0 23 21 39 54
22 16 23 28 6 10 31 29 0 17 38 17
22 22 54 13 11 19 42 24 17 0 16 45
50 26 33 6 19 22 42 41 30 7 0 57
0 23 39 53 21 31 46 42 12 37 30 0