2
10
,
0 (27.0, 35.0) 66.0
1 (21.0, 41.0) 45.0
2 (46.0, 14.0) 42.0
3 (19.0, 14.0) 31.0
4 (22.0, 8.0) 80.0
5 (15.0, 40.0) 43.0
6 (22.0, 39.0) 65.0
7 (14.0, 7.0) 33.0
8 (36.0, 4.0) 41.0
9 (39.0, 14.0) 77.0
,
0 22 23 24 12 12 21 22 8 18 21 0
22 0 4 14 11 14 6 3 15 16 12 22
23 4 0 18 14 17 3 1 17 20 16 23
24 14 18 0 14 12 20 17 16 7 4 24
12 11 14 14 0 3 13 13 4 10 10 12
12 14 17 12 3 0 16 16 4 7 9 12
21 6 3 20 13 16 0 4 17 21 18 21
22 3 1 17 13 16 4 0 16 19 15 22
8 15 17 16 4 4 17 16 0 11 13 8
18 16 20 7 10 7 21 19 11 0 5 18
21 12 16 4 10 9 18 15 13 5 0 21
0 22 23 24 12 12 21 22 8 18 21 0
,
0 23 43 31 35 18 35 28 12 51 48 0
37 0 9 32 21 34 13 8 28 22 33 33
31 12 0 42 27 48 9 3 34 22 26 41
56 15 53 0 35 25 37 25 34 17 8 33
15 17 25 38 0 4 35 13 7 16 11 24
19 37 38 29 3 0 40 25 5 16 24 25
64 14 9 30 17 38 0 6 17 31 49 45
28 8 3 44 13 28 5 0 48 43 16 28
21 42 49 27 5 11 23 39 0 21 27 13
52 31 28 9 17 20 51 30 12 0 14 35
27 34 24 4 11 19 20 16 22 7 0 51
0 32 43 57 15 34 55 44 23 46 45 0