2
10
,
0 (27.0, 35.0) 30.0
1 (21.0, 41.0) 31.0
2 (46.0, 14.0) 80.0
3 (19.0, 14.0) 63.0
4 (22.0, 8.0) 50.0
5 (15.0, 40.0) 49.0
6 (22.0, 39.0) 51.0
7 (14.0, 7.0) 41.0
8 (36.0, 4.0) 50.0
9 (39.0, 14.0) 50.0
,
0 22 23 24 12 12 21 22 8 18 21 0
22 0 4 14 11 14 6 3 15 16 12 22
23 4 0 18 14 17 3 1 17 20 16 23
24 14 18 0 14 12 20 17 16 7 4 24
12 11 14 14 0 3 13 13 4 10 10 12
12 14 17 12 3 0 16 16 4 7 9 12
21 6 3 20 13 16 0 4 17 21 18 21
22 3 1 17 13 16 4 0 16 19 15 22
8 15 17 16 4 4 17 16 0 11 13 8
18 16 20 7 10 7 21 19 11 0 5 18
21 12 16 4 10 9 18 15 13 5 0 21
0 22 23 24 12 12 21 22 8 18 21 0
,
0 66 50 55 33 21 63 38 11 21 27 0
27 0 9 17 25 39 9 6 42 45 18 42
25 11 0 54 22 37 4 1 30 60 28 29
48 39 35 0 23 37 21 33 34 19 4 46
22 14 14 39 0 6 31 34 8 12 13 13
26 37 32 24 5 0 34 33 5 22 18 22
32 19 6 36 33 21 0 8 31 25 25 49
61 8 3 47 29 18 5 0 49 50 43 64
19 39 32 19 10 9 33 45 0 30 23 17
41 32 24 7 22 8 36 35 24 0 10 49
25 24 21 10 26 20 21 40 29 12 0 28
0 53 52 37 32 25 23 28 23 29 53 0