2
10
,
0 (27.0, 35.0) 55.0
1 (21.0, 41.0) 88.0
2 (46.0, 14.0) 56.0
3 (19.0, 14.0) 63.0
4 (22.0, 8.0) 32.0
5 (15.0, 40.0) 75.0
6 (22.0, 39.0) 88.0
7 (14.0, 7.0) 54.0
8 (36.0, 4.0) 63.0
9 (39.0, 14.0) 34.0
,
0 22 23 24 12 12 21 22 8 18 21 0
22 0 4 14 11 14 6 3 15 16 12 22
23 4 0 18 14 17 3 1 17 20 16 23
24 14 18 0 14 12 20 17 16 7 4 24
12 11 14 14 0 3 13 13 4 10 10 12
12 14 17 12 3 0 16 16 4 7 9 12
21 6 3 20 13 16 0 4 17 21 18 21
22 3 1 17 13 16 4 0 16 19 15 22
8 15 17 16 4 4 17 16 0 11 13 8
18 16 20 7 10 7 21 19 11 0 5 18
21 12 16 4 10 9 18 15 13 5 0 21
0 22 23 24 12 12 21 22 8 18 21 0
,
0 57 65 47 20 14 38 25 19 36 47 0
36 0 12 18 26 34 7 6 33 17 31 44
25 11 0 48 16 49 5 2 38 39 44 64
28 31 47 0 24 30 48 39 22 10 4 47
13 19 26 29 0 5 38 32 7 25 27 24
19 41 34 19 10 0 40 34 9 19 24 13
24 18 5 57 26 24 0 11 35 29 24 64
58 7 3 36 26 36 7 0 49 39 31 60
18 19 43 29 5 4 44 23 0 28 19 22
44 19 49 20 14 13 27 20 23 0 15 36
44 35 33 9 20 26 31 15 16 10 0 47
0 28 54 44 35 17 28 66 16 46 52 0