2
10
,
0 (27.0, 35.0) 81.0
1 (21.0, 41.0) 40.0
2 (46.0, 14.0) 59.0
3 (19.0, 14.0) 36.0
4 (22.0, 8.0) 79.0
5 (15.0, 40.0) 60.0
6 (22.0, 39.0) 62.0
7 (14.0, 7.0) 39.0
8 (36.0, 4.0) 41.0
9 (39.0, 14.0) 67.0
,
0 22 23 24 12 12 21 22 8 18 21 0
22 0 4 14 11 14 6 3 15 16 12 22
23 4 0 18 14 17 3 1 17 20 16 23
24 14 18 0 14 12 20 17 16 7 4 24
12 11 14 14 0 3 13 13 4 10 10 12
12 14 17 12 3 0 16 16 4 7 9 12
21 6 3 20 13 16 0 4 17 21 18 21
22 3 1 17 13 16 4 0 16 19 15 22
8 15 17 16 4 4 17 16 0 11 13 8
18 16 20 7 10 7 21 19 11 0 5 18
21 12 16 4 10 9 18 15 13 5 0 21
0 22 23 24 12 12 21 22 8 18 21 0
,
0 65 53 32 29 16 56 24 16 51 35 0
38 0 8 16 27 30 14 7 30 19 33 63
57 8 0 38 28 36 8 1 42 30 34 46
60 19 35 0 15 32 23 40 18 9 6 68
22 29 33 27 0 9 16 30 10 18 29 14
27 29 32 13 5 0 33 27 5 16 11 26
30 13 3 54 31 30 0 5 48 38 47 30
25 4 2 37 20 44 8 0 32 24 33 65
12 27 48 40 10 11 39 48 0 29 17 19
25 24 54 11 28 14 39 28 13 0 7 36
41 19 37 6 15 12 51 21 38 12 0 58
0 41 48 52 31 29 37 36 16 23 27 0