2
10
,
0 (27.0, 35.0) 82.0
1 (21.0, 41.0) 62.0
2 (46.0, 14.0) 41.0
3 (19.0, 14.0) 66.0
4 (22.0, 8.0) 80.0
5 (15.0, 40.0) 76.0
6 (22.0, 39.0) 77.0
7 (14.0, 7.0) 68.0
8 (36.0, 4.0) 78.0
9 (39.0, 14.0) 35.0
,
0 22 23 24 12 12 21 22 8 18 21 0
22 0 4 14 11 14 6 3 15 16 12 22
23 4 0 18 14 17 3 1 17 20 16 23
24 14 18 0 14 12 20 17 16 7 4 24
12 11 14 14 0 3 13 13 4 10 10 12
12 14 17 12 3 0 16 16 4 7 9 12
21 6 3 20 13 16 0 4 17 21 18 21
22 3 1 17 13 16 4 0 16 19 15 22
8 15 17 16 4 4 17 16 0 11 13 8
18 16 20 7 10 7 21 19 11 0 5 18
21 12 16 4 10 9 18 15 13 5 0 21
0 22 23 24 12 12 21 22 8 18 21 0
,
0 35 33 36 16 21 54 57 19 51 36 0
60 0 13 32 15 14 10 7 16 29 31 50
44 7 0 30 37 27 9 2 33 33 32 25
72 19 27 0 38 32 51 37 30 20 9 55
22 15 18 36 0 4 32 31 11 21 20 31
33 19 23 34 8 0 19 36 5 14 13 21
35 17 7 38 24 40 0 4 17 23 41 60
25 6 2 24 18 23 10 0 26 31 26 61
21 24 30 29 7 12 40 43 0 16 21 18
34 35 37 12 11 21 26 20 28 0 15 41
23 26 33 6 13 12 41 34 14 13 0 57
0 58 58 25 18 26 51 37 12 53 42 0