2
10
,
0 (27.0, 35.0) 43.0
1 (21.0, 41.0) 67.0
2 (46.0, 14.0) 42.0
3 (19.0, 14.0) 51.0
4 (22.0, 8.0) 39.0
5 (15.0, 40.0) 58.0
6 (22.0, 39.0) 63.0
7 (14.0, 7.0) 32.0
8 (36.0, 4.0) 59.0
9 (39.0, 14.0) 30.0
,
0 22 23 24 12 12 21 22 8 18 21 0
22 0 4 14 11 14 6 3 15 16 12 22
23 4 0 18 14 17 3 1 17 20 16 23
24 14 18 0 14 12 20 17 16 7 4 24
12 11 14 14 0 3 13 13 4 10 10 12
12 14 17 12 3 0 16 16 4 7 9 12
21 6 3 20 13 16 0 4 17 21 18 21
22 3 1 17 13 16 4 0 16 19 15 22
8 15 17 16 4 4 17 16 0 11 13 8
18 16 20 7 10 7 21 19 11 0 5 18
21 12 16 4 10 9 18 15 13 5 0 21
0 22 23 24 12 12 21 22 8 18 21 0
,
0 52 37 68 18 31 39 52 12 46 56 0
30 0 6 29 17 21 10 9 19 41 34 38
62 5 0 37 40 43 8 2 32 43 34 28
44 35 20 0 38 15 42 24 27 13 4 37
22 21 21 32 0 5 15 16 6 29 27 22
32 32 42 24 10 0 37 24 10 15 10 34
51 7 5 33 17 33 0 9 38 38 38 38
40 7 2 32 35 18 9 0 41 53 24 43
21 23 41 30 5 4 34 34 0 12 20 12
41 37 47 13 18 16 37 37 14 0 14 20
51 35 36 9 12 26 25 18 28 15 0 56
0 29 48 68 28 16 45 31 10 20 43 0