2
10
,
0 (27.0, 35.0) 40.0
1 (21.0, 41.0) 56.0
2 (46.0, 14.0) 56.0
3 (19.0, 14.0) 69.0
4 (22.0, 8.0) 33.0
5 (15.0, 40.0) 57.0
6 (22.0, 39.0) 57.0
7 (14.0, 7.0) 61.0
8 (36.0, 4.0) 50.0
9 (39.0, 14.0) 56.0
,
0 22 23 24 12 12 21 22 8 18 21 0
22 0 4 14 11 14 6 3 15 16 12 22
23 4 0 18 14 17 3 1 17 20 16 23
24 14 18 0 14 12 20 17 16 7 4 24
12 11 14 14 0 3 13 13 4 10 10 12
12 14 17 12 3 0 16 16 4 7 9 12
21 6 3 20 13 16 0 4 17 21 18 21
22 3 1 17 13 16 4 0 16 19 15 22
8 15 17 16 4 4 17 16 0 11 13 8
18 16 20 7 10 7 21 19 11 0 5 18
21 12 16 4 10 9 18 15 13 5 0 21
0 22 23 24 12 12 21 22 8 18 21 0
,
0 33 35 57 23 21 25 67 21 46 48 0
63 0 10 34 17 24 11 9 42 27 26 33
58 9 0 25 29 47 5 3 48 54 42 55
35 38 38 0 29 24 39 18 42 13 10 37
14 13 34 17 0 7 21 37 10 26 12 19
20 27 37 30 9 0 27 18 9 11 20 34
61 18 7 29 38 46 0 10 45 52 28 60
54 5 2 25 31 20 9 0 24 36 34 60
11 21 22 17 7 5 26 37 0 33 21 13
39 27 39 11 21 22 34 29 14 0 9 41
60 29 25 9 17 18 45 29 37 12 0 21
0 63 43 72 24 16 59 44 13 35 27 0