2
10
,
0 (27.0, 35.0) 68.0
1 (21.0, 41.0) 60.0
2 (46.0, 14.0) 34.0
3 (19.0, 14.0) 30.0
4 (22.0, 8.0) 61.0
5 (15.0, 40.0) 47.0
6 (22.0, 39.0) 35.0
7 (14.0, 7.0) 30.0
8 (36.0, 4.0) 33.0
9 (39.0, 14.0) 80.0
,
0 22 23 24 12 12 21 22 8 18 21 0
22 0 4 14 11 14 6 3 15 16 12 22
23 4 0 18 14 17 3 1 17 20 16 23
24 14 18 0 14 12 20 17 16 7 4 24
12 11 14 14 0 3 13 13 4 10 10 12
12 14 17 12 3 0 16 16 4 7 9 12
21 6 3 20 13 16 0 4 17 21 18 21
22 3 1 17 13 16 4 0 16 19 15 22
8 15 17 16 4 4 17 16 0 11 13 8
18 16 20 7 10 7 21 19 11 0 5 18
21 12 16 4 10 9 18 15 13 5 0 21
0 22 23 24 12 12 21 22 8 18 21 0
,
0 27 31 34 33 26 52 48 16 28 43 0
35 0 7 26 15 14 7 9 28 29 30 28
60 10 0 42 27 44 3 3 26 48 42 27
63 30 39 0 18 14 38 21 32 16 6 37
25 17 14 20 0 9 28 36 11 26 17 30
21 19 29 23 4 0 37 45 11 15 26 20
39 7 7 47 30 23 0 6 43 58 23 30
47 5 2 18 31 38 7 0 33 44 41 49
23 40 46 22 5 11 47 33 0 20 22 21
50 22 43 13 16 17 47 25 21 0 11 48
41 32 20 6 12 27 25 16 22 11 0 37
0 40 62 55 19 25 58 35 20 26 40 0