2
10
,
0 (27.0, 35.0) 66.0
1 (21.0, 41.0) 39.0
2 (46.0, 14.0) 34.0
3 (19.0, 14.0) 39.0
4 (22.0, 8.0) 39.0
5 (15.0, 40.0) 41.0
6 (22.0, 39.0) 44.0
7 (14.0, 7.0) 71.0
8 (36.0, 4.0) 61.0
9 (39.0, 14.0) 35.0
,
0 22 23 24 12 12 21 22 8 18 21 0
22 0 4 14 11 14 6 3 15 16 12 22
23 4 0 18 14 17 3 1 17 20 16 23
24 14 18 0 14 12 20 17 16 7 4 24
12 11 14 14 0 3 13 13 4 10 10 12
12 14 17 12 3 0 16 16 4 7 9 12
21 6 3 20 13 16 0 4 17 21 18 21
22 3 1 17 13 16 4 0 16 19 15 22
8 15 17 16 4 4 17 16 0 11 13 8
18 16 20 7 10 7 21 19 11 0 5 18
21 12 16 4 10 9 18 15 13 5 0 21
0 22 23 24 12 12 21 22 8 18 21 0
,
0 23 39 25 33 12 53 41 11 24 32 0
47 0 8 36 15 20 8 8 28 43 31 57
40 8 0 39 21 26 8 2 33 32 26 35
42 34 47 0 31 26 44 19 17 7 6 54
33 26 24 17 0 4 16 34 7 29 11 19
23 37 42 34 7 0 36 21 5 9 26 24
28 8 8 40 15 29 0 8 22 52 52 47
24 4 3 23 16 28 8 0 37 37 33 34
13 27 37 33 8 11 22 17 0 20 19 15
23 44 28 15 29 15 39 44 17 0 14 54
32 21 18 7 11 13 48 28 29 13 0 37
0 39 49 46 17 32 34 38 10 32 37 0