2
10
,
0 (27.0, 35.0) 34.0
1 (21.0, 41.0) 59.0
2 (46.0, 14.0) 77.0
3 (19.0, 14.0) 47.0
4 (22.0, 8.0) 42.0
5 (15.0, 40.0) 71.0
6 (22.0, 39.0) 48.0
7 (14.0, 7.0) 50.0
8 (36.0, 4.0) 88.0
9 (39.0, 14.0) 49.0
,
0 22 23 24 12 12 21 22 8 18 21 0
22 0 4 14 11 14 6 3 15 16 12 22
23 4 0 18 14 17 3 1 17 20 16 23
24 14 18 0 14 12 20 17 16 7 4 24
12 11 14 14 0 3 13 13 4 10 10 12
12 14 17 12 3 0 16 16 4 7 9 12
21 6 3 20 13 16 0 4 17 21 18 21
22 3 1 17 13 16 4 0 16 19 15 22
8 15 17 16 4 4 17 16 0 11 13 8
18 16 20 7 10 7 21 19 11 0 5 18
21 12 16 4 10 9 18 15 13 5 0 21
0 22 23 24 12 12 21 22 8 18 21 0
,
0 35 43 53 21 29 44 36 16 29 36 0
56 0 9 15 13 22 13 8 23 26 27 62
67 9 0 35 23 25 6 2 47 20 48 36
52 31 40 0 32 32 54 47 41 7 10 70
25 15 28 34 0 6 29 32 9 27 21 31
16 39 49 30 8 0 38 20 7 8 24 17
62 9 6 41 35 47 0 7 46 34 35 43
64 3 3 34 28 41 8 0 38 49 29 66
9 45 34 17 11 4 31 43 0 17 19 21
25 20 48 8 22 21 33 40 21 0 15 46
25 19 22 4 18 18 53 43 24 14 0 51
0 66 66 46 26 33 35 43 19 32 60 0