2
10
,
0 (27.0, 35.0) 56.0
1 (21.0, 41.0) 64.0
2 (46.0, 14.0) 59.0
3 (19.0, 14.0) 49.0
4 (22.0, 8.0) 41.0
5 (15.0, 40.0) 44.0
6 (22.0, 39.0) 41.0
7 (14.0, 7.0) 62.0
8 (36.0, 4.0) 56.0
9 (39.0, 14.0) 57.0
,
0 22 23 24 12 12 21 22 8 18 21 0
22 0 4 14 11 14 6 3 15 16 12 22
23 4 0 18 14 17 3 1 17 20 16 23
24 14 18 0 14 12 20 17 16 7 4 24
12 11 14 14 0 3 13 13 4 10 10 12
12 14 17 12 3 0 16 16 4 7 9 12
21 6 3 20 13 16 0 4 17 21 18 21
22 3 1 17 13 16 4 0 16 19 15 22
8 15 17 16 4 4 17 16 0 11 13 8
18 16 20 7 10 7 21 19 11 0 5 18
21 12 16 4 10 9 18 15 13 5 0 21
0 22 23 24 12 12 21 22 8 18 21 0
,
0 54 30 38 21 22 58 23 9 48 41 0
27 0 7 23 14 36 14 6 43 47 25 49
42 9 0 23 23 26 8 2 22 39 37 25
55 36 52 0 33 20 58 18 18 16 8 24
32 18 40 25 0 4 34 34 12 12 26 20
13 32 28 26 8 0 45 32 10 16 22 25
23 16 5 23 32 31 0 5 41 55 41 51
51 8 1 32 35 24 6 0 23 51 30 54
16 17 36 26 8 12 18 30 0 18 33 11
31 18 56 15 11 9 29 53 27 0 15 21
54 31 44 8 18 16 21 40 25 15 0 33
0 32 61 55 29 30 26 60 13 40 59 0