2
10
,
0 (27.0, 35.0) 78.0
1 (21.0, 41.0) 50.0
2 (46.0, 14.0) 69.0
3 (19.0, 14.0) 34.0
4 (22.0, 8.0) 66.0
5 (15.0, 40.0) 57.0
6 (22.0, 39.0) 71.0
7 (14.0, 7.0) 35.0
8 (36.0, 4.0) 39.0
9 (39.0, 14.0) 38.0
,
0 22 23 24 12 12 21 22 8 18 21 0
22 0 4 14 11 14 6 3 15 16 12 22
23 4 0 18 14 17 3 1 17 20 16 23
24 14 18 0 14 12 20 17 16 7 4 24
12 11 14 14 0 3 13 13 4 10 10 12
12 14 17 12 3 0 16 16 4 7 9 12
21 6 3 20 13 16 0 4 17 21 18 21
22 3 1 17 13 16 4 0 16 19 15 22
8 15 17 16 4 4 17 16 0 11 13 8
18 16 20 7 10 7 21 19 11 0 5 18
21 12 16 4 10 9 18 15 13 5 0 21
0 22 23 24 12 12 21 22 8 18 21 0
,
0 66 38 46 30 22 64 58 9 43 43 0
51 0 7 20 16 20 10 7 20 38 25 54
58 12 0 35 19 28 6 2 44 51 24 51
35 36 30 0 40 23 46 50 34 20 10 38
28 33 19 31 0 3 35 22 9 12 21 29
15 41 31 14 8 0 41 21 6 17 17 22
61 7 8 20 20 42 0 11 45 55 38 28
66 6 3 36 25 23 8 0 33 34 23 54
16 18 51 22 9 10 28 21 0 19 33 9
24 19 46 8 19 11 24 27 24 0 15 54
48 31 43 8 16 23 47 30 36 9 0 57
0 25 53 42 28 25 45 47 20 50 40 0