2
10
,
0 (27.0, 35.0) 32.0
1 (21.0, 41.0) 82.0
2 (46.0, 14.0) 46.0
3 (19.0, 14.0) 49.0
4 (22.0, 8.0) 55.0
5 (15.0, 40.0) 31.0
6 (22.0, 39.0) 52.0
7 (14.0, 7.0) 52.0
8 (36.0, 4.0) 38.0
9 (39.0, 14.0) 77.0
,
0 22 23 24 12 12 21 22 8 18 21 0
22 0 4 14 11 14 6 3 15 16 12 22
23 4 0 18 14 17 3 1 17 20 16 23
24 14 18 0 14 12 20 17 16 7 4 24
12 11 14 14 0 3 13 13 4 10 10 12
12 14 17 12 3 0 16 16 4 7 9 12
21 6 3 20 13 16 0 4 17 21 18 21
22 3 1 17 13 16 4 0 16 19 15 22
8 15 17 16 4 4 17 16 0 11 13 8
18 16 20 7 10 7 21 19 11 0 5 18
21 12 16 4 10 9 18 15 13 5 0 21
0 22 23 24 12 12 21 22 8 18 21 0
,
0 63 47 24 16 12 50 56 9 41 32 0
41 0 9 33 21 30 15 6 36 20 35 29
40 11 0 21 35 39 5 2 20 56 27 63
50 41 32 0 38 20 57 39 21 11 7 47
34 17 40 15 0 5 33 20 13 18 29 28
31 20 37 31 6 0 29 33 9 13 18 33
49 10 9 44 38 34 0 7 39 28 27 42
24 4 2 28 36 33 8 0 19 25 22 27
11 17 38 41 5 5 18 18 0 20 23 16
24 25 26 11 23 8 38 32 13 0 7 30
61 29 29 8 27 24 40 26 14 14 0 55
0 55 46 44 32 22 46 58 9 35 24 0