2
10
,
0 (27.0, 35.0) 31.0
1 (21.0, 41.0) 83.0
2 (46.0, 14.0) 88.0
3 (19.0, 14.0) 31.0
4 (22.0, 8.0) 37.0
5 (15.0, 40.0) 73.0
6 (22.0, 39.0) 68.0
7 (14.0, 7.0) 34.0
8 (36.0, 4.0) 61.0
9 (39.0, 14.0) 73.0
,
0 22 23 24 12 12 21 22 8 18 21 0
22 0 4 14 11 14 6 3 15 16 12 22
23 4 0 18 14 17 3 1 17 20 16 23
24 14 18 0 14 12 20 17 16 7 4 24
12 11 14 14 0 3 13 13 4 10 10 12
12 14 17 12 3 0 16 16 4 7 9 12
21 6 3 20 13 16 0 4 17 21 18 21
22 3 1 17 13 16 4 0 16 19 15 22
8 15 17 16 4 4 17 16 0 11 13 8
18 16 20 7 10 7 21 19 11 0 5 18
21 12 16 4 10 9 18 15 13 5 0 21
0 22 23 24 12 12 21 22 8 18 21 0
,
0 45 60 30 20 33 57 26 14 54 42 0
54 0 5 35 20 24 17 8 19 26 30 40
53 12 0 53 26 47 5 1 18 49 17 47
39 15 54 0 25 19 29 26 44 18 7 51
18 27 35 22 0 8 31 38 8 11 27 27
21 21 19 33 10 0 17 27 7 21 23 29
58 16 7 47 25 41 0 8 19 50 21 30
50 8 3 26 27 31 8 0 17 24 24 32
23 17 21 31 9 11 47 29 0 21 25 15
40 42 58 18 15 10 62 26 19 0 14 22
62 23 46 8 13 17 48 35 24 7 0 34
0 38 35 34 25 24 53 40 22 25 29 0