2
10
,
0 (27.0, 35.0) 65.0
1 (21.0, 41.0) 32.0
2 (46.0, 14.0) 71.0
3 (19.0, 14.0) 63.0
4 (22.0, 8.0) 82.0
5 (15.0, 40.0) 44.0
6 (22.0, 39.0) 48.0
7 (14.0, 7.0) 77.0
8 (36.0, 4.0) 37.0
9 (39.0, 14.0) 86.0
,
0 22 23 24 12 12 21 22 8 18 21 0
22 0 4 14 11 14 6 3 15 16 12 22
23 4 0 18 14 17 3 1 17 20 16 23
24 14 18 0 14 12 20 17 16 7 4 24
12 11 14 14 0 3 13 13 4 10 10 12
12 14 17 12 3 0 16 16 4 7 9 12
21 6 3 20 13 16 0 4 17 21 18 21
22 3 1 17 13 16 4 0 16 19 15 22
8 15 17 16 4 4 17 16 0 11 13 8
18 16 20 7 10 7 21 19 11 0 5 18
21 12 16 4 10 9 18 15 13 5 0 21
0 22 23 24 12 12 21 22 8 18 21 0
,
0 47 33 49 18 25 51 30 13 18 40 0
27 0 11 41 32 38 15 7 19 26 17 53
32 5 0 20 23 43 5 3 37 54 21 45
52 23 27 0 29 31 52 35 28 17 6 63
26 28 15 14 0 7 19 28 6 10 26 27
23 33 44 29 5 0 46 42 6 19 13 21
42 12 8 40 17 38 0 5 43 37 48 49
32 8 2 35 23 24 8 0 30 56 18 65
19 32 50 35 7 11 35 22 0 13 21 8
52 29 21 11 23 20 29 37 13 0 8 24
26 14 28 6 12 27 43 43 18 9 0 42
0 55 55 50 21 28 58 28 8 54 44 0