2
10
,
0 (27.0, 35.0) 33.0
1 (21.0, 41.0) 57.0
2 (46.0, 14.0) 44.0
3 (19.0, 14.0) 60.0
4 (22.0, 8.0) 50.0
5 (15.0, 40.0) 56.0
6 (22.0, 39.0) 38.0
7 (14.0, 7.0) 41.0
8 (36.0, 4.0) 47.0
9 (39.0, 14.0) 79.0
,
0 22 23 24 12 12 21 22 8 18 21 0
22 0 4 14 11 14 6 3 15 16 12 22
23 4 0 18 14 17 3 1 17 20 16 23
24 14 18 0 14 12 20 17 16 7 4 24
12 11 14 14 0 3 13 13 4 10 10 12
12 14 17 12 3 0 16 16 4 7 9 12
21 6 3 20 13 16 0 4 17 21 18 21
22 3 1 17 13 16 4 0 16 19 15 22
8 15 17 16 4 4 17 16 0 11 13 8
18 16 20 7 10 7 21 19 11 0 5 18
21 12 16 4 10 9 18 15 13 5 0 21
0 22 23 24 12 12 21 22 8 18 21 0
,
0 34 35 65 18 15 57 40 20 44 50 0
45 0 7 21 29 37 19 4 35 47 31 63
30 11 0 20 21 38 8 2 31 31 43 23
41 18 30 0 36 27 39 38 22 21 8 41
32 15 22 27 0 7 31 18 5 11 27 35
14 28 17 33 8 0 31 22 12 22 23 23
55 11 8 58 34 40 0 4 20 53 34 52
47 6 2 34 36 18 7 0 40 27 44 44
9 31 18 22 7 9 43 46 0 15 22 14
31 30 56 16 28 8 22 45 20 0 9 51
51 17 32 7 20 18 28 19 23 9 0 25
0 28 39 35 18 33 47 39 14 45 30 0