2
10
,
0 (27.0, 35.0) 33.0
1 (21.0, 41.0) 76.0
2 (46.0, 14.0) 59.0
3 (19.0, 14.0) 62.0
4 (22.0, 8.0) 50.0
5 (15.0, 40.0) 78.0
6 (22.0, 39.0) 71.0
7 (14.0, 7.0) 89.0
8 (36.0, 4.0) 33.0
9 (39.0, 14.0) 33.0
,
0 22 23 24 12 12 21 22 8 18 21 0
22 0 4 14 11 14 6 3 15 16 12 22
23 4 0 18 14 17 3 1 17 20 16 23
24 14 18 0 14 12 20 17 16 7 4 24
12 11 14 14 0 3 13 13 4 10 10 12
12 14 17 12 3 0 16 16 4 7 9 12
21 6 3 20 13 16 0 4 17 21 18 21
22 3 1 17 13 16 4 0 16 19 15 22
8 15 17 16 4 4 17 16 0 11 13 8
18 16 20 7 10 7 21 19 11 0 5 18
21 12 16 4 10 9 18 15 13 5 0 21
0 22 23 24 12 12 21 22 8 18 21 0
,
0 44 45 44 16 13 48 39 18 24 45 0
33 0 12 33 22 32 19 9 44 34 33 54
46 10 0 48 33 34 6 2 22 32 21 60
72 31 53 0 23 25 35 28 40 19 7 25
16 12 33 37 0 7 23 16 9 21 28 19
26 24 41 33 7 0 43 45 6 19 11 35
50 13 5 22 36 24 0 7 20 28 32 24
25 7 1 33 18 40 5 0 46 21 35 52
13 34 21 30 5 8 43 20 0 23 17 10
45 45 41 17 17 19 37 42 32 0 5 50
32 15 40 7 24 14 19 34 15 7 0 44
0 33 61 65 12 32 62 23 12 37 28 0