2
10
,
0 (27.0, 35.0) 42.0
1 (21.0, 41.0) 61.0
2 (46.0, 14.0) 62.0
3 (19.0, 14.0) 72.0
4 (22.0, 8.0) 72.0
5 (15.0, 40.0) 68.0
6 (22.0, 39.0) 74.0
7 (14.0, 7.0) 42.0
8 (36.0, 4.0) 47.0
9 (39.0, 14.0) 30.0
,
0 22 23 24 12 12 21 22 8 18 21 0
22 0 4 14 11 14 6 3 15 16 12 22
23 4 0 18 14 17 3 1 17 20 16 23
24 14 18 0 14 12 20 17 16 7 4 24
12 11 14 14 0 3 13 13 4 10 10 12
12 14 17 12 3 0 16 16 4 7 9 12
21 6 3 20 13 16 0 4 17 21 18 21
22 3 1 17 13 16 4 0 16 19 15 22
8 15 17 16 4 4 17 16 0 11 13 8
18 16 20 7 10 7 21 19 11 0 5 18
21 12 16 4 10 9 18 15 13 5 0 21
0 22 23 24 12 12 21 22 8 18 21 0
,
0 52 49 27 31 15 29 29 23 35 50 0
45 0 6 20 17 35 13 6 28 33 14 42
64 6 0 42 15 37 8 1 21 34 38 42
67 38 50 0 18 34 46 23 44 10 7 47
23 19 38 21 0 4 20 17 10 13 26 15
28 33 34 32 7 0 44 18 6 15 11 30
58 13 7 26 31 49 0 6 18 45 19 55
25 4 2 23 31 24 9 0 28 42 38 36
11 46 23 46 5 8 23 36 0 26 23 16
49 31 54 20 23 20 40 21 28 0 10 27
48 15 31 5 27 16 33 32 25 9 0 22
0 57 50 26 27 16 37 57 12 46 35 0