2
10
,
0 (27.0, 35.0) 80.0
1 (21.0, 41.0) 46.0
2 (46.0, 14.0) 34.0
3 (19.0, 14.0) 55.0
4 (22.0, 8.0) 47.0
5 (15.0, 40.0) 31.0
6 (22.0, 39.0) 41.0
7 (14.0, 7.0) 44.0
8 (36.0, 4.0) 56.0
9 (39.0, 14.0) 48.0
,
0 22 23 24 12 12 21 22 8 18 21 0
22 0 4 14 11 14 6 3 15 16 12 22
23 4 0 18 14 17 3 1 17 20 16 23
24 14 18 0 14 12 20 17 16 7 4 24
12 11 14 14 0 3 13 13 4 10 10 12
12 14 17 12 3 0 16 16 4 7 9 12
21 6 3 20 13 16 0 4 17 21 18 21
22 3 1 17 13 16 4 0 16 19 15 22
8 15 17 16 4 4 17 16 0 11 13 8
18 16 20 7 10 7 21 19 11 0 5 18
21 12 16 4 10 9 18 15 13 5 0 21
0 22 23 24 12 12 21 22 8 18 21 0
,
0 48 47 33 24 15 33 62 19 47 61 0
30 0 5 41 13 38 8 8 26 30 13 26
36 7 0 22 18 22 7 1 27 38 21 51
59 18 41 0 31 14 34 24 38 8 9 25
34 17 19 21 0 7 14 17 11 15 29 25
16 27 18 35 10 0 32 31 4 10 9 28
61 13 9 50 20 44 0 7 45 54 20 36
23 9 3 46 23 16 8 0 40 56 28 59
9 30 26 46 6 9 30 24 0 25 33 14
46 48 31 20 17 18 55 22 18 0 13 21
33 21 21 4 29 26 32 18 25 10 0 41
0 26 43 40 20 23 51 41 9 28 44 0