2
10
,
0 (27.0, 35.0) 74.0
1 (21.0, 41.0) 79.0
2 (46.0, 14.0) 58.0
3 (19.0, 14.0) 38.0
4 (22.0, 8.0) 40.0
5 (15.0, 40.0) 85.0
6 (22.0, 39.0) 31.0
7 (14.0, 7.0) 46.0
8 (36.0, 4.0) 55.0
9 (39.0, 14.0) 78.0
,
0 22 23 24 12 12 21 22 8 18 21 0
22 0 4 14 11 14 6 3 15 16 12 22
23 4 0 18 14 17 3 1 17 20 16 23
24 14 18 0 14 12 20 17 16 7 4 24
12 11 14 14 0 3 13 13 4 10 10 12
12 14 17 12 3 0 16 16 4 7 9 12
21 6 3 20 13 16 0 4 17 21 18 21
22 3 1 17 13 16 4 0 16 19 15 22
8 15 17 16 4 4 17 16 0 11 13 8
18 16 20 7 10 7 21 19 11 0 5 18
21 12 16 4 10 9 18 15 13 5 0 21
0 22 23 24 12 12 21 22 8 18 21 0
,
0 61 41 61 20 22 42 27 20 34 43 0
50 0 12 39 14 36 12 4 19 48 20 41
68 12 0 54 26 27 5 2 25 26 32 59
27 22 48 0 39 17 58 43 38 20 5 64
15 19 32 18 0 8 14 16 12 17 25 26
12 22 21 34 8 0 44 43 10 20 20 30
60 13 8 45 23 26 0 6 35 54 41 62
28 5 2 34 34 36 4 0 42 50 39 48
12 32 22 40 10 6 42 35 0 23 13 17
51 41 46 9 13 9 42 30 33 0 14 49
23 34 23 5 12 13 21 35 20 7 0 50
0 60 28 54 23 17 42 61 20 43 42 0