2
10
,
0 (27.0, 35.0) 36.0
1 (21.0, 41.0) 45.0
2 (46.0, 14.0) 71.0
3 (19.0, 14.0) 53.0
4 (22.0, 8.0) 56.0
5 (15.0, 40.0) 75.0
6 (22.0, 39.0) 33.0
7 (14.0, 7.0) 78.0
8 (36.0, 4.0) 89.0
9 (39.0, 14.0) 48.0
,
0 22 23 24 12 12 21 22 8 18 21 0
22 0 4 14 11 14 6 3 15 16 12 22
23 4 0 18 14 17 3 1 17 20 16 23
24 14 18 0 14 12 20 17 16 7 4 24
12 11 14 14 0 3 13 13 4 10 10 12
12 14 17 12 3 0 16 16 4 7 9 12
21 6 3 20 13 16 0 4 17 21 18 21
22 3 1 17 13 16 4 0 16 19 15 22
8 15 17 16 4 4 17 16 0 11 13 8
18 16 20 7 10 7 21 19 11 0 5 18
21 12 16 4 10 9 18 15 13 5 0 21
0 22 23 24 12 12 21 22 8 18 21 0
,
0 50 34 67 32 20 60 48 14 47 33 0
54 0 5 37 20 25 13 4 41 29 17 62
53 13 0 31 26 43 7 1 22 37 45 59
65 42 43 0 37 35 29 52 26 18 5 63
28 18 21 31 0 9 19 14 8 19 11 20
22 33 20 27 10 0 22 40 6 13 19 14
26 14 7 27 37 20 0 9 23 46 22 54
46 4 3 21 23 34 4 0 46 49 38 62
20 46 27 24 10 7 29 18 0 33 29 19
36 40 57 12 16 17 38 25 18 0 15 27
41 19 35 10 28 17 41 41 21 7 0 58
0 63 41 27 22 34 37 56 12 50 47 0