2
10
,
0 (27.0, 35.0) 55.0
1 (21.0, 41.0) 41.0
2 (46.0, 14.0) 78.0
3 (19.0, 14.0) 37.0
4 (22.0, 8.0) 31.0
5 (15.0, 40.0) 87.0
6 (22.0, 39.0) 51.0
7 (14.0, 7.0) 64.0
8 (36.0, 4.0) 58.0
9 (39.0, 14.0) 31.0
,
0 22 23 24 12 12 21 22 8 18 21 0
22 0 4 14 11 14 6 3 15 16 12 22
23 4 0 18 14 17 3 1 17 20 16 23
24 14 18 0 14 12 20 17 16 7 4 24
12 11 14 14 0 3 13 13 4 10 10 12
12 14 17 12 3 0 16 16 4 7 9 12
21 6 3 20 13 16 0 4 17 21 18 21
22 3 1 17 13 16 4 0 16 19 15 22
8 15 17 16 4 4 17 16 0 11 13 8
18 16 20 7 10 7 21 19 11 0 5 18
21 12 16 4 10 9 18 15 13 5 0 21
0 22 23 24 12 12 21 22 8 18 21 0
,
0 54 48 66 28 19 62 65 22 33 29 0
53 0 11 25 22 20 15 9 31 17 17 45
41 7 0 48 14 22 9 2 21 23 18 45
56 18 48 0 35 23 37 21 20 12 9 39
31 20 30 28 0 6 18 34 9 20 29 18
30 23 43 23 6 0 21 21 11 20 16 15
43 18 9 58 15 41 0 7 21 50 49 29
55 9 1 22 27 40 5 0 23 32 17 50
10 33 42 25 7 8 48 29 0 32 21 8
36 44 27 12 23 9 59 37 32 0 8 27
53 19 33 4 26 19 50 23 37 6 0 28
0 48 65 68 35 29 46 48 22 40 46 0