2
10
,
0 (27.0, 35.0) 79.0
1 (21.0, 41.0) 88.0
2 (46.0, 14.0) 37.0
3 (19.0, 14.0) 47.0
4 (22.0, 8.0) 82.0
5 (15.0, 40.0) 32.0
6 (22.0, 39.0) 49.0
7 (14.0, 7.0) 65.0
8 (36.0, 4.0) 54.0
9 (39.0, 14.0) 35.0
,
0 22 23 24 12 12 21 22 8 18 21 0
22 0 4 14 11 14 6 3 15 16 12 22
23 4 0 18 14 17 3 1 17 20 16 23
24 14 18 0 14 12 20 17 16 7 4 24
12 11 14 14 0 3 13 13 4 10 10 12
12 14 17 12 3 0 16 16 4 7 9 12
21 6 3 20 13 16 0 4 17 21 18 21
22 3 1 17 13 16 4 0 16 19 15 22
8 15 17 16 4 4 17 16 0 11 13 8
18 16 20 7 10 7 21 19 11 0 5 18
21 12 16 4 10 9 18 15 13 5 0 21
0 22 23 24 12 12 21 22 8 18 21 0
,
0 27 68 62 23 30 56 65 16 27 22 0
47 0 11 22 24 20 9 9 35 48 23 64
69 6 0 32 23 28 4 2 27 55 43 57
52 26 51 0 22 16 21 22 41 14 5 70
21 23 20 20 0 10 17 17 5 12 23 28
33 23 23 20 5 0 35 30 4 8 26 24
40 15 7 31 28 32 0 4 49 35 38 34
62 4 2 23 35 18 10 0 47 29 35 60
17 32 25 28 6 6 20 47 0 30 27 21
32 29 55 14 29 16 29 22 16 0 13 30
36 19 23 4 24 24 34 31 29 9 0 56
0 59 40 63 16 13 30 57 16 21 60 0