2
10
,
0 (27.0, 35.0) 48.0
1 (21.0, 41.0) 69.0
2 (46.0, 14.0) 38.0
3 (19.0, 14.0) 51.0
4 (22.0, 8.0) 55.0
5 (15.0, 40.0) 46.0
6 (22.0, 39.0) 38.0
7 (14.0, 7.0) 39.0
8 (36.0, 4.0) 88.0
9 (39.0, 14.0) 64.0
,
0 22 23 24 12 12 21 22 8 18 21 0
22 0 4 14 11 14 6 3 15 16 12 22
23 4 0 18 14 17 3 1 17 20 16 23
24 14 18 0 14 12 20 17 16 7 4 24
12 11 14 14 0 3 13 13 4 10 10 12
12 14 17 12 3 0 16 16 4 7 9 12
21 6 3 20 13 16 0 4 17 21 18 21
22 3 1 17 13 16 4 0 16 19 15 22
8 15 17 16 4 4 17 16 0 11 13 8
18 16 20 7 10 7 21 19 11 0 5 18
21 12 16 4 10 9 18 15 13 5 0 21
0 22 23 24 12 12 21 22 8 18 21 0
,
0 44 62 66 23 15 56 29 22 30 44 0
37 0 6 25 12 38 13 9 43 28 18 61
67 11 0 30 36 37 7 3 48 49 17 33
71 35 33 0 16 21 56 39 48 16 4 51
15 23 21 15 0 8 20 20 5 24 18 33
16 14 38 14 9 0 42 29 12 10 11 12
40 12 4 31 23 17 0 5 41 44 46 24
23 7 2 34 19 43 10 0 33 38 43 24
18 18 19 18 6 7 41 36 0 20 34 11
47 22 35 17 19 15 39 53 24 0 13 52
37 14 48 9 21 26 39 43 21 11 0 54
0 59 66 33 32 32 40 62 19 50 60 0