2
10
,
0 (27.0, 35.0) 50.0
1 (21.0, 41.0) 37.0
2 (46.0, 14.0) 73.0
3 (19.0, 14.0) 83.0
4 (22.0, 8.0) 63.0
5 (15.0, 40.0) 59.0
6 (22.0, 39.0) 55.0
7 (14.0, 7.0) 37.0
8 (36.0, 4.0) 61.0
9 (39.0, 14.0) 53.0
,
0 22 23 24 12 12 21 22 8 18 21 0
22 0 4 14 11 14 6 3 15 16 12 22
23 4 0 18 14 17 3 1 17 20 16 23
24 14 18 0 14 12 20 17 16 7 4 24
12 11 14 14 0 3 13 13 4 10 10 12
12 14 17 12 3 0 16 16 4 7 9 12
21 6 3 20 13 16 0 4 17 21 18 21
22 3 1 17 13 16 4 0 16 19 15 22
8 15 17 16 4 4 17 16 0 11 13 8
18 16 20 7 10 7 21 19 11 0 5 18
21 12 16 4 10 9 18 15 13 5 0 21
0 22 23 24 12 12 21 22 8 18 21 0
,
0 64 33 50 19 19 44 23 21 54 39 0
61 0 4 39 28 33 8 10 44 35 22 55
62 5 0 31 30 25 4 1 21 46 44 61
33 24 42 0 38 24 54 37 45 14 8 36
25 31 35 26 0 8 13 27 5 22 26 13
19 20 28 25 3 0 28 21 5 8 21 16
53 9 8 57 24 28 0 9 36 25 23 23
41 7 2 41 29 38 8 0 33 38 18 38
16 39 37 24 8 12 33 23 0 23 39 15
25 18 38 17 17 11 22 23 28 0 9 34
26 24 44 7 23 24 20 44 25 5 0 41
0 30 38 31 13 17 63 61 10 47 23 0