2
10
,
0 (27.0, 35.0) 30.0
1 (21.0, 41.0) 56.0
2 (46.0, 14.0) 85.0
3 (19.0, 14.0) 59.0
4 (22.0, 8.0) 89.0
5 (15.0, 40.0) 44.0
6 (22.0, 39.0) 64.0
7 (14.0, 7.0) 55.0
8 (36.0, 4.0) 43.0
9 (39.0, 14.0) 81.0
,
0 22 23 24 12 12 21 22 8 18 21 0
22 0 4 14 11 14 6 3 15 16 12 22
23 4 0 18 14 17 3 1 17 20 16 23
24 14 18 0 14 12 20 17 16 7 4 24
12 11 14 14 0 3 13 13 4 10 10 12
12 14 17 12 3 0 16 16 4 7 9 12
21 6 3 20 13 16 0 4 17 21 18 21
22 3 1 17 13 16 4 0 16 19 15 22
8 15 17 16 4 4 17 16 0 11 13 8
18 16 20 7 10 7 21 19 11 0 5 18
21 12 16 4 10 9 18 15 13 5 0 21
0 22 23 24 12 12 21 22 8 18 21 0
,
0 34 61 65 13 23 34 59 10 26 50 0
22 0 8 23 26 33 13 8 27 45 13 46
67 12 0 21 31 48 7 2 23 49 44 26
56 17 19 0 28 14 57 18 19 17 6 35
33 25 14 21 0 5 27 26 12 13 18 35
20 25 46 26 8 0 27 29 8 18 17 31
52 11 7 50 32 28 0 6 26 29 50 38
47 8 1 32 13 22 10 0 46 39 26 63
15 46 33 31 9 5 17 42 0 20 18 20
44 47 47 8 27 16 60 22 18 0 16 18
37 34 27 7 15 18 33 20 29 8 0 30
0 51 29 26 32 31 37 47 12 41 27 0