2
10
,
0 (27.0, 35.0) 49.0
1 (21.0, 41.0) 55.0
2 (46.0, 14.0) 61.0
3 (19.0, 14.0) 58.0
4 (22.0, 8.0) 38.0
5 (15.0, 40.0) 31.0
6 (22.0, 39.0) 34.0
7 (14.0, 7.0) 83.0
8 (36.0, 4.0) 35.0
9 (39.0, 14.0) 50.0
,
0 22 23 24 12 12 21 22 8 18 21 0
22 0 4 14 11 14 6 3 15 16 12 22
23 4 0 18 14 17 3 1 17 20 16 23
24 14 18 0 14 12 20 17 16 7 4 24
12 11 14 14 0 3 13 13 4 10 10 12
12 14 17 12 3 0 16 16 4 7 9 12
21 6 3 20 13 16 0 4 17 21 18 21
22 3 1 17 13 16 4 0 16 19 15 22
8 15 17 16 4 4 17 16 0 11 13 8
18 16 20 7 10 7 21 19 11 0 5 18
21 12 16 4 10 9 18 15 13 5 0 21
0 22 23 24 12 12 21 22 8 18 21 0
,
0 47 57 62 32 12 64 32 12 48 35 0
34 0 5 27 12 23 10 8 17 27 20 39
65 7 0 53 39 23 7 3 22 50 38 52
35 34 35 0 21 23 37 24 44 19 10 49
13 31 39 22 0 5 21 17 10 29 15 13
33 35 21 33 4 0 47 18 8 16 18 15
56 18 6 26 18 22 0 6 23 30 32 35
54 8 2 34 37 25 5 0 30 32 41 33
11 18 39 27 6 7 28 44 0 33 33 23
26 46 28 19 14 13 59 20 24 0 15 47
38 17 47 9 27 13 22 39 24 7 0 59
0 36 25 45 16 14 35 33 19 38 24 0