2
10
,
0 (27.0, 35.0) 45.0
1 (21.0, 41.0) 80.0
2 (46.0, 14.0) 38.0
3 (19.0, 14.0) 37.0
4 (22.0, 8.0) 34.0
5 (15.0, 40.0) 40.0
6 (22.0, 39.0) 30.0
7 (14.0, 7.0) 33.0
8 (36.0, 4.0) 45.0
9 (39.0, 14.0) 68.0
,
0 22 23 24 12 12 21 22 8 18 21 0
22 0 4 14 11 14 6 3 15 16 12 22
23 4 0 18 14 17 3 1 17 20 16 23
24 14 18 0 14 12 20 17 16 7 4 24
12 11 14 14 0 3 13 13 4 10 10 12
12 14 17 12 3 0 16 16 4 7 9 12
21 6 3 20 13 16 0 4 17 21 18 21
22 3 1 17 13 16 4 0 16 19 15 22
8 15 17 16 4 4 17 16 0 11 13 8
18 16 20 7 10 7 21 19 11 0 5 18
21 12 16 4 10 9 18 15 13 5 0 21
0 22 23 24 12 12 21 22 8 18 21 0
,
0 54 66 67 35 13 28 40 13 20 34 0
28 0 12 14 16 15 18 4 33 27 19 36
55 4 0 26 23 20 4 1 37 41 30 28
27 35 26 0 40 20 38 23 42 10 6 62
17 18 27 32 0 8 31 24 7 19 11 30
33 25 28 23 6 0 23 36 7 14 26 29
32 12 8 45 23 48 0 10 43 36 49 54
43 8 2 21 37 33 9 0 49 37 35 28
10 25 36 26 7 6 36 28 0 18 30 22
26 46 32 18 25 18 41 56 30 0 9 53
29 26 31 7 13 13 18 35 33 9 0 35
0 36 47 71 30 30 22 27 10 39 32 0