2
10
,
0 (27.0, 35.0) 39.0
1 (21.0, 41.0) 35.0
2 (46.0, 14.0) 77.0
3 (19.0, 14.0) 50.0
4 (22.0, 8.0) 40.0
5 (15.0, 40.0) 32.0
6 (22.0, 39.0) 59.0
7 (14.0, 7.0) 89.0
8 (36.0, 4.0) 80.0
9 (39.0, 14.0) 70.0
,
0 22 23 24 12 12 21 22 8 18 21 0
22 0 4 14 11 14 6 3 15 16 12 22
23 4 0 18 14 17 3 1 17 20 16 23
24 14 18 0 14 12 20 17 16 7 4 24
12 11 14 14 0 3 13 13 4 10 10 12
12 14 17 12 3 0 16 16 4 7 9 12
21 6 3 20 13 16 0 4 17 21 18 21
22 3 1 17 13 16 4 0 16 19 15 22
8 15 17 16 4 4 17 16 0 11 13 8
18 16 20 7 10 7 21 19 11 0 5 18
21 12 16 4 10 9 18 15 13 5 0 21
0 22 23 24 12 12 21 22 8 18 21 0
,
0 31 52 49 27 34 59 55 15 46 57 0
24 0 6 31 33 28 19 5 30 40 27 63
49 12 0 39 33 27 7 3 38 53 23 68
55 33 20 0 33 15 41 49 38 12 6 29
19 14 31 20 0 4 16 15 7 15 14 24
21 36 33 25 3 0 47 42 6 12 16 32
54 14 4 54 39 20 0 5 41 26 40 27
30 8 2 31 21 26 4 0 23 53 20 32
11 31 45 36 9 5 42 35 0 25 20 13
30 19 26 16 23 13 22 48 31 0 14 54
37 19 43 7 29 18 43 44 19 15 0 42
0 26 56 46 33 22 22 58 22 53 56 0