2
10
,
0 (27.0, 35.0) 87.0
1 (21.0, 41.0) 74.0
2 (46.0, 14.0) 48.0
3 (19.0, 14.0) 72.0
4 (22.0, 8.0) 58.0
5 (15.0, 40.0) 63.0
6 (22.0, 39.0) 42.0
7 (14.0, 7.0) 56.0
8 (36.0, 4.0) 71.0
9 (39.0, 14.0) 85.0
,
0 22 23 24 12 12 21 22 8 18 21 0
22 0 4 14 11 14 6 3 15 16 12 22
23 4 0 18 14 17 3 1 17 20 16 23
24 14 18 0 14 12 20 17 16 7 4 24
12 11 14 14 0 3 13 13 4 10 10 12
12 14 17 12 3 0 16 16 4 7 9 12
21 6 3 20 13 16 0 4 17 21 18 21
22 3 1 17 13 16 4 0 16 19 15 22
8 15 17 16 4 4 17 16 0 11 13 8
18 16 20 7 10 7 21 19 11 0 5 18
21 12 16 4 10 9 18 15 13 5 0 21
0 22 23 24 12 12 21 22 8 18 21 0
,
0 46 48 38 28 29 60 49 20 20 23 0
34 0 8 25 16 15 18 5 29 20 30 53
54 6 0 41 17 26 8 1 24 46 48 46
46 24 26 0 30 20 29 32 24 17 4 32
15 23 23 28 0 6 39 27 8 24 18 32
13 24 36 22 4 0 23 19 10 18 23 21
43 13 3 58 36 34 0 9 42 22 36 23
46 4 3 33 30 25 6 0 18 25 39 31
10 32 51 33 11 9 26 45 0 28 37 20
51 27 37 19 24 8 33 26 13 0 7 50
35 30 43 8 22 16 20 33 23 13 0 29
0 30 32 61 30 25 52 33 8 41 43 0