2
10
,
0 (28.0, 40.0) 60.0
1 (24.0, 36.0) 37.0
2 (12.0, 31.0) 46.0
3 (50.0, 41.0) 43.0
4 (5.0, 3.0) 31.0
5 (48.0, 14.0) 31.0
6 (18.0, 34.0) 48.0
7 (6.0, 1.0) 39.0
8 (8.0, 16.0) 33.0
9 (37.0, 33.0) 60.0
,
0 24 22 17 32 3 25 19 3 9 25 0
24 0 3 9 11 22 16 6 22 16 6 24
22 3 0 6 13 19 16 3 20 13 7 22
17 9 6 0 20 14 20 3 15 8 13 17
32 11 13 20 0 29 14 16 30 24 8 32
3 22 19 14 29 0 22 17 1 7 22 3
25 16 16 20 14 22 0 18 22 20 11 25
19 6 3 3 16 17 18 0 18 10 10 19
3 22 20 15 30 1 22 18 0 8 22 3
9 16 13 8 24 7 20 10 8 0 17 9
25 6 7 13 8 22 11 10 22 17 0 25
0 24 22 17 32 3 25 19 3 9 25 0
,
0 52 27 47 60 7 41 37 4 26 72 0
39 0 5 18 20 45 45 8 46 37 15 32
40 5 0 9 25 30 32 4 56 27 7 28
28 14 7 0 39 36 49 8 19 12 16 33
71 20 17 20 0 37 14 29 72 30 10 46
5 58 56 36 69 0 55 23 2 18 30 8
52 21 21 34 15 34 0 26 44 28 12 35
28 13 4 6 40 38 26 0 46 13 16 45
4 39 23 30 81 2 32 25 0 13 59 6
25 33 20 14 36 17 54 16 13 0 49 12
39 9 9 37 9 64 22 28 41 43 0 64
0 55 60 32 78 3 63 35 4 26 65 0