2
10
,
0 (28.0, 40.0) 58.0
1 (24.0, 36.0) 36.0
2 (12.0, 31.0) 86.0
3 (50.0, 41.0) 62.0
4 (5.0, 3.0) 50.0
5 (48.0, 14.0) 42.0
6 (18.0, 34.0) 79.0
7 (6.0, 1.0) 30.0
8 (8.0, 16.0) 76.0
9 (37.0, 33.0) 33.0
,
0 24 22 17 32 3 25 19 3 9 25 0
24 0 3 9 11 22 16 6 22 16 6 24
22 3 0 6 13 19 16 3 20 13 7 22
17 9 6 0 20 14 20 3 15 8 13 17
32 11 13 20 0 29 14 16 30 24 8 32
3 22 19 14 29 0 22 17 1 7 22 3
25 16 16 20 14 22 0 18 22 20 11 25
19 6 3 3 16 17 18 0 18 10 10 19
3 22 20 15 30 1 22 18 0 8 22 3
9 16 13 8 24 7 20 10 8 0 17 9
25 6 7 13 8 22 11 10 22 17 0 25
0 24 22 17 32 3 25 19 3 9 25 0
,
0 28 62 44 89 6 69 45 3 14 41 0
47 0 7 14 12 62 17 11 30 35 15 45
50 4 0 14 26 29 19 5 52 18 15 24
31 15 12 0 54 41 50 6 28 16 18 23
87 12 17 45 0 87 27 18 71 36 13 83
4 27 21 43 75 0 26 25 3 16 65 9
36 33 28 28 16 37 0 20 43 38 28 67
31 16 4 8 36 49 31 0 32 25 12 44
4 35 57 28 80 2 59 20 0 12 24 5
25 18 20 14 48 12 43 27 22 0 23 24
66 10 9 35 20 31 28 21 35 34 0 43
0 71 53 38 73 7 45 36 7 14 39 0