2
10
,
0 (28.0, 40.0) 79.0
1 (24.0, 36.0) 36.0
2 (12.0, 31.0) 62.0
3 (50.0, 41.0) 31.0
4 (5.0, 3.0) 40.0
5 (48.0, 14.0) 76.0
6 (18.0, 34.0) 53.0
7 (6.0, 1.0) 84.0
8 (8.0, 16.0) 40.0
9 (37.0, 33.0) 57.0
,
0 24 22 17 32 3 25 19 3 9 25 0
24 0 3 9 11 22 16 6 22 16 6 24
22 3 0 6 13 19 16 3 20 13 7 22
17 9 6 0 20 14 20 3 15 8 13 17
32 11 13 20 0 29 14 16 30 24 8 32
3 22 19 14 29 0 22 17 1 7 22 3
25 16 16 20 14 22 0 18 22 20 11 25
19 6 3 3 16 17 18 0 18 10 10 19
3 22 20 15 30 1 22 18 0 8 22 3
9 16 13 8 24 7 20 10 8 0 17 9
25 6 7 13 8 22 11 10 22 17 0 25
0 24 22 17 32 3 25 19 3 9 25 0
,
0 71 29 41 38 6 56 21 7 21 47 0
66 0 7 10 31 22 41 7 36 37 17 29
57 4 0 12 35 30 28 5 20 14 19 58
36 23 10 0 27 31 20 5 25 9 26 19
40 25 28 33 0 48 27 23 40 25 17 50
4 38 40 37 64 0 62 23 3 11 41 4
39 25 39 42 25 44 0 21 24 32 28 56
50 13 4 4 31 23 22 0 51 14 18 33
8 45 49 27 37 2 30 40 0 8 62 3
26 23 17 14 49 14 23 22 16 0 19 24
40 10 17 17 16 32 32 19 59 23 0 70
0 39 37 41 75 4 74 57 7 19 41 0