2
10
,
0 (28.0, 40.0) 52.0
1 (24.0, 36.0) 41.0
2 (12.0, 31.0) 54.0
3 (50.0, 41.0) 55.0
4 (5.0, 3.0) 62.0
5 (48.0, 14.0) 49.0
6 (18.0, 34.0) 76.0
7 (6.0, 1.0) 77.0
8 (8.0, 16.0) 57.0
9 (37.0, 33.0) 56.0
,
0 24 22 17 32 3 25 19 3 9 25 0
24 0 3 9 11 22 16 6 22 16 6 24
22 3 0 6 13 19 16 3 20 13 7 22
17 9 6 0 20 14 20 3 15 8 13 17
32 11 13 20 0 29 14 16 30 24 8 32
3 22 19 14 29 0 22 17 1 7 22 3
25 16 16 20 14 22 0 18 22 20 11 25
19 6 3 3 16 17 18 0 18 10 10 19
3 22 20 15 30 1 22 18 0 8 22 3
9 16 13 8 24 7 20 10 8 0 17 9
25 6 7 13 8 22 11 10 22 17 0 25
0 24 22 17 32 3 25 19 3 9 25 0
,
0 58 32 26 40 5 54 24 6 22 59 0
71 0 4 25 27 48 48 13 61 21 11 45
44 4 0 16 29 23 28 7 58 25 8 48
22 14 17 0 45 33 30 8 35 10 21 39
85 20 15 52 0 71 17 41 71 40 8 53
6 53 37 19 51 0 41 38 2 14 25 7
52 36 27 46 26 57 0 42 50 50 15 26
57 17 4 9 24 35 31 0 19 17 18 41
8 40 31 40 51 2 32 48 0 12 48 7
10 33 16 22 47 20 38 16 9 0 47 26
33 17 8 26 12 37 15 17 50 18 0 44
0 56 60 24 54 4 35 56 6 16 34 0