2
10
,
0 (28.0, 40.0) 56.0
1 (24.0, 36.0) 43.0
2 (12.0, 31.0) 41.0
3 (50.0, 41.0) 62.0
4 (5.0, 3.0) 84.0
5 (48.0, 14.0) 63.0
6 (18.0, 34.0) 45.0
7 (6.0, 1.0) 86.0
8 (8.0, 16.0) 44.0
9 (37.0, 33.0) 72.0
,
0 24 22 17 32 3 25 19 3 9 25 0
24 0 3 9 11 22 16 6 22 16 6 24
22 3 0 6 13 19 16 3 20 13 7 22
17 9 6 0 20 14 20 3 15 8 13 17
32 11 13 20 0 29 14 16 30 24 8 32
3 22 19 14 29 0 22 17 1 7 22 3
25 16 16 20 14 22 0 18 22 20 11 25
19 6 3 3 16 17 18 0 18 10 10 19
3 22 20 15 30 1 22 18 0 8 22 3
9 16 13 8 24 7 20 10 8 0 17 9
25 6 7 13 8 22 11 10 22 17 0 25
0 24 22 17 32 3 25 19 3 9 25 0
,
0 72 59 35 80 7 35 39 6 16 63 0
54 0 5 10 23 44 22 8 61 18 8 41
59 4 0 9 34 21 28 8 34 28 16 38
44 18 12 0 41 23 21 4 40 14 29 27
49 25 19 46 0 39 27 33 39 58 13 73
6 24 57 19 38 0 38 24 2 19 23 5
64 48 45 51 15 50 0 33 62 52 21 67
47 17 4 7 43 19 38 0 34 16 25 31
6 26 49 28 58 3 38 19 0 11 49 7
17 27 19 13 70 11 33 12 11 0 22 9
40 13 19 31 18 38 24 16 63 47 0 72
0 41 63 50 64 8 72 32 6 11 72 0