2
10
,
0 (28.0, 40.0) 33.0
1 (24.0, 36.0) 62.0
2 (12.0, 31.0) 75.0
3 (50.0, 41.0) 57.0
4 (5.0, 3.0) 66.0
5 (48.0, 14.0) 46.0
6 (18.0, 34.0) 49.0
7 (6.0, 1.0) 56.0
8 (8.0, 16.0) 34.0
9 (37.0, 33.0) 32.0
,
0 24 22 17 32 3 25 19 3 9 25 0
24 0 3 9 11 22 16 6 22 16 6 24
22 3 0 6 13 19 16 3 20 13 7 22
17 9 6 0 20 14 20 3 15 8 13 17
32 11 13 20 0 29 14 16 30 24 8 32
3 22 19 14 29 0 22 17 1 7 22 3
25 16 16 20 14 22 0 18 22 20 11 25
19 6 3 3 16 17 18 0 18 10 10 19
3 22 20 15 30 1 22 18 0 8 22 3
9 16 13 8 24 7 20 10 8 0 17 9
25 6 7 13 8 22 11 10 22 17 0 25
0 24 22 17 32 3 25 19 3 9 25 0
,
0 33 63 44 81 5 73 20 9 10 64 0
33 0 8 9 28 45 17 14 26 20 7 25
36 6 0 12 35 38 49 8 53 17 18 58
22 9 14 0 58 33 24 7 19 15 27 18
63 17 27 57 0 71 34 48 72 61 19 77
3 60 41 30 87 0 30 27 2 10 48 8
66 20 17 48 35 28 0 28 47 29 12 36
50 16 6 6 30 34 29 0 35 14 24 57
7 45 32 16 35 2 27 19 0 14 24 4
20 23 25 23 69 18 52 25 11 0 33 25
63 9 9 29 8 23 30 24 60 33 0 70
0 49 52 48 66 4 72 23 5 21 41 0