2
10
,
0 (28.0, 40.0) 45.0
1 (24.0, 36.0) 74.0
2 (12.0, 31.0) 58.0
3 (50.0, 41.0) 43.0
4 (5.0, 3.0) 34.0
5 (48.0, 14.0) 89.0
6 (18.0, 34.0) 35.0
7 (6.0, 1.0) 37.0
8 (8.0, 16.0) 38.0
9 (37.0, 33.0) 70.0
,
0 24 22 17 32 3 25 19 3 9 25 0
24 0 3 9 11 22 16 6 22 16 6 24
22 3 0 6 13 19 16 3 20 13 7 22
17 9 6 0 20 14 20 3 15 8 13 17
32 11 13 20 0 29 14 16 30 24 8 32
3 22 19 14 29 0 22 17 1 7 22 3
25 16 16 20 14 22 0 18 22 20 11 25
19 6 3 3 16 17 18 0 18 10 10 19
3 22 20 15 30 1 22 18 0 8 22 3
9 16 13 8 24 7 20 10 8 0 17 9
25 6 7 13 8 22 11 10 22 17 0 25
0 24 22 17 32 3 25 19 3 9 25 0
,
0 43 56 37 82 5 35 22 7 25 57 0
32 0 3 22 18 55 44 14 33 41 12 56
26 6 0 17 18 22 40 4 58 17 13 58
33 22 10 0 33 25 24 7 27 9 28 18
82 17 16 27 0 85 15 46 38 55 23 66
5 56 39 20 48 0 67 25 2 16 46 5
42 49 46 39 27 56 0 26 47 33 13 53
41 11 6 8 47 37 21 0 39 15 18 46
4 63 48 30 85 2 32 21 0 23 31 6
25 43 20 14 31 18 26 22 12 0 44 11
73 12 19 28 14 52 14 22 59 41 0 37
0 37 30 21 90 8 72 23 8 21 38 0