2
10
,
0 (28.0, 40.0) 42.0
1 (24.0, 36.0) 53.0
2 (12.0, 31.0) 74.0
3 (50.0, 41.0) 51.0
4 (5.0, 3.0) 46.0
5 (48.0, 14.0) 82.0
6 (18.0, 34.0) 80.0
7 (6.0, 1.0) 56.0
8 (8.0, 16.0) 35.0
9 (37.0, 33.0) 67.0
,
0 24 22 17 32 3 25 19 3 9 25 0
24 0 3 9 11 22 16 6 22 16 6 24
22 3 0 6 13 19 16 3 20 13 7 22
17 9 6 0 20 14 20 3 15 8 13 17
32 11 13 20 0 29 14 16 30 24 8 32
3 22 19 14 29 0 22 17 1 7 22 3
25 16 16 20 14 22 0 18 22 20 11 25
19 6 3 3 16 17 18 0 18 10 10 19
3 22 20 15 30 1 22 18 0 8 22 3
9 16 13 8 24 7 20 10 8 0 17 9
25 6 7 13 8 22 11 10 22 17 0 25
0 24 22 17 32 3 25 19 3 9 25 0
,
0 71 27 36 88 7 53 48 4 19 37 0
39 0 8 24 27 49 42 7 61 40 11 27
31 4 0 12 18 26 30 8 52 13 17 44
29 20 17 0 49 37 52 5 22 11 23 21
81 12 27 35 0 50 14 38 50 71 18 70
4 48 38 41 55 0 44 31 2 14 36 7
46 40 44 45 23 49 0 40 24 52 16 38
19 13 7 5 47 24 20 0 27 22 28 36
4 28 46 25 42 2 31 44 0 22 44 4
19 40 33 18 34 12 28 11 15 0 42 20
58 13 15 36 10 27 30 15 41 38 0 57
0 58 42 46 78 4 55 26 4 10 28 0