2
10
,
0 (28.0, 40.0) 79.0
1 (24.0, 36.0) 42.0
2 (12.0, 31.0) 49.0
3 (50.0, 41.0) 46.0
4 (5.0, 3.0) 63.0
5 (48.0, 14.0) 71.0
6 (18.0, 34.0) 52.0
7 (6.0, 1.0) 53.0
8 (8.0, 16.0) 54.0
9 (37.0, 33.0) 56.0
,
0 24 22 17 32 3 25 19 3 9 25 0
24 0 3 9 11 22 16 6 22 16 6 24
22 3 0 6 13 19 16 3 20 13 7 22
17 9 6 0 20 14 20 3 15 8 13 17
32 11 13 20 0 29 14 16 30 24 8 32
3 22 19 14 29 0 22 17 1 7 22 3
25 16 16 20 14 22 0 18 22 20 11 25
19 6 3 3 16 17 18 0 18 10 10 19
3 22 20 15 30 1 22 18 0 8 22 3
9 16 13 8 24 7 20 10 8 0 17 9
25 6 7 13 8 22 11 10 22 17 0 25
0 24 22 17 32 3 25 19 3 9 25 0
,
0 45 44 43 96 8 29 56 4 24 72 0
57 0 7 14 32 34 45 12 27 40 8 51
25 4 0 13 14 50 29 5 23 14 16 47
41 23 17 0 32 41 54 9 27 21 25 30
53 19 32 59 0 63 16 20 64 65 15 71
5 30 45 32 85 0 55 27 1 14 57 6
66 37 23 27 17 45 0 21 60 21 33 48
37 7 4 4 34 42 41 0 46 19 20 35
5 54 39 44 60 1 47 19 0 19 58 4
16 28 19 15 36 11 30 16 10 0 50 11
30 8 14 34 19 23 30 25 31 20 0 69
0 42 60 19 42 5 47 30 6 17 36 0