2
10
,
0 (28.0, 40.0) 34.0
1 (24.0, 36.0) 90.0
2 (12.0, 31.0) 39.0
3 (50.0, 41.0) 57.0
4 (5.0, 3.0) 61.0
5 (48.0, 14.0) 57.0
6 (18.0, 34.0) 32.0
7 (6.0, 1.0) 35.0
8 (8.0, 16.0) 72.0
9 (37.0, 33.0) 60.0
,
0 24 22 17 32 3 25 19 3 9 25 0
24 0 3 9 11 22 16 6 22 16 6 24
22 3 0 6 13 19 16 3 20 13 7 22
17 9 6 0 20 14 20 3 15 8 13 17
32 11 13 20 0 29 14 16 30 24 8 32
3 22 19 14 29 0 22 17 1 7 22 3
25 16 16 20 14 22 0 18 22 20 11 25
19 6 3 3 16 17 18 0 18 10 10 19
3 22 20 15 30 1 22 18 0 8 22 3
9 16 13 8 24 7 20 10 8 0 17 9
25 6 7 13 8 22 11 10 22 17 0 25
0 24 22 17 32 3 25 19 3 9 25 0
,
0 63 54 19 80 4 27 21 8 22 61 0
33 0 5 14 18 34 41 15 46 45 8 40
32 4 0 7 20 33 31 9 59 22 14 32
45 21 9 0 46 28 33 4 23 23 28 33
56 27 24 54 0 64 28 43 53 53 22 96
4 22 31 25 64 0 63 20 2 20 54 3
33 39 38 58 40 31 0 21 44 54 13 40
34 11 3 9 34 50 54 0 23 29 13 30
8 40 27 16 48 3 49 35 0 19 65 8
25 39 19 16 45 12 36 24 14 0 46 12
26 13 8 15 12 40 25 26 61 32 0 44
0 64 47 39 66 5 56 41 4 13 51 0