2
10
,
0 (28.0, 40.0) 34.0
1 (24.0, 36.0) 43.0
2 (12.0, 31.0) 41.0
3 (50.0, 41.0) 71.0
4 (5.0, 3.0) 56.0
5 (48.0, 14.0) 47.0
6 (18.0, 34.0) 42.0
7 (6.0, 1.0) 33.0
8 (8.0, 16.0) 33.0
9 (37.0, 33.0) 59.0
,
0 24 22 17 32 3 25 19 3 9 25 0
24 0 3 9 11 22 16 6 22 16 6 24
22 3 0 6 13 19 16 3 20 13 7 22
17 9 6 0 20 14 20 3 15 8 13 17
32 11 13 20 0 29 14 16 30 24 8 32
3 22 19 14 29 0 22 17 1 7 22 3
25 16 16 20 14 22 0 18 22 20 11 25
19 6 3 3 16 17 18 0 18 10 10 19
3 22 20 15 30 1 22 18 0 8 22 3
9 16 13 8 24 7 20 10 8 0 17 9
25 6 7 13 8 22 11 10 22 17 0 25
0 24 22 17 32 3 25 19 3 9 25 0
,
0 53 52 43 86 6 36 36 3 13 61 0
73 0 6 12 23 50 34 11 28 26 11 60
22 7 0 19 37 56 27 7 39 22 13 54
49 15 17 0 41 39 24 7 18 19 27 45
62 24 19 35 0 40 27 21 41 47 22 55
4 24 47 39 71 0 53 29 2 12 59 3
53 39 28 32 16 35 0 40 39 56 20 64
29 12 6 6 32 37 41 0 42 13 24 38
7 63 44 23 55 1 39 38 0 19 26 4
19 45 25 22 27 12 45 25 16 0 24 13
51 11 9 32 21 51 21 21 23 29 0 26
0 55 30 38 53 3 68 39 6 16 39 0