2
10
,
0 (28.0, 40.0) 40.0
1 (24.0, 36.0) 75.0
2 (12.0, 31.0) 41.0
3 (50.0, 41.0) 36.0
4 (5.0, 3.0) 57.0
5 (48.0, 14.0) 73.0
6 (18.0, 34.0) 44.0
7 (6.0, 1.0) 42.0
8 (8.0, 16.0) 53.0
9 (37.0, 33.0) 31.0
,
0 24 22 17 32 3 25 19 3 9 25 0
24 0 3 9 11 22 16 6 22 16 6 24
22 3 0 6 13 19 16 3 20 13 7 22
17 9 6 0 20 14 20 3 15 8 13 17
32 11 13 20 0 29 14 16 30 24 8 32
3 22 19 14 29 0 22 17 1 7 22 3
25 16 16 20 14 22 0 18 22 20 11 25
19 6 3 3 16 17 18 0 18 10 10 19
3 22 20 15 30 1 22 18 0 8 22 3
9 16 13 8 24 7 20 10 8 0 17 9
25 6 7 13 8 22 11 10 22 17 0 25
0 24 22 17 32 3 25 19 3 9 25 0
,
0 55 50 43 53 6 34 35 8 20 37 0
57 0 6 23 32 64 30 13 67 19 11 62
31 5 0 19 33 34 45 7 43 35 11 61
48 14 11 0 54 34 41 6 39 8 14 23
46 11 28 44 0 46 29 25 89 28 9 94
6 51 25 21 39 0 32 17 3 19 65 7
51 22 27 33 35 39 0 53 42 55 17 31
56 15 6 4 31 23 45 0 51 26 17 37
9 25 43 17 86 3 39 22 0 15 53 4
17 25 30 20 51 16 51 20 9 0 32 12
57 8 8 19 15 53 26 28 59 35 0 31
0 68 41 20 73 5 31 48 5 16 32 0