2
10
,
0 (28.0, 40.0) 62.0
1 (24.0, 36.0) 39.0
2 (12.0, 31.0) 42.0
3 (50.0, 41.0) 42.0
4 (5.0, 3.0) 87.0
5 (48.0, 14.0) 67.0
6 (18.0, 34.0) 62.0
7 (6.0, 1.0) 33.0
8 (8.0, 16.0) 38.0
9 (37.0, 33.0) 31.0
,
0 24 22 17 32 3 25 19 3 9 25 0
24 0 3 9 11 22 16 6 22 16 6 24
22 3 0 6 13 19 16 3 20 13 7 22
17 9 6 0 20 14 20 3 15 8 13 17
32 11 13 20 0 29 14 16 30 24 8 32
3 22 19 14 29 0 22 17 1 7 22 3
25 16 16 20 14 22 0 18 22 20 11 25
19 6 3 3 16 17 18 0 18 10 10 19
3 22 20 15 30 1 22 18 0 8 22 3
9 16 13 8 24 7 20 10 8 0 17 9
25 6 7 13 8 22 11 10 22 17 0 25
0 24 22 17 32 3 25 19 3 9 25 0
,
0 72 64 28 96 4 34 30 9 11 55 0
50 0 6 24 28 23 41 16 65 24 12 50
54 5 0 11 17 57 20 9 45 22 11 31
28 20 9 0 51 18 41 5 27 19 29 30
94 15 29 51 0 63 17 47 88 35 19 74
5 49 45 21 82 0 66 25 3 12 30 8
34 47 22 37 26 60 0 44 41 26 28 61
21 14 7 4 47 43 37 0 21 25 22 33
8 64 45 18 66 1 39 44 0 15 54 6
16 39 16 23 56 17 56 15 14 0 25 26
36 10 17 36 20 35 26 22 43 42 0 73
0 29 45 32 47 5 70 42 8 14 50 0