2
10
,
0 (28.0, 40.0) 50.0
1 (24.0, 36.0) 49.0
2 (12.0, 31.0) 83.0
3 (50.0, 41.0) 84.0
4 (5.0, 3.0) 35.0
5 (48.0, 14.0) 39.0
6 (18.0, 34.0) 85.0
7 (6.0, 1.0) 36.0
8 (8.0, 16.0) 68.0
9 (37.0, 33.0) 56.0
,
0 24 22 17 32 3 25 19 3 9 25 0
24 0 3 9 11 22 16 6 22 16 6 24
22 3 0 6 13 19 16 3 20 13 7 22
17 9 6 0 20 14 20 3 15 8 13 17
32 11 13 20 0 29 14 16 30 24 8 32
3 22 19 14 29 0 22 17 1 7 22 3
25 16 16 20 14 22 0 18 22 20 11 25
19 6 3 3 16 17 18 0 18 10 10 19
3 22 20 15 30 1 22 18 0 8 22 3
9 16 13 8 24 7 20 10 8 0 17 9
25 6 7 13 8 22 11 10 22 17 0 25
0 24 22 17 32 3 25 19 3 9 25 0
,
0 51 46 41 78 7 45 35 6 21 71 0
71 0 7 21 31 25 17 11 45 33 12 32
25 5 0 8 38 19 35 5 25 14 16 57
49 25 12 0 34 41 40 5 38 9 14 25
71 30 37 45 0 81 14 35 60 37 21 90
5 64 51 24 52 0 30 47 2 13 40 7
27 30 25 45 35 43 0 27 46 53 32 70
57 8 6 5 39 46 29 0 50 12 14 39
6 54 43 23 30 2 27 47 0 13 25 7
24 20 27 15 41 12 39 13 15 0 18 15
30 16 19 31 11 37 20 10 47 37 0 38
0 42 25 48 76 7 29 47 4 22 27 0