2
10
,
0 (28.0, 40.0) 55.0
1 (24.0, 36.0) 40.0
2 (12.0, 31.0) 39.0
3 (50.0, 41.0) 39.0
4 (5.0, 3.0) 73.0
5 (48.0, 14.0) 44.0
6 (18.0, 34.0) 81.0
7 (6.0, 1.0) 32.0
8 (8.0, 16.0) 61.0
9 (37.0, 33.0) 42.0
,
0 24 22 17 32 3 25 19 3 9 25 0
24 0 3 9 11 22 16 6 22 16 6 24
22 3 0 6 13 19 16 3 20 13 7 22
17 9 6 0 20 14 20 3 15 8 13 17
32 11 13 20 0 29 14 16 30 24 8 32
3 22 19 14 29 0 22 17 1 7 22 3
25 16 16 20 14 22 0 18 22 20 11 25
19 6 3 3 16 17 18 0 18 10 10 19
3 22 20 15 30 1 22 18 0 8 22 3
9 16 13 8 24 7 20 10 8 0 17 9
25 6 7 13 8 22 11 10 22 17 0 25
0 24 22 17 32 3 25 19 3 9 25 0
,
0 27 33 35 43 9 55 27 7 26 25 0
47 0 3 23 17 25 33 10 32 37 13 50
38 8 0 19 36 40 42 8 28 22 12 65
33 17 11 0 37 15 30 8 30 14 29 26
76 31 18 55 0 51 38 33 83 37 9 59
4 50 55 25 44 0 29 49 3 15 31 5
74 47 23 45 37 47 0 35 29 27 24 71
47 17 9 8 35 31 50 0 27 25 11 45
7 58 33 44 43 1 29 42 0 11 34 7
11 21 20 21 41 14 32 17 18 0 41 14
26 17 7 17 10 48 26 12 23 35 0 44
0 47 55 18 76 7 70 35 6 17 54 0