2
10
,
0 (28.0, 40.0) 60.0
1 (24.0, 36.0) 61.0
2 (12.0, 31.0) 33.0
3 (50.0, 41.0) 83.0
4 (5.0, 3.0) 59.0
5 (48.0, 14.0) 44.0
6 (18.0, 34.0) 49.0
7 (6.0, 1.0) 57.0
8 (8.0, 16.0) 63.0
9 (37.0, 33.0) 52.0
,
0 24 22 17 32 3 25 19 3 9 25 0
24 0 3 9 11 22 16 6 22 16 6 24
22 3 0 6 13 19 16 3 20 13 7 22
17 9 6 0 20 14 20 3 15 8 13 17
32 11 13 20 0 29 14 16 30 24 8 32
3 22 19 14 29 0 22 17 1 7 22 3
25 16 16 20 14 22 0 18 22 20 11 25
19 6 3 3 16 17 18 0 18 10 10 19
3 22 20 15 30 1 22 18 0 8 22 3
9 16 13 8 24 7 20 10 8 0 17 9
25 6 7 13 8 22 11 10 22 17 0 25
0 24 22 17 32 3 25 19 3 9 25 0
,
0 40 52 28 47 3 40 42 3 23 74 0
54 0 3 11 20 44 33 16 39 18 11 40
58 5 0 18 27 37 39 4 50 33 15 57
49 14 19 0 39 39 54 7 36 17 20 18
37 17 34 42 0 52 29 49 38 30 20 70
4 39 55 33 80 0 40 44 2 9 40 8
29 39 23 31 39 40 0 52 64 29 31 41
22 7 6 5 40 26 31 0 28 12 21 27
4 32 31 24 54 1 61 26 0 20 34 9
9 20 25 10 45 20 22 23 10 0 34 19
33 16 20 33 12 62 28 12 49 44 0 43
0 27 24 35 37 3 69 29 9 24 51 0