2
10
,
0 (28.0, 40.0) 31.0
1 (24.0, 36.0) 60.0
2 (12.0, 31.0) 32.0
3 (50.0, 41.0) 52.0
4 (5.0, 3.0) 42.0
5 (48.0, 14.0) 79.0
6 (18.0, 34.0) 90.0
7 (6.0, 1.0) 39.0
8 (8.0, 16.0) 40.0
9 (37.0, 33.0) 66.0
,
0 24 22 17 32 3 25 19 3 9 25 0
24 0 3 9 11 22 16 6 22 16 6 24
22 3 0 6 13 19 16 3 20 13 7 22
17 9 6 0 20 14 20 3 15 8 13 17
32 11 13 20 0 29 14 16 30 24 8 32
3 22 19 14 29 0 22 17 1 7 22 3
25 16 16 20 14 22 0 18 22 20 11 25
19 6 3 3 16 17 18 0 18 10 10 19
3 22 20 15 30 1 22 18 0 8 22 3
9 16 13 8 24 7 20 10 8 0 17 9
25 6 7 13 8 22 11 10 22 17 0 25
0 24 22 17 32 3 25 19 3 9 25 0
,
0 43 54 29 42 6 68 49 8 26 64 0
43 0 8 18 22 56 26 17 55 27 10 57
52 7 0 11 33 36 25 8 57 19 17 61
46 10 12 0 37 19 34 7 26 9 29 36
97 13 36 39 0 68 33 47 68 45 11 82
8 62 39 42 67 0 37 34 3 18 28 8
36 27 45 29 29 36 0 52 42 44 19 30
55 15 8 5 34 28 50 0 36 12 14 28
8 43 40 34 41 1 28 30 0 18 26 6
11 45 16 11 36 15 52 30 18 0 37 17
40 14 14 23 18 44 27 28 56 24 0 65
0 42 65 24 79 7 44 27 5 11 34 0