2
10
,
0 (28.0, 40.0) 77.0
1 (24.0, 36.0) 72.0
2 (12.0, 31.0) 50.0
3 (50.0, 41.0) 50.0
4 (5.0, 3.0) 57.0
5 (48.0, 14.0) 43.0
6 (18.0, 34.0) 55.0
7 (6.0, 1.0) 79.0
8 (8.0, 16.0) 43.0
9 (37.0, 33.0) 52.0
,
0 24 22 17 32 3 25 19 3 9 25 0
24 0 3 9 11 22 16 6 22 16 6 24
22 3 0 6 13 19 16 3 20 13 7 22
17 9 6 0 20 14 20 3 15 8 13 17
32 11 13 20 0 29 14 16 30 24 8 32
3 22 19 14 29 0 22 17 1 7 22 3
25 16 16 20 14 22 0 18 22 20 11 25
19 6 3 3 16 17 18 0 18 10 10 19
3 22 20 15 30 1 22 18 0 8 22 3
9 16 13 8 24 7 20 10 8 0 17 9
25 6 7 13 8 22 11 10 22 17 0 25
0 24 22 17 32 3 25 19 3 9 25 0
,
0 62 54 37 78 5 71 33 4 17 57 0
72 0 8 24 25 25 19 10 49 30 17 66
53 3 0 8 31 49 38 3 21 13 9 23
23 14 7 0 43 30 57 8 23 10 18 32
56 16 23 37 0 68 30 46 66 55 17 79
6 23 41 26 80 0 30 47 3 20 41 3
29 18 38 34 20 48 0 41 47 39 23 59
27 12 8 8 19 39 46 0 39 24 11 36
6 48 39 45 84 1 36 43 0 11 64 7
17 45 26 10 58 10 49 25 14 0 46 22
52 12 16 36 21 33 14 25 57 28 0 48
0 43 40 32 42 8 39 51 8 24 33 0