2
10
,
0 (28.0, 40.0) 74.0
1 (24.0, 36.0) 76.0
2 (12.0, 31.0) 40.0
3 (50.0, 41.0) 56.0
4 (5.0, 3.0) 32.0
5 (48.0, 14.0) 80.0
6 (18.0, 34.0) 61.0
7 (6.0, 1.0) 84.0
8 (8.0, 16.0) 52.0
9 (37.0, 33.0) 70.0
,
0 24 22 17 32 3 25 19 3 9 25 0
24 0 3 9 11 22 16 6 22 16 6 24
22 3 0 6 13 19 16 3 20 13 7 22
17 9 6 0 20 14 20 3 15 8 13 17
32 11 13 20 0 29 14 16 30 24 8 32
3 22 19 14 29 0 22 17 1 7 22 3
25 16 16 20 14 22 0 18 22 20 11 25
19 6 3 3 16 17 18 0 18 10 10 19
3 22 20 15 30 1 22 18 0 8 22 3
9 16 13 8 24 7 20 10 8 0 17 9
25 6 7 13 8 22 11 10 22 17 0 25
0 24 22 17 32 3 25 19 3 9 25 0
,
0 66 43 46 61 6 64 34 4 10 64 0
32 0 6 20 14 56 21 11 26 24 8 33
37 4 0 13 18 46 25 8 29 25 10 36
43 21 12 0 37 20 51 7 26 14 15 46
74 26 31 52 0 88 34 34 71 55 10 36
5 24 35 23 43 0 53 23 2 9 49 5
58 26 45 58 29 32 0 44 52 33 17 30
46 11 4 7 25 39 35 0 53 21 11 55
6 39 47 38 44 3 43 44 0 19 54 7
25 16 28 15 53 16 26 11 11 0 21 23
45 6 11 37 21 30 23 17 37 24 0 44
0 73 26 18 83 6 53 39 5 22 71 0