2
10
,
0 (28.0, 40.0) 56.0
1 (24.0, 36.0) 42.0
2 (12.0, 31.0) 78.0
3 (50.0, 41.0) 33.0
4 (5.0, 3.0) 33.0
5 (48.0, 14.0) 79.0
6 (18.0, 34.0) 39.0
7 (6.0, 1.0) 32.0
8 (8.0, 16.0) 37.0
9 (37.0, 33.0) 52.0
,
0 24 22 17 32 3 25 19 3 9 25 0
24 0 3 9 11 22 16 6 22 16 6 24
22 3 0 6 13 19 16 3 20 13 7 22
17 9 6 0 20 14 20 3 15 8 13 17
32 11 13 20 0 29 14 16 30 24 8 32
3 22 19 14 29 0 22 17 1 7 22 3
25 16 16 20 14 22 0 18 22 20 11 25
19 6 3 3 16 17 18 0 18 10 10 19
3 22 20 15 30 1 22 18 0 8 22 3
9 16 13 8 24 7 20 10 8 0 17 9
25 6 7 13 8 22 11 10 22 17 0 25
0 24 22 17 32 3 25 19 3 9 25 0
,
0 39 56 18 58 6 33 54 4 14 37 0
63 0 5 10 25 42 23 11 62 17 16 71
57 3 0 7 15 35 21 4 27 24 10 52
30 11 9 0 23 22 51 4 41 19 21 43
61 20 22 41 0 41 39 43 30 31 20 61
5 45 56 28 59 0 44 30 3 14 39 9
72 31 40 59 33 53 0 30 61 56 13 54
48 16 9 9 49 39 21 0 22 28 12 34
8 35 56 16 42 3 50 52 0 19 59 4
13 23 19 8 73 9 46 20 17 0 31 24
45 13 13 23 19 44 17 28 55 50 0 45
0 62 63 35 59 7 70 21 3 26 55 0