2
10
,
0 (28.0, 40.0) 74.0
1 (24.0, 36.0) 61.0
2 (12.0, 31.0) 62.0
3 (50.0, 41.0) 59.0
4 (5.0, 3.0) 38.0
5 (48.0, 14.0) 44.0
6 (18.0, 34.0) 45.0
7 (6.0, 1.0) 85.0
8 (8.0, 16.0) 81.0
9 (37.0, 33.0) 70.0
,
0 24 22 17 32 3 25 19 3 9 25 0
24 0 3 9 11 22 16 6 22 16 6 24
22 3 0 6 13 19 16 3 20 13 7 22
17 9 6 0 20 14 20 3 15 8 13 17
32 11 13 20 0 29 14 16 30 24 8 32
3 22 19 14 29 0 22 17 1 7 22 3
25 16 16 20 14 22 0 18 22 20 11 25
19 6 3 3 16 17 18 0 18 10 10 19
3 22 20 15 30 1 22 18 0 8 22 3
9 16 13 8 24 7 20 10 8 0 17 9
25 6 7 13 8 22 11 10 22 17 0 25
0 24 22 17 32 3 25 19 3 9 25 0
,
0 63 55 40 50 7 29 21 9 25 69 0
66 0 4 22 11 59 27 12 46 42 8 34
42 3 0 18 16 41 24 5 56 34 19 26
44 18 18 0 31 25 60 6 25 20 15 41
88 28 20 48 0 69 40 40 65 28 18 94
9 32 49 20 87 0 50 19 3 17 60 7
65 49 38 41 30 58 0 20 25 52 19 35
28 9 7 7 41 43 31 0 20 22 25 42
8 57 57 25 56 2 36 29 0 21 28 7
19 35 25 12 30 17 47 24 8 0 49 17
54 15 11 15 11 44 31 26 63 38 0 37
0 25 39 23 49 8 37 38 9 22 49 0