2
10
,
0 (28.0, 40.0) 52.0
1 (24.0, 36.0) 72.0
2 (12.0, 31.0) 42.0
3 (50.0, 41.0) 57.0
4 (5.0, 3.0) 38.0
5 (48.0, 14.0) 53.0
6 (18.0, 34.0) 85.0
7 (6.0, 1.0) 83.0
8 (8.0, 16.0) 60.0
9 (37.0, 33.0) 90.0
,
0 24 22 17 32 3 25 19 3 9 25 0
24 0 3 9 11 22 16 6 22 16 6 24
22 3 0 6 13 19 16 3 20 13 7 22
17 9 6 0 20 14 20 3 15 8 13 17
32 11 13 20 0 29 14 16 30 24 8 32
3 22 19 14 29 0 22 17 1 7 22 3
25 16 16 20 14 22 0 18 22 20 11 25
19 6 3 3 16 17 18 0 18 10 10 19
3 22 20 15 30 1 22 18 0 8 22 3
9 16 13 8 24 7 20 10 8 0 17 9
25 6 7 13 8 22 11 10 22 17 0 25
0 24 22 17 32 3 25 19 3 9 25 0
,
0 64 34 38 83 8 74 50 7 21 32 0
61 0 4 9 12 40 40 15 38 20 8 70
27 3 0 13 34 54 33 8 34 22 11 35
22 18 15 0 32 29 22 8 30 22 25 37
66 24 17 42 0 54 38 32 44 66 12 41
4 30 35 30 51 0 31 22 2 14 30 5
38 37 33 27 28 26 0 31 42 23 15 44
30 10 4 10 24 21 36 0 44 25 23 53
6 53 44 30 64 2 27 42 0 21 24 5
23 37 36 10 40 7 35 30 13 0 50 23
37 12 16 34 15 44 26 28 43 41 0 36
0 27 27 31 46 6 27 20 7 20 42 0