2
10
,
0 (28.0, 40.0) 43.0
1 (24.0, 36.0) 78.0
2 (12.0, 31.0) 73.0
3 (50.0, 41.0) 44.0
4 (5.0, 3.0) 58.0
5 (48.0, 14.0) 68.0
6 (18.0, 34.0) 51.0
7 (6.0, 1.0) 37.0
8 (8.0, 16.0) 54.0
9 (37.0, 33.0) 78.0
,
0 24 22 17 32 3 25 19 3 9 25 0
24 0 3 9 11 22 16 6 22 16 6 24
22 3 0 6 13 19 16 3 20 13 7 22
17 9 6 0 20 14 20 3 15 8 13 17
32 11 13 20 0 29 14 16 30 24 8 32
3 22 19 14 29 0 22 17 1 7 22 3
25 16 16 20 14 22 0 18 22 20 11 25
19 6 3 3 16 17 18 0 18 10 10 19
3 22 20 15 30 1 22 18 0 8 22 3
9 16 13 8 24 7 20 10 8 0 17 9
25 6 7 13 8 22 11 10 22 17 0 25
0 24 22 17 32 3 25 19 3 9 25 0
,
0 26 52 45 67 9 75 22 8 15 55 0
29 0 6 15 12 59 46 8 38 16 13 67
44 5 0 9 32 37 28 4 56 13 12 29
44 17 19 0 21 29 23 6 32 18 36 28
80 22 13 59 0 42 31 33 64 40 8 63
5 52 34 42 59 0 56 27 2 9 49 3
72 28 21 59 22 30 0 21 56 36 18 73
51 16 5 10 25 20 47 0 38 16 28 47
8 60 38 42 47 2 46 45 0 15 63 5
16 39 21 23 34 10 57 31 15 0 50 24
29 11 11 26 21 59 28 28 46 20 0 67
0 45 23 22 64 4 57 47 7 9 52 0