2
10
,
0 (28.0, 40.0) 70.0
1 (24.0, 36.0) 78.0
2 (12.0, 31.0) 84.0
3 (50.0, 41.0) 43.0
4 (5.0, 3.0) 49.0
5 (48.0, 14.0) 44.0
6 (18.0, 34.0) 67.0
7 (6.0, 1.0) 34.0
8 (8.0, 16.0) 71.0
9 (37.0, 33.0) 75.0
,
0 24 22 17 32 3 25 19 3 9 25 0
24 0 3 9 11 22 16 6 22 16 6 24
22 3 0 6 13 19 16 3 20 13 7 22
17 9 6 0 20 14 20 3 15 8 13 17
32 11 13 20 0 29 14 16 30 24 8 32
3 22 19 14 29 0 22 17 1 7 22 3
25 16 16 20 14 22 0 18 22 20 11 25
19 6 3 3 16 17 18 0 18 10 10 19
3 22 20 15 30 1 22 18 0 8 22 3
9 16 13 8 24 7 20 10 8 0 17 9
25 6 7 13 8 22 11 10 22 17 0 25
0 24 22 17 32 3 25 19 3 9 25 0
,
0 66 59 49 56 7 70 31 8 9 64 0
67 0 6 23 33 45 40 14 66 37 9 32
37 7 0 12 16 28 38 4 40 16 12 41
21 19 16 0 42 41 40 5 43 22 20 18
83 29 31 50 0 49 30 45 71 67 20 67
6 33 38 41 32 0 49 26 3 13 23 4
58 41 45 31 31 42 0 22 54 41 19 30
36 15 8 8 23 17 50 0 33 23 12 45
3 29 59 23 78 2 60 51 0 11 44 6
18 27 30 11 37 11 25 27 18 0 22 18
50 11 20 37 13 28 33 13 26 17 0 39
0 40 64 39 72 4 59 20 4 23 57 0