2
10
,
0 (28.0, 40.0) 33.0
1 (24.0, 36.0) 59.0
2 (12.0, 31.0) 58.0
3 (50.0, 41.0) 82.0
4 (5.0, 3.0) 50.0
5 (48.0, 14.0) 80.0
6 (18.0, 34.0) 45.0
7 (6.0, 1.0) 75.0
8 (8.0, 16.0) 33.0
9 (37.0, 33.0) 63.0
,
0 24 22 17 32 3 25 19 3 9 25 0
24 0 3 9 11 22 16 6 22 16 6 24
22 3 0 6 13 19 16 3 20 13 7 22
17 9 6 0 20 14 20 3 15 8 13 17
32 11 13 20 0 29 14 16 30 24 8 32
3 22 19 14 29 0 22 17 1 7 22 3
25 16 16 20 14 22 0 18 22 20 11 25
19 6 3 3 16 17 18 0 18 10 10 19
3 22 20 15 30 1 22 18 0 8 22 3
9 16 13 8 24 7 20 10 8 0 17 9
25 6 7 13 8 22 11 10 22 17 0 25
0 24 22 17 32 3 25 19 3 9 25 0
,
0 26 26 41 48 5 46 51 4 18 43 0
47 0 4 15 32 22 25 13 44 16 13 64
43 7 0 15 14 25 26 5 54 31 15 50
46 12 14 0 47 43 24 6 33 23 14 45
87 25 31 21 0 67 25 43 32 52 17 78
8 64 41 15 57 0 32 37 2 20 35 8
29 22 24 53 41 63 0 49 53 46 23 34
47 12 6 5 30 41 34 0 42 20 25 42
7 38 35 26 76 3 43 51 0 17 42 4
20 40 31 18 31 15 51 11 19 0 50 10
47 16 14 18 9 40 26 11 35 43 0 60
0 26 50 41 86 7 26 57 6 13 66 0