2
10
,
0 (28.0, 40.0) 62.0
1 (24.0, 36.0) 48.0
2 (12.0, 31.0) 60.0
3 (50.0, 41.0) 61.0
4 (5.0, 3.0) 71.0
5 (48.0, 14.0) 70.0
6 (18.0, 34.0) 89.0
7 (6.0, 1.0) 45.0
8 (8.0, 16.0) 88.0
9 (37.0, 33.0) 72.0
,
0 24 22 17 32 3 25 19 3 9 25 0
24 0 3 9 11 22 16 6 22 16 6 24
22 3 0 6 13 19 16 3 20 13 7 22
17 9 6 0 20 14 20 3 15 8 13 17
32 11 13 20 0 29 14 16 30 24 8 32
3 22 19 14 29 0 22 17 1 7 22 3
25 16 16 20 14 22 0 18 22 20 11 25
19 6 3 3 16 17 18 0 18 10 10 19
3 22 20 15 30 1 22 18 0 8 22 3
9 16 13 8 24 7 20 10 8 0 17 9
25 6 7 13 8 22 11 10 22 17 0 25
0 24 22 17 32 3 25 19 3 9 25 0
,
0 62 57 18 89 4 37 48 8 10 34 0
29 0 8 12 23 36 36 12 26 40 14 47
64 6 0 7 17 42 27 4 38 16 15 23
41 10 14 0 52 31 54 8 43 16 20 42
51 15 16 55 0 30 14 34 66 46 19 73
6 38 45 15 36 0 45 24 3 8 54 7
70 20 30 22 33 66 0 50 37 29 31 62
39 9 8 7 34 42 49 0 18 28 11 40
9 39 54 19 46 3 32 19 0 12 66 4
9 40 28 22 57 19 60 27 10 0 49 24
59 9 10 15 15 31 23 21 38 21 0 45
0 64 33 47 35 6 42 56 4 15 49 0