2
10
,
0 (28.0, 40.0) 45.0
1 (24.0, 36.0) 34.0
2 (12.0, 31.0) 40.0
3 (50.0, 41.0) 40.0
4 (5.0, 3.0) 47.0
5 (48.0, 14.0) 76.0
6 (18.0, 34.0) 63.0
7 (6.0, 1.0) 30.0
8 (8.0, 16.0) 80.0
9 (37.0, 33.0) 46.0
,
0 24 22 17 32 3 25 19 3 9 25 0
24 0 3 9 11 22 16 6 22 16 6 24
22 3 0 6 13 19 16 3 20 13 7 22
17 9 6 0 20 14 20 3 15 8 13 17
32 11 13 20 0 29 14 16 30 24 8 32
3 22 19 14 29 0 22 17 1 7 22 3
25 16 16 20 14 22 0 18 22 20 11 25
19 6 3 3 16 17 18 0 18 10 10 19
3 22 20 15 30 1 22 18 0 8 22 3
9 16 13 8 24 7 20 10 8 0 17 9
25 6 7 13 8 22 11 10 22 17 0 25
0 24 22 17 32 3 25 19 3 9 25 0
,
0 45 49 49 90 8 27 24 3 12 64 0
63 0 5 24 14 46 35 15 49 32 17 71
44 4 0 14 34 26 46 9 52 26 14 22
30 24 17 0 33 33 26 4 25 18 33 42
48 14 26 37 0 57 38 20 61 65 15 43
3 42 32 37 43 0 45 20 3 16 35 4
46 29 46 45 29 59 0 53 46 33 19 40
25 14 5 10 27 22 43 0 46 22 19 21
8 60 48 42 59 2 30 30 0 17 47 4
23 39 36 20 55 16 37 19 22 0 33 21
55 6 18 36 16 42 31 17 42 46 0 37
0 45 35 46 70 3 42 29 5 23 59 0