2
10
,
0 (28.0, 40.0) 61.0
1 (24.0, 36.0) 77.0
2 (12.0, 31.0) 42.0
3 (50.0, 41.0) 33.0
4 (5.0, 3.0) 33.0
5 (48.0, 14.0) 57.0
6 (18.0, 34.0) 37.0
7 (6.0, 1.0) 43.0
8 (8.0, 16.0) 40.0
9 (37.0, 33.0) 49.0
,
0 24 22 17 32 3 25 19 3 9 25 0
24 0 3 9 11 22 16 6 22 16 6 24
22 3 0 6 13 19 16 3 20 13 7 22
17 9 6 0 20 14 20 3 15 8 13 17
32 11 13 20 0 29 14 16 30 24 8 32
3 22 19 14 29 0 22 17 1 7 22 3
25 16 16 20 14 22 0 18 22 20 11 25
19 6 3 3 16 17 18 0 18 10 10 19
3 22 20 15 30 1 22 18 0 8 22 3
9 16 13 8 24 7 20 10 8 0 17 9
25 6 7 13 8 22 11 10 22 17 0 25
0 24 22 17 32 3 25 19 3 9 25 0
,
0 35 59 47 70 5 35 40 8 22 53 0
25 0 3 13 16 55 37 10 42 32 15 68
26 6 0 13 34 38 20 5 33 14 17 32
32 25 12 0 30 19 56 4 20 18 35 50
68 31 21 53 0 62 22 35 43 39 12 88
8 47 51 33 65 0 53 24 2 17 61 5
71 47 44 43 16 34 0 40 23 57 18 28
32 17 7 7 27 44 33 0 37 25 13 50
9 34 28 24 33 1 50 48 0 20 56 7
12 27 33 12 63 18 60 24 11 0 19 11
46 11 19 23 11 60 15 12 44 29 0 59
0 68 29 43 82 7 53 24 5 18 53 0