2
10
,
0 (28.0, 40.0) 59.0
1 (24.0, 36.0) 80.0
2 (12.0, 31.0) 50.0
3 (50.0, 41.0) 42.0
4 (5.0, 3.0) 56.0
5 (48.0, 14.0) 70.0
6 (18.0, 34.0) 50.0
7 (6.0, 1.0) 38.0
8 (8.0, 16.0) 78.0
9 (37.0, 33.0) 37.0
,
0 24 22 17 32 3 25 19 3 9 25 0
24 0 3 9 11 22 16 6 22 16 6 24
22 3 0 6 13 19 16 3 20 13 7 22
17 9 6 0 20 14 20 3 15 8 13 17
32 11 13 20 0 29 14 16 30 24 8 32
3 22 19 14 29 0 22 17 1 7 22 3
25 16 16 20 14 22 0 18 22 20 11 25
19 6 3 3 16 17 18 0 18 10 10 19
3 22 20 15 30 1 22 18 0 8 22 3
9 16 13 8 24 7 20 10 8 0 17 9
25 6 7 13 8 22 11 10 22 17 0 25
0 24 22 17 32 3 25 19 3 9 25 0
,
0 32 53 19 82 6 45 22 7 16 43 0
35 0 3 22 30 44 30 15 59 43 10 27
45 3 0 17 16 43 44 7 22 22 16 65
33 17 19 0 26 33 33 5 20 11 20 27
88 32 17 24 0 48 30 32 86 33 17 43
5 55 28 29 82 0 43 21 3 7 65 5
66 43 46 22 36 33 0 27 27 32 20 51
42 15 7 10 19 48 45 0 39 18 15 55
8 44 46 25 48 3 60 41 0 22 48 4
12 42 37 23 56 8 32 25 12 0 40 14
70 10 7 33 19 35 20 21 62 24 0 31
0 32 50 21 36 5 46 56 7 17 60 0