2
10
,
0 (28.0, 40.0) 41.0
1 (24.0, 36.0) 61.0
2 (12.0, 31.0) 55.0
3 (50.0, 41.0) 51.0
4 (5.0, 3.0) 75.0
5 (48.0, 14.0) 48.0
6 (18.0, 34.0) 34.0
7 (6.0, 1.0) 33.0
8 (8.0, 16.0) 54.0
9 (37.0, 33.0) 42.0
,
0 24 22 17 32 3 25 19 3 9 25 0
24 0 3 9 11 22 16 6 22 16 6 24
22 3 0 6 13 19 16 3 20 13 7 22
17 9 6 0 20 14 20 3 15 8 13 17
32 11 13 20 0 29 14 16 30 24 8 32
3 22 19 14 29 0 22 17 1 7 22 3
25 16 16 20 14 22 0 18 22 20 11 25
19 6 3 3 16 17 18 0 18 10 10 19
3 22 20 15 30 1 22 18 0 8 22 3
9 16 13 8 24 7 20 10 8 0 17 9
25 6 7 13 8 22 11 10 22 17 0 25
0 24 22 17 32 3 25 19 3 9 25 0
,
0 61 36 48 33 8 68 49 8 22 53 0
43 0 7 11 16 22 28 13 33 17 14 70
32 5 0 7 38 32 21 7 51 19 11 45
31 14 7 0 48 34 44 4 22 10 32 26
53 31 35 53 0 57 22 48 76 46 16 37
5 54 31 42 51 0 41 29 1 11 65 9
38 19 28 39 21 64 0 35 29 53 16 48
32 16 8 7 22 45 33 0 48 26 21 22
3 58 21 17 34 1 41 36 0 17 60 9
23 20 14 13 30 12 30 21 10 0 37 20
72 17 13 15 22 58 20 17 25 38 0 29
0 33 61 33 67 3 75 55 6 26 39 0