2
10
,
0 (28.0, 40.0) 87.0
1 (24.0, 36.0) 79.0
2 (12.0, 31.0) 33.0
3 (50.0, 41.0) 78.0
4 (5.0, 3.0) 69.0
5 (48.0, 14.0) 32.0
6 (18.0, 34.0) 79.0
7 (6.0, 1.0) 56.0
8 (8.0, 16.0) 82.0
9 (37.0, 33.0) 31.0
,
0 24 22 17 32 3 25 19 3 9 25 0
24 0 3 9 11 22 16 6 22 16 6 24
22 3 0 6 13 19 16 3 20 13 7 22
17 9 6 0 20 14 20 3 15 8 13 17
32 11 13 20 0 29 14 16 30 24 8 32
3 22 19 14 29 0 22 17 1 7 22 3
25 16 16 20 14 22 0 18 22 20 11 25
19 6 3 3 16 17 18 0 18 10 10 19
3 22 20 15 30 1 22 18 0 8 22 3
9 16 13 8 24 7 20 10 8 0 17 9
25 6 7 13 8 22 11 10 22 17 0 25
0 24 22 17 32 3 25 19 3 9 25 0
,
0 60 35 21 47 5 46 40 4 19 65 0
43 0 6 24 27 49 42 17 27 24 15 49
37 6 0 8 39 46 43 4 52 35 16 53
23 14 14 0 30 31 23 10 37 21 27 26
46 24 19 59 0 46 24 37 74 52 16 71
5 36 29 34 61 0 57 45 2 11 24 3
55 29 17 54 17 26 0 32 56 45 31 27
45 16 9 4 34 20 20 0 40 21 15 48
5 39 25 17 47 3 25 41 0 18 55 9
15 25 28 11 48 18 31 16 18 0 44 24
71 10 16 25 8 24 22 26 63 40 0 59
0 42 39 30 46 8 60 46 6 17 55 0