2
10
,
0 (28.0, 40.0) 31.0
1 (24.0, 36.0) 46.0
2 (12.0, 31.0) 55.0
3 (50.0, 41.0) 77.0
4 (5.0, 3.0) 51.0
5 (48.0, 14.0) 31.0
6 (18.0, 34.0) 45.0
7 (6.0, 1.0) 40.0
8 (8.0, 16.0) 47.0
9 (37.0, 33.0) 30.0
,
0 24 22 17 32 3 25 19 3 9 25 0
24 0 3 9 11 22 16 6 22 16 6 24
22 3 0 6 13 19 16 3 20 13 7 22
17 9 6 0 20 14 20 3 15 8 13 17
32 11 13 20 0 29 14 16 30 24 8 32
3 22 19 14 29 0 22 17 1 7 22 3
25 16 16 20 14 22 0 18 22 20 11 25
19 6 3 3 16 17 18 0 18 10 10 19
3 22 20 15 30 1 22 18 0 8 22 3
9 16 13 8 24 7 20 10 8 0 17 9
25 6 7 13 8 22 11 10 22 17 0 25
0 24 22 17 32 3 25 19 3 9 25 0
,
0 41 32 22 55 6 32 26 4 11 51 0
68 0 6 27 15 39 20 13 55 16 7 32
48 8 0 8 31 26 36 9 45 24 17 28
17 26 19 0 38 23 25 8 38 13 36 21
34 32 27 24 0 34 15 21 52 63 22 63
6 64 52 34 75 0 47 42 3 8 36 8
27 18 36 44 36 44 0 24 55 21 14 36
37 16 9 4 31 23 40 0 36 18 28 24
5 51 54 24 59 1 29 34 0 19 33 6
22 17 17 17 50 11 29 25 9 0 36 17
28 11 17 35 15 43 12 26 32 41 0 45
0 61 62 42 90 8 31 45 5 11 69 0