2
10
,
0 (28.0, 40.0) 64.0
1 (24.0, 36.0) 40.0
2 (12.0, 31.0) 36.0
3 (50.0, 41.0) 33.0
4 (5.0, 3.0) 65.0
5 (48.0, 14.0) 65.0
6 (18.0, 34.0) 38.0
7 (6.0, 1.0) 31.0
8 (8.0, 16.0) 69.0
9 (37.0, 33.0) 63.0
,
0 24 22 17 32 3 25 19 3 9 25 0
24 0 3 9 11 22 16 6 22 16 6 24
22 3 0 6 13 19 16 3 20 13 7 22
17 9 6 0 20 14 20 3 15 8 13 17
32 11 13 20 0 29 14 16 30 24 8 32
3 22 19 14 29 0 22 17 1 7 22 3
25 16 16 20 14 22 0 18 22 20 11 25
19 6 3 3 16 17 18 0 18 10 10 19
3 22 20 15 30 1 22 18 0 8 22 3
9 16 13 8 24 7 20 10 8 0 17 9
25 6 7 13 8 22 11 10 22 17 0 25
0 24 22 17 32 3 25 19 3 9 25 0
,
0 65 35 18 94 8 52 44 8 27 58 0
54 0 3 13 31 62 27 11 25 34 6 61
52 7 0 11 36 19 28 6 56 18 16 44
45 26 7 0 37 42 22 5 29 13 19 45
82 28 21 29 0 54 38 46 47 66 11 66
4 49 34 23 34 0 51 50 1 17 22 7
70 46 31 51 22 43 0 33 25 34 16 58
34 8 6 10 42 24 28 0 39 15 20 47
8 24 58 19 43 3 31 18 0 16 48 6
10 29 23 15 39 17 41 13 22 0 50 13
42 10 12 25 15 41 31 23 66 20 0 53
0 34 36 29 96 7 28 45 9 26 48 0