2
10
,
0 (28.0, 40.0) 42.0
1 (24.0, 36.0) 37.0
2 (12.0, 31.0) 68.0
3 (50.0, 41.0) 32.0
4 (5.0, 3.0) 35.0
5 (48.0, 14.0) 31.0
6 (18.0, 34.0) 88.0
7 (6.0, 1.0) 46.0
8 (8.0, 16.0) 42.0
9 (37.0, 33.0) 89.0
,
0 24 22 17 32 3 25 19 3 9 25 0
24 0 3 9 11 22 16 6 22 16 6 24
22 3 0 6 13 19 16 3 20 13 7 22
17 9 6 0 20 14 20 3 15 8 13 17
32 11 13 20 0 29 14 16 30 24 8 32
3 22 19 14 29 0 22 17 1 7 22 3
25 16 16 20 14 22 0 18 22 20 11 25
19 6 3 3 16 17 18 0 18 10 10 19
3 22 20 15 30 1 22 18 0 8 22 3
9 16 13 8 24 7 20 10 8 0 17 9
25 6 7 13 8 22 11 10 22 17 0 25
0 24 22 17 32 3 25 19 3 9 25 0
,
0 35 51 19 92 8 52 53 7 18 31 0
28 0 6 25 26 57 18 9 30 36 15 34
37 4 0 14 36 56 17 4 45 14 18 32
19 13 12 0 56 24 41 6 30 16 36 24
86 27 15 28 0 83 14 46 52 73 23 61
7 63 37 27 71 0 31 22 2 17 49 6
51 49 26 28 25 65 0 42 52 57 28 49
48 7 9 4 28 44 54 0 32 20 15 23
7 50 44 38 39 2 45 41 0 21 41 7
24 25 22 15 30 11 26 24 10 0 26 14
47 14 12 15 9 56 15 17 40 36 0 31
0 47 30 49 44 7 62 30 9 24 35 0