2
10
,
0 (28.0, 40.0) 57.0
1 (24.0, 36.0) 82.0
2 (12.0, 31.0) 71.0
3 (50.0, 41.0) 78.0
4 (5.0, 3.0) 33.0
5 (48.0, 14.0) 58.0
6 (18.0, 34.0) 37.0
7 (6.0, 1.0) 44.0
8 (8.0, 16.0) 53.0
9 (37.0, 33.0) 42.0
,
0 24 22 17 32 3 25 19 3 9 25 0
24 0 3 9 11 22 16 6 22 16 6 24
22 3 0 6 13 19 16 3 20 13 7 22
17 9 6 0 20 14 20 3 15 8 13 17
32 11 13 20 0 29 14 16 30 24 8 32
3 22 19 14 29 0 22 17 1 7 22 3
25 16 16 20 14 22 0 18 22 20 11 25
19 6 3 3 16 17 18 0 18 10 10 19
3 22 20 15 30 1 22 18 0 8 22 3
9 16 13 8 24 7 20 10 8 0 17 9
25 6 7 13 8 22 11 10 22 17 0 25
0 24 22 17 32 3 25 19 3 9 25 0
,
0 55 28 33 55 6 53 23 8 10 25 0
53 0 8 15 25 28 25 9 47 16 13 67
46 4 0 9 18 40 43 4 46 33 15 65
31 26 13 0 26 26 56 10 23 10 16 49
46 31 20 45 0 39 21 21 61 32 19 70
8 62 35 33 57 0 54 20 1 13 23 8
63 30 34 54 26 27 0 23 64 32 30 31
21 13 6 5 30 27 49 0 47 22 13 50
5 48 39 40 45 3 46 47 0 22 52 7
12 40 22 21 68 12 57 30 23 0 21 16
51 14 15 22 8 51 14 12 59 26 0 62
0 48 57 24 72 6 68 20 7 22 32 0