2
10
,
0 (28.0, 40.0) 37.0
1 (24.0, 36.0) 50.0
2 (12.0, 31.0) 75.0
3 (50.0, 41.0) 49.0
4 (5.0, 3.0) 39.0
5 (48.0, 14.0) 69.0
6 (18.0, 34.0) 60.0
7 (6.0, 1.0) 82.0
8 (8.0, 16.0) 60.0
9 (37.0, 33.0) 38.0
,
0 24 22 17 32 3 25 19 3 9 25 0
24 0 3 9 11 22 16 6 22 16 6 24
22 3 0 6 13 19 16 3 20 13 7 22
17 9 6 0 20 14 20 3 15 8 13 17
32 11 13 20 0 29 14 16 30 24 8 32
3 22 19 14 29 0 22 17 1 7 22 3
25 16 16 20 14 22 0 18 22 20 11 25
19 6 3 3 16 17 18 0 18 10 10 19
3 22 20 15 30 1 22 18 0 8 22 3
9 16 13 8 24 7 20 10 8 0 17 9
25 6 7 13 8 22 11 10 22 17 0 25
0 24 22 17 32 3 25 19 3 9 25 0
,
0 32 50 20 44 8 41 52 4 16 71 0
62 0 4 24 23 44 39 14 58 34 6 28
38 8 0 17 36 29 45 6 45 24 18 35
26 23 12 0 58 38 46 7 42 17 30 27
44 20 36 57 0 84 32 38 46 66 21 57
6 39 25 39 63 0 66 45 2 16 41 6
64 29 45 42 20 24 0 46 36 39 26 58
52 9 3 9 39 42 19 0 31 24 10 45
8 28 33 22 70 2 58 32 0 14 64 7
22 33 32 22 59 9 32 21 10 0 39 13
43 12 17 20 11 51 19 10 24 41 0 50
0 27 62 30 46 8 48 23 6 20 55 0