2
10
,
0 (28.0, 40.0) 45.0
1 (24.0, 36.0) 30.0
2 (12.0, 31.0) 66.0
3 (50.0, 41.0) 63.0
4 (5.0, 3.0) 38.0
5 (48.0, 14.0) 50.0
6 (18.0, 34.0) 52.0
7 (6.0, 1.0) 37.0
8 (8.0, 16.0) 59.0
9 (37.0, 33.0) 42.0
,
0 24 22 17 32 3 25 19 3 9 25 0
24 0 3 9 11 22 16 6 22 16 6 24
22 3 0 6 13 19 16 3 20 13 7 22
17 9 6 0 20 14 20 3 15 8 13 17
32 11 13 20 0 29 14 16 30 24 8 32
3 22 19 14 29 0 22 17 1 7 22 3
25 16 16 20 14 22 0 18 22 20 11 25
19 6 3 3 16 17 18 0 18 10 10 19
3 22 20 15 30 1 22 18 0 8 22 3
9 16 13 8 24 7 20 10 8 0 17 9
25 6 7 13 8 22 11 10 22 17 0 25
0 24 22 17 32 3 25 19 3 9 25 0
,
0 58 43 19 64 5 45 28 9 19 72 0
67 0 6 15 32 48 22 14 61 42 14 61
45 7 0 15 29 38 36 4 41 33 12 54
49 11 15 0 38 33 44 8 32 22 33 26
95 19 32 52 0 66 22 43 60 31 10 86
9 52 30 21 67 0 65 40 3 16 62 8
33 43 29 40 39 49 0 28 58 34 18 72
32 14 4 7 17 28 41 0 33 17 22 39
7 34 57 37 71 2 61 34 0 11 63 5
17 35 38 21 57 12 33 30 19 0 19 12
58 15 9 22 13 65 12 27 39 24 0 34
0 34 36 28 53 7 35 26 5 22 41 0