2
10
,
0 (28.0, 40.0) 51.0
1 (24.0, 36.0) 88.0
2 (12.0, 31.0) 58.0
3 (50.0, 41.0) 48.0
4 (5.0, 3.0) 32.0
5 (48.0, 14.0) 39.0
6 (18.0, 34.0) 32.0
7 (6.0, 1.0) 36.0
8 (8.0, 16.0) 48.0
9 (37.0, 33.0) 65.0
,
0 24 22 17 32 3 25 19 3 9 25 0
24 0 3 9 11 22 16 6 22 16 6 24
22 3 0 6 13 19 16 3 20 13 7 22
17 9 6 0 20 14 20 3 15 8 13 17
32 11 13 20 0 29 14 16 30 24 8 32
3 22 19 14 29 0 22 17 1 7 22 3
25 16 16 20 14 22 0 18 22 20 11 25
19 6 3 3 16 17 18 0 18 10 10 19
3 22 20 15 30 1 22 18 0 8 22 3
9 16 13 8 24 7 20 10 8 0 17 9
25 6 7 13 8 22 11 10 22 17 0 25
0 24 22 17 32 3 25 19 3 9 25 0
,
0 62 22 43 35 6 37 37 7 21 44 0
68 0 3 19 24 23 44 16 64 17 7 46
61 6 0 9 27 22 22 3 22 14 16 26
27 24 7 0 32 23 42 4 38 10 29 30
95 15 37 52 0 66 26 42 45 40 22 96
4 56 29 23 30 0 25 41 3 15 52 5
45 35 48 21 27 38 0 48 51 56 24 49
37 14 6 9 25 32 45 0 19 28 14 54
3 54 55 34 54 3 23 23 0 17 55 3
10 46 28 8 69 17 38 25 15 0 38 26
50 13 16 19 12 31 32 24 65 46 0 45
0 72 24 40 57 6 57 55 4 16 64 0