2
10
,
0 (28.0, 40.0) 65.0
1 (24.0, 36.0) 71.0
2 (12.0, 31.0) 34.0
3 (50.0, 41.0) 36.0
4 (5.0, 3.0) 79.0
5 (48.0, 14.0) 34.0
6 (18.0, 34.0) 68.0
7 (6.0, 1.0) 68.0
8 (8.0, 16.0) 31.0
9 (37.0, 33.0) 55.0
,
0 24 22 17 32 3 25 19 3 9 25 0
24 0 3 9 11 22 16 6 22 16 6 24
22 3 0 6 13 19 16 3 20 13 7 22
17 9 6 0 20 14 20 3 15 8 13 17
32 11 13 20 0 29 14 16 30 24 8 32
3 22 19 14 29 0 22 17 1 7 22 3
25 16 16 20 14 22 0 18 22 20 11 25
19 6 3 3 16 17 18 0 18 10 10 19
3 22 20 15 30 1 22 18 0 8 22 3
9 16 13 8 24 7 20 10 8 0 17 9
25 6 7 13 8 22 11 10 22 17 0 25
0 24 22 17 32 3 25 19 3 9 25 0
,
0 65 56 20 67 4 64 51 7 18 34 0
24 0 6 18 11 49 32 9 33 46 9 66
41 3 0 9 38 33 42 9 36 15 10 54
37 26 10 0 30 31 25 7 24 10 19 35
51 24 22 55 0 80 22 32 52 56 18 56
4 40 38 17 74 0 34 28 3 13 56 7
58 19 17 31 40 48 0 30 62 42 11 36
46 13 9 4 16 23 48 0 47 16 17 32
4 60 45 27 45 2 30 48 0 18 35 4
26 23 17 11 55 11 42 12 10 0 17 20
67 8 11 20 22 30 30 22 59 21 0 31
0 68 38 44 44 7 56 50 8 12 72 0