2
10
,
0 (28.0, 40.0) 73.0
1 (24.0, 36.0) 86.0
2 (12.0, 31.0) 85.0
3 (50.0, 41.0) 82.0
4 (5.0, 3.0) 65.0
5 (48.0, 14.0) 40.0
6 (18.0, 34.0) 73.0
7 (6.0, 1.0) 84.0
8 (8.0, 16.0) 69.0
9 (37.0, 33.0) 63.0
,
0 24 22 17 32 3 25 19 3 9 25 0
24 0 3 9 11 22 16 6 22 16 6 24
22 3 0 6 13 19 16 3 20 13 7 22
17 9 6 0 20 14 20 3 15 8 13 17
32 11 13 20 0 29 14 16 30 24 8 32
3 22 19 14 29 0 22 17 1 7 22 3
25 16 16 20 14 22 0 18 22 20 11 25
19 6 3 3 16 17 18 0 18 10 10 19
3 22 20 15 30 1 22 18 0 8 22 3
9 16 13 8 24 7 20 10 8 0 17 9
25 6 7 13 8 22 11 10 22 17 0 25
0 24 22 17 32 3 25 19 3 9 25 0
,
0 73 49 38 71 5 62 55 6 18 56 0
46 0 5 25 25 64 18 10 34 41 7 61
60 8 0 8 38 47 19 5 29 26 12 25
48 15 11 0 46 18 30 6 23 15 17 29
58 26 39 55 0 68 30 32 36 60 8 50
5 47 38 22 74 0 27 28 3 16 40 4
57 35 39 46 14 64 0 43 35 23 32 32
38 10 3 4 36 20 30 0 22 29 12 56
7 35 21 42 42 1 55 29 0 9 41 4
17 45 23 14 64 17 26 26 15 0 23 24
56 6 11 23 10 54 13 12 33 34 0 39
0 68 60 44 44 5 39 36 4 21 37 0