2
10
,
0 (28.0, 40.0) 43.0
1 (24.0, 36.0) 57.0
2 (12.0, 31.0) 54.0
3 (50.0, 41.0) 59.0
4 (5.0, 3.0) 70.0
5 (48.0, 14.0) 79.0
6 (18.0, 34.0) 66.0
7 (6.0, 1.0) 47.0
8 (8.0, 16.0) 34.0
9 (37.0, 33.0) 37.0
,
0 24 22 17 32 3 25 19 3 9 25 0
24 0 3 9 11 22 16 6 22 16 6 24
22 3 0 6 13 19 16 3 20 13 7 22
17 9 6 0 20 14 20 3 15 8 13 17
32 11 13 20 0 29 14 16 30 24 8 32
3 22 19 14 29 0 22 17 1 7 22 3
25 16 16 20 14 22 0 18 22 20 11 25
19 6 3 3 16 17 18 0 18 10 10 19
3 22 20 15 30 1 22 18 0 8 22 3
9 16 13 8 24 7 20 10 8 0 17 9
25 6 7 13 8 22 11 10 22 17 0 25
0 24 22 17 32 3 25 19 3 9 25 0
,
0 56 44 34 84 8 75 43 5 25 34 0
42 0 6 14 30 37 38 13 56 20 14 71
60 7 0 7 24 52 30 4 38 18 16 47
44 13 18 0 23 36 24 7 27 13 13 29
47 16 19 21 0 46 18 36 66 65 18 83
6 28 22 37 85 0 33 41 3 9 38 8
33 49 22 38 38 49 0 29 43 25 26 65
25 12 8 8 36 30 30 0 36 30 20 56
4 65 41 36 48 3 23 41 0 16 34 6
21 39 37 15 53 14 45 26 19 0 46 9
58 16 19 16 13 38 33 21 38 22 0 58
0 61 50 19 53 7 31 46 5 9 52 0