2
10
,
0 (28.0, 40.0) 41.0
1 (24.0, 36.0) 33.0
2 (12.0, 31.0) 66.0
3 (50.0, 41.0) 81.0
4 (5.0, 3.0) 68.0
5 (48.0, 14.0) 68.0
6 (18.0, 34.0) 54.0
7 (6.0, 1.0) 37.0
8 (8.0, 16.0) 43.0
9 (37.0, 33.0) 35.0
,
0 24 22 17 32 3 25 19 3 9 25 0
24 0 3 9 11 22 16 6 22 16 6 24
22 3 0 6 13 19 16 3 20 13 7 22
17 9 6 0 20 14 20 3 15 8 13 17
32 11 13 20 0 29 14 16 30 24 8 32
3 22 19 14 29 0 22 17 1 7 22 3
25 16 16 20 14 22 0 18 22 20 11 25
19 6 3 3 16 17 18 0 18 10 10 19
3 22 20 15 30 1 22 18 0 8 22 3
9 16 13 8 24 7 20 10 8 0 17 9
25 6 7 13 8 22 11 10 22 17 0 25
0 24 22 17 32 3 25 19 3 9 25 0
,
0 31 50 17 42 4 50 34 8 12 36 0
41 0 7 20 19 40 34 17 23 42 13 40
24 7 0 15 26 31 45 9 55 36 7 65
18 16 8 0 45 33 34 7 20 15 20 36
87 16 14 24 0 29 19 25 86 73 14 41
6 50 39 24 32 0 66 26 3 15 45 4
32 36 38 55 18 23 0 46 63 59 21 36
31 13 4 9 24 32 46 0 48 22 19 40
7 43 44 46 40 2 51 33 0 18 27 6
23 28 27 9 29 17 45 22 20 0 25 19
47 16 17 25 10 33 14 25 26 38 0 48
0 50 45 42 73 8 44 50 7 18 59 0