2
10
,
0 (28.0, 40.0) 36.0
1 (24.0, 36.0) 70.0
2 (12.0, 31.0) 36.0
3 (50.0, 41.0) 50.0
4 (5.0, 3.0) 32.0
5 (48.0, 14.0) 63.0
6 (18.0, 34.0) 39.0
7 (6.0, 1.0) 44.0
8 (8.0, 16.0) 39.0
9 (37.0, 33.0) 81.0
,
0 24 22 17 32 3 25 19 3 9 25 0
24 0 3 9 11 22 16 6 22 16 6 24
22 3 0 6 13 19 16 3 20 13 7 22
17 9 6 0 20 14 20 3 15 8 13 17
32 11 13 20 0 29 14 16 30 24 8 32
3 22 19 14 29 0 22 17 1 7 22 3
25 16 16 20 14 22 0 18 22 20 11 25
19 6 3 3 16 17 18 0 18 10 10 19
3 22 20 15 30 1 22 18 0 8 22 3
9 16 13 8 24 7 20 10 8 0 17 9
25 6 7 13 8 22 11 10 22 17 0 25
0 24 22 17 32 3 25 19 3 9 25 0
,
0 49 38 37 92 4 56 29 6 14 45 0
47 0 8 25 22 30 48 17 23 26 16 29
56 4 0 7 30 40 23 4 30 21 18 32
29 25 14 0 44 15 35 4 20 12 29 48
92 23 32 47 0 40 39 22 62 73 8 93
3 46 32 43 67 0 28 41 3 12 35 3
36 25 35 53 39 41 0 24 35 26 30 57
44 15 7 5 37 39 35 0 52 14 25 56
8 54 48 26 75 2 62 19 0 12 26 5
22 45 17 10 69 19 37 13 8 0 35 23
32 6 15 15 12 65 29 14 27 37 0 27
0 60 22 31 33 7 27 41 7 21 51 0