2
10
,
0 (28.0, 40.0) 75.0
1 (24.0, 36.0) 84.0
2 (12.0, 31.0) 52.0
3 (50.0, 41.0) 32.0
4 (5.0, 3.0) 45.0
5 (48.0, 14.0) 31.0
6 (18.0, 34.0) 59.0
7 (6.0, 1.0) 86.0
8 (8.0, 16.0) 79.0
9 (37.0, 33.0) 54.0
,
0 24 22 17 32 3 25 19 3 9 25 0
24 0 3 9 11 22 16 6 22 16 6 24
22 3 0 6 13 19 16 3 20 13 7 22
17 9 6 0 20 14 20 3 15 8 13 17
32 11 13 20 0 29 14 16 30 24 8 32
3 22 19 14 29 0 22 17 1 7 22 3
25 16 16 20 14 22 0 18 22 20 11 25
19 6 3 3 16 17 18 0 18 10 10 19
3 22 20 15 30 1 22 18 0 8 22 3
9 16 13 8 24 7 20 10 8 0 17 9
25 6 7 13 8 22 11 10 22 17 0 25
0 24 22 17 32 3 25 19 3 9 25 0
,
0 38 60 42 72 5 74 27 6 22 27 0
72 0 5 25 32 45 41 13 29 25 12 52
60 5 0 15 39 27 38 9 29 24 7 30
43 18 10 0 34 32 53 5 38 9 31 41
75 15 15 55 0 55 24 34 70 59 12 54
3 49 55 33 34 0 34 43 3 9 64 9
56 41 28 32 21 35 0 39 48 49 17 66
49 14 8 6 25 50 24 0 40 29 26 39
9 62 46 40 32 2 27 49 0 17 65 3
11 16 23 9 33 20 52 24 8 0 49 11
54 10 18 22 15 64 32 14 64 34 0 41
0 51 23 45 80 7 63 54 3 13 61 0