2
10
,
0 (28.0, 40.0) 63.0
1 (24.0, 36.0) 55.0
2 (12.0, 31.0) 39.0
3 (50.0, 41.0) 38.0
4 (5.0, 3.0) 57.0
5 (48.0, 14.0) 76.0
6 (18.0, 34.0) 52.0
7 (6.0, 1.0) 49.0
8 (8.0, 16.0) 31.0
9 (37.0, 33.0) 74.0
,
0 24 22 17 32 3 25 19 3 9 25 0
24 0 3 9 11 22 16 6 22 16 6 24
22 3 0 6 13 19 16 3 20 13 7 22
17 9 6 0 20 14 20 3 15 8 13 17
32 11 13 20 0 29 14 16 30 24 8 32
3 22 19 14 29 0 22 17 1 7 22 3
25 16 16 20 14 22 0 18 22 20 11 25
19 6 3 3 16 17 18 0 18 10 10 19
3 22 20 15 30 1 22 18 0 8 22 3
9 16 13 8 24 7 20 10 8 0 17 9
25 6 7 13 8 22 11 10 22 17 0 25
0 24 22 17 32 3 25 19 3 9 25 0
,
0 27 57 35 81 7 35 22 8 11 51 0
54 0 8 15 11 32 46 11 43 39 11 38
29 7 0 7 15 57 37 8 50 22 17 64
30 12 17 0 36 19 38 4 25 11 34 17
97 23 16 31 0 69 38 35 89 29 17 59
5 22 37 29 77 0 30 28 1 13 64 8
41 47 33 22 15 53 0 25 51 31 18 61
21 16 7 7 46 36 52 0 46 24 27 32
3 58 38 44 76 2 51 37 0 11 35 7
15 38 14 17 39 10 24 18 19 0 47 10
45 13 20 25 12 63 24 24 30 41 0 45
0 55 31 18 83 3 57 27 7 17 41 0