2
10
,
0 (28.0, 40.0) 57.0
1 (24.0, 36.0) 32.0
2 (12.0, 31.0) 67.0
3 (50.0, 41.0) 58.0
4 (5.0, 3.0) 58.0
5 (48.0, 14.0) 33.0
6 (18.0, 34.0) 31.0
7 (6.0, 1.0) 87.0
8 (8.0, 16.0) 50.0
9 (37.0, 33.0) 43.0
,
0 24 22 17 32 3 25 19 3 9 25 0
24 0 3 9 11 22 16 6 22 16 6 24
22 3 0 6 13 19 16 3 20 13 7 22
17 9 6 0 20 14 20 3 15 8 13 17
32 11 13 20 0 29 14 16 30 24 8 32
3 22 19 14 29 0 22 17 1 7 22 3
25 16 16 20 14 22 0 18 22 20 11 25
19 6 3 3 16 17 18 0 18 10 10 19
3 22 20 15 30 1 22 18 0 8 22 3
9 16 13 8 24 7 20 10 8 0 17 9
25 6 7 13 8 22 11 10 22 17 0 25
0 24 22 17 32 3 25 19 3 9 25 0
,
0 38 40 28 45 4 42 37 7 18 74 0
60 0 5 18 22 41 43 17 37 23 16 41
61 5 0 16 35 31 25 9 51 29 7 49
50 14 12 0 45 36 57 10 32 15 13 46
71 31 13 51 0 82 27 22 53 35 16 81
8 36 44 21 34 0 50 24 2 17 23 7
51 26 17 55 17 65 0 30 51 21 31 66
27 9 8 5 38 48 36 0 20 23 13 39
9 27 50 29 46 2 44 37 0 13 47 6
15 28 24 9 48 13 28 20 22 0 44 16
29 17 14 20 16 63 26 14 43 38 0 66
0 68 43 25 72 9 26 53 8 13 29 0