2
10
,
0 (28.0, 40.0) 51.0
1 (24.0, 36.0) 41.0
2 (12.0, 31.0) 47.0
3 (50.0, 41.0) 89.0
4 (5.0, 3.0) 37.0
5 (48.0, 14.0) 74.0
6 (18.0, 34.0) 72.0
7 (6.0, 1.0) 34.0
8 (8.0, 16.0) 33.0
9 (37.0, 33.0) 67.0
,
0 24 22 17 32 3 25 19 3 9 25 0
24 0 3 9 11 22 16 6 22 16 6 24
22 3 0 6 13 19 16 3 20 13 7 22
17 9 6 0 20 14 20 3 15 8 13 17
32 11 13 20 0 29 14 16 30 24 8 32
3 22 19 14 29 0 22 17 1 7 22 3
25 16 16 20 14 22 0 18 22 20 11 25
19 6 3 3 16 17 18 0 18 10 10 19
3 22 20 15 30 1 22 18 0 8 22 3
9 16 13 8 24 7 20 10 8 0 17 9
25 6 7 13 8 22 11 10 22 17 0 25
0 24 22 17 32 3 25 19 3 9 25 0
,
0 38 57 31 46 4 67 36 4 21 40 0
46 0 7 19 13 46 44 12 53 25 10 33
49 8 0 14 26 42 22 6 53 30 13 57
47 23 11 0 32 38 31 9 20 10 25 19
54 25 39 25 0 70 40 42 55 43 18 77
5 36 55 25 42 0 33 23 3 15 27 5
35 47 40 33 40 37 0 47 55 48 27 60
43 11 8 5 17 19 46 0 30 23 14 46
4 34 58 24 59 2 38 24 0 9 29 5
25 46 25 16 28 8 24 29 15 0 39 11
34 8 12 35 19 59 14 10 30 36 0 31
0 61 53 45 46 4 65 22 9 18 70 0