2
10
,
0 (28.0, 40.0) 86.0
1 (24.0, 36.0) 87.0
2 (12.0, 31.0) 32.0
3 (50.0, 41.0) 58.0
4 (5.0, 3.0) 51.0
5 (48.0, 14.0) 59.0
6 (18.0, 34.0) 85.0
7 (6.0, 1.0) 72.0
8 (8.0, 16.0) 48.0
9 (37.0, 33.0) 48.0
,
0 24 22 17 32 3 25 19 3 9 25 0
24 0 3 9 11 22 16 6 22 16 6 24
22 3 0 6 13 19 16 3 20 13 7 22
17 9 6 0 20 14 20 3 15 8 13 17
32 11 13 20 0 29 14 16 30 24 8 32
3 22 19 14 29 0 22 17 1 7 22 3
25 16 16 20 14 22 0 18 22 20 11 25
19 6 3 3 16 17 18 0 18 10 10 19
3 22 20 15 30 1 22 18 0 8 22 3
9 16 13 8 24 7 20 10 8 0 17 9
25 6 7 13 8 22 11 10 22 17 0 25
0 24 22 17 32 3 25 19 3 9 25 0
,
0 67 36 34 77 7 47 46 7 22 68 0
52 0 7 22 18 57 20 15 61 37 16 46
30 5 0 18 24 52 39 3 45 30 8 23
49 15 8 0 50 29 21 6 24 9 20 22
35 23 33 38 0 52 17 46 34 47 14 97
4 43 37 37 80 0 51 28 3 10 53 7
51 18 18 42 21 41 0 30 47 57 21 61
36 8 9 8 32 27 27 0 19 17 27 20
8 64 34 31 75 3 53 19 0 22 60 8
12 30 31 15 65 16 41 21 20 0 39 22
37 9 16 19 20 55 23 21 55 24 0 66
0 72 39 49 37 4 49 37 6 23 51 0