2
10
,
0 (28.0, 40.0) 87.0
1 (24.0, 36.0) 35.0
2 (12.0, 31.0) 67.0
3 (50.0, 41.0) 68.0
4 (5.0, 3.0) 50.0
5 (48.0, 14.0) 44.0
6 (18.0, 34.0) 72.0
7 (6.0, 1.0) 30.0
8 (8.0, 16.0) 37.0
9 (37.0, 33.0) 88.0
,
0 24 22 17 32 3 25 19 3 9 25 0
24 0 3 9 11 22 16 6 22 16 6 24
22 3 0 6 13 19 16 3 20 13 7 22
17 9 6 0 20 14 20 3 15 8 13 17
32 11 13 20 0 29 14 16 30 24 8 32
3 22 19 14 29 0 22 17 1 7 22 3
25 16 16 20 14 22 0 18 22 20 11 25
19 6 3 3 16 17 18 0 18 10 10 19
3 22 20 15 30 1 22 18 0 8 22 3
9 16 13 8 24 7 20 10 8 0 17 9
25 6 7 13 8 22 11 10 22 17 0 25
0 24 22 17 32 3 25 19 3 9 25 0
,
0 63 53 35 77 6 41 32 3 15 57 0
30 0 5 12 11 25 23 8 46 45 13 63
45 4 0 19 17 42 27 8 37 29 10 50
25 23 17 0 25 14 26 4 41 17 28 21
62 14 31 54 0 76 27 28 74 34 17 81
7 64 43 23 38 0 23 41 2 17 61 4
54 43 42 25 30 53 0 51 41 32 24 52
38 14 9 8 35 17 32 0 38 10 24 55
5 24 58 45 51 3 25 46 0 11 48 4
15 44 15 22 31 9 32 12 14 0 22 23
39 6 16 33 12 61 15 21 27 43 0 55
0 44 32 36 49 9 58 49 8 20 44 0