2
10
,
0 (28.0, 40.0) 67.0
1 (24.0, 36.0) 48.0
2 (12.0, 31.0) 55.0
3 (50.0, 41.0) 71.0
4 (5.0, 3.0) 42.0
5 (48.0, 14.0) 89.0
6 (18.0, 34.0) 37.0
7 (6.0, 1.0) 30.0
8 (8.0, 16.0) 65.0
9 (37.0, 33.0) 61.0
,
0 24 22 17 32 3 25 19 3 9 25 0
24 0 3 9 11 22 16 6 22 16 6 24
22 3 0 6 13 19 16 3 20 13 7 22
17 9 6 0 20 14 20 3 15 8 13 17
32 11 13 20 0 29 14 16 30 24 8 32
3 22 19 14 29 0 22 17 1 7 22 3
25 16 16 20 14 22 0 18 22 20 11 25
19 6 3 3 16 17 18 0 18 10 10 19
3 22 20 15 30 1 22 18 0 8 22 3
9 16 13 8 24 7 20 10 8 0 17 9
25 6 7 13 8 22 11 10 22 17 0 25
0 24 22 17 32 3 25 19 3 9 25 0
,
0 52 60 29 93 6 75 33 6 26 45 0
49 0 6 25 30 47 44 13 40 38 9 69
58 6 0 9 39 37 38 6 50 24 17 53
30 24 15 0 56 34 36 8 18 22 25 17
64 20 26 37 0 77 22 46 48 52 19 32
6 47 26 33 47 0 31 23 2 17 30 9
60 19 25 55 28 58 0 49 32 45 22 64
41 14 6 8 21 42 23 0 24 29 24 55
4 25 29 37 61 2 23 46 0 12 27 4
19 27 15 22 64 16 41 20 19 0 38 22
67 16 15 26 10 25 14 16 43 36 0 36
0 46 59 28 68 6 68 50 4 18 35 0