2
10
,
0 (28.0, 40.0) 76.0
1 (24.0, 36.0) 61.0
2 (12.0, 31.0) 61.0
3 (50.0, 41.0) 48.0
4 (5.0, 3.0) 50.0
5 (48.0, 14.0) 72.0
6 (18.0, 34.0) 87.0
7 (6.0, 1.0) 87.0
8 (8.0, 16.0) 37.0
9 (37.0, 33.0) 30.0
,
0 24 22 17 32 3 25 19 3 9 25 0
24 0 3 9 11 22 16 6 22 16 6 24
22 3 0 6 13 19 16 3 20 13 7 22
17 9 6 0 20 14 20 3 15 8 13 17
32 11 13 20 0 29 14 16 30 24 8 32
3 22 19 14 29 0 22 17 1 7 22 3
25 16 16 20 14 22 0 18 22 20 11 25
19 6 3 3 16 17 18 0 18 10 10 19
3 22 20 15 30 1 22 18 0 8 22 3
9 16 13 8 24 7 20 10 8 0 17 9
25 6 7 13 8 22 11 10 22 17 0 25
0 24 22 17 32 3 25 19 3 9 25 0
,
0 40 24 30 34 5 26 32 8 9 62 0
32 0 8 13 26 57 42 8 33 47 16 62
41 4 0 7 27 28 20 9 51 32 15 54
35 12 9 0 39 30 24 9 42 12 23 35
71 18 37 35 0 36 25 22 75 51 21 45
4 62 27 42 71 0 26 28 3 19 65 3
50 45 28 22 40 42 0 22 24 53 31 37
21 17 5 7 37 45 51 0 31 18 22 34
4 26 58 43 41 1 26 32 0 11 39 9
17 43 33 9 67 17 45 27 12 0 18 24
30 13 10 26 16 50 28 14 35 49 0 68
0 29 28 23 74 4 42 23 6 11 68 0