2
10
,
0 (9.0, 35.0) 40.0
1 (37.0, 36.0) 38.0
2 (20.0, 38.0) 75.0
3 (48.0, 41.0) 35.0
4 (4.0, 46.0) 84.0
5 (40.0, 18.0) 37.0
6 (48.0, 35.0) 62.0
7 (17.0, 19.0) 31.0
8 (42.0, 37.0) 62.0
9 (16.0, 28.0) 36.0
,
0 18 26 21 32 23 22 30 13 28 16 0
18 0 14 6 20 6 18 20 9 17 5 18
26 14 0 9 6 17 9 6 13 3 11 26
21 6 9 0 14 9 14 14 10 11 5 21
32 20 6 14 0 22 12 3 19 4 17 32
23 6 17 9 22 0 23 23 15 20 11 23
22 18 9 14 12 23 0 9 12 10 13 22
30 20 6 14 3 23 9 0 17 3 16 30
13 9 13 10 19 15 12 17 0 15 5 13
28 17 3 11 4 20 10 3 15 0 14 28
16 5 11 5 17 11 13 16 5 14 0 16
0 18 26 21 32 23 22 30 13 28 16 0
,
0 41 60 27 70 43 28 68 20 61 30 0
45 0 27 7 31 8 42 56 10 23 6 32
55 40 0 16 14 34 21 10 37 5 13 70
42 16 22 0 42 21 18 14 26 19 12 40
87 56 8 21 0 55 31 6 42 9 51 37
26 10 41 26 23 0 40 31 41 57 26 54
55 37 14 25 17 39 0 18 12 24 32 43
57 43 15 19 3 44 16 0 30 9 24 59
16 21 14 24 37 26 20 37 0 44 7 31
69 43 3 16 6 36 22 7 26 0 24 32
37 10 26 11 24 23 24 41 8 23 0 30
0 40 44 58 53 56 57 50 13 44 46 0