2
10
,
0 (9.0, 35.0) 57.0
1 (37.0, 36.0) 37.0
2 (20.0, 38.0) 66.0
3 (48.0, 41.0) 34.0
4 (4.0, 46.0) 34.0
5 (40.0, 18.0) 37.0
6 (48.0, 35.0) 87.0
7 (17.0, 19.0) 33.0
8 (42.0, 37.0) 33.0
9 (16.0, 28.0) 71.0
,
0 18 26 21 32 23 22 30 13 28 16 0
18 0 14 6 20 6 18 20 9 17 5 18
26 14 0 9 6 17 9 6 13 3 11 26
21 6 9 0 14 9 14 14 10 11 5 21
32 20 6 14 0 22 12 3 19 4 17 32
23 6 17 9 22 0 23 23 15 20 11 23
22 18 9 14 12 23 0 9 12 10 13 22
30 20 6 14 3 23 9 0 17 3 16 30
13 9 13 10 19 15 12 17 0 15 5 13
28 17 3 11 4 20 10 3 15 0 14 28
16 5 11 5 17 11 13 16 5 14 0 16
0 18 26 21 32 23 22 30 13 28 16 0
,
0 31 47 57 50 48 46 85 34 29 36 0
26 0 26 8 29 8 48 45 19 48 15 20
77 26 0 11 16 29 19 8 24 7 16 63
47 12 20 0 15 25 22 26 27 19 9 64
80 21 12 22 0 34 15 5 39 6 48 69
39 9 46 12 62 0 56 67 31 23 16 43
63 34 10 16 24 30 0 25 23 28 38 44
66 48 9 19 4 56 22 0 43 5 33 30
27 13 15 29 55 21 23 35 0 28 13 24
43 23 5 27 8 29 11 6 37 0 35 30
20 11 20 8 25 21 29 31 9 20 0 38
0 39 34 60 48 44 54 81 17 68 24 0