2
10
,
0 (9.0, 35.0) 76.0
1 (37.0, 36.0) 72.0
2 (20.0, 38.0) 33.0
3 (48.0, 41.0) 55.0
4 (4.0, 46.0) 64.0
5 (40.0, 18.0) 90.0
6 (48.0, 35.0) 32.0
7 (17.0, 19.0) 31.0
8 (42.0, 37.0) 32.0
9 (16.0, 28.0) 62.0
,
0 18 26 21 32 23 22 30 13 28 16 0
18 0 14 6 20 6 18 20 9 17 5 18
26 14 0 9 6 17 9 6 13 3 11 26
21 6 9 0 14 9 14 14 10 11 5 21
32 20 6 14 0 22 12 3 19 4 17 32
23 6 17 9 22 0 23 23 15 20 11 23
22 18 9 14 12 23 0 9 12 10 13 22
30 20 6 14 3 23 9 0 17 3 16 30
13 9 13 10 19 15 12 17 0 15 5 13
28 17 3 11 4 20 10 3 15 0 14 28
16 5 11 5 17 11 13 16 5 14 0 16
0 18 26 21 32 23 22 30 13 28 16 0
,
0 24 74 39 73 50 44 82 34 55 18 0
26 0 16 6 58 9 30 54 23 48 10 18
60 41 0 21 15 45 25 7 24 4 27 54
22 12 11 0 29 23 39 38 25 27 9 57
52 58 15 15 0 50 18 6 26 9 23 61
59 10 31 25 51 0 63 42 44 56 28 29
31 38 26 37 34 32 0 25 33 24 37 42
42 48 9 20 8 46 25 0 38 6 20 69
15 25 14 29 43 29 29 21 0 22 10 24
33 18 7 29 10 56 27 9 31 0 30 28
22 12 25 14 27 32 30 31 12 17 0 17
0 46 55 59 84 52 65 83 29 52 34 0