2
10
,
0 (9.0, 35.0) 73.0
1 (37.0, 36.0) 63.0
2 (20.0, 38.0) 57.0
3 (48.0, 41.0) 80.0
4 (4.0, 46.0) 68.0
5 (40.0, 18.0) 62.0
6 (48.0, 35.0) 65.0
7 (17.0, 19.0) 33.0
8 (42.0, 37.0) 69.0
9 (16.0, 28.0) 53.0
,
0 18 26 21 32 23 22 30 13 28 16 0
18 0 14 6 20 6 18 20 9 17 5 18
26 14 0 9 6 17 9 6 13 3 11 26
21 6 9 0 14 9 14 14 10 11 5 21
32 20 6 14 0 22 12 3 19 4 17 32
23 6 17 9 22 0 23 23 15 20 11 23
22 18 9 14 12 23 0 9 12 10 13 22
30 20 6 14 3 23 9 0 17 3 16 30
13 9 13 10 19 15 12 17 0 15 5 13
28 17 3 11 4 20 10 3 15 0 14 28
16 5 11 5 17 11 13 16 5 14 0 16
0 18 26 21 32 23 22 30 13 28 16 0
,
0 48 71 45 86 35 34 50 14 60 23 0
30 0 28 8 36 7 48 40 18 36 6 44
68 38 0 21 17 47 20 6 21 7 17 59
63 9 23 0 14 19 31 25 16 30 8 51
83 54 7 37 0 31 24 5 56 10 27 75
66 6 50 18 55 0 50 53 45 58 28 23
51 49 9 30 33 30 0 19 15 26 21 60
52 51 6 42 4 65 23 0 50 5 16 77
37 16 26 20 44 37 25 21 0 36 8 30
40 35 5 12 8 31 17 6 41 0 37 40
23 9 12 13 48 18 32 20 13 16 0 21
0 34 68 59 79 59 58 37 24 67 35 0