2
10
,
0 (9.0, 35.0) 77.0
1 (37.0, 36.0) 78.0
2 (20.0, 38.0) 38.0
3 (48.0, 41.0) 78.0
4 (4.0, 46.0) 83.0
5 (40.0, 18.0) 82.0
6 (48.0, 35.0) 74.0
7 (17.0, 19.0) 78.0
8 (42.0, 37.0) 51.0
9 (16.0, 28.0) 57.0
,
0 18 26 21 32 23 22 30 13 28 16 0
18 0 14 6 20 6 18 20 9 17 5 18
26 14 0 9 6 17 9 6 13 3 11 26
21 6 9 0 14 9 14 14 10 11 5 21
32 20 6 14 0 22 12 3 19 4 17 32
23 6 17 9 22 0 23 23 15 20 11 23
22 18 9 14 12 23 0 9 12 10 13 22
30 20 6 14 3 23 9 0 17 3 16 30
13 9 13 10 19 15 12 17 0 15 5 13
28 17 3 11 4 20 10 3 15 0 14 28
16 5 11 5 17 11 13 16 5 14 0 16
0 18 26 21 32 23 22 30 13 28 16 0
,
0 47 38 23 38 47 37 45 26 44 40 0
29 0 14 12 28 16 27 31 10 38 7 35
62 17 0 14 14 48 27 12 37 6 33 64
40 13 16 0 19 20 15 22 18 24 8 34
37 51 10 40 0 24 26 6 34 9 27 70
61 16 46 26 52 0 45 32 35 51 15 65
30 41 21 16 35 64 0 18 29 21 27 44
30 32 9 37 5 33 17 0 35 9 23 39
24 22 29 18 27 37 14 50 0 31 7 25
44 35 4 13 4 21 15 5 30 0 22 70
18 12 31 14 32 32 19 18 9 36 0 48
0 42 37 54 41 61 42 38 16 32 34 0