2
10
,
0 (9.0, 35.0) 38.0
1 (37.0, 36.0) 62.0
2 (20.0, 38.0) 86.0
3 (48.0, 41.0) 76.0
4 (4.0, 46.0) 82.0
5 (40.0, 18.0) 56.0
6 (48.0, 35.0) 60.0
7 (17.0, 19.0) 48.0
8 (42.0, 37.0) 65.0
9 (16.0, 28.0) 42.0
,
0 18 26 21 32 23 22 30 13 28 16 0
18 0 14 6 20 6 18 20 9 17 5 18
26 14 0 9 6 17 9 6 13 3 11 26
21 6 9 0 14 9 14 14 10 11 5 21
32 20 6 14 0 22 12 3 19 4 17 32
23 6 17 9 22 0 23 23 15 20 11 23
22 18 9 14 12 23 0 9 12 10 13 22
30 20 6 14 3 23 9 0 17 3 16 30
13 9 13 10 19 15 12 17 0 15 5 13
28 17 3 11 4 20 10 3 15 0 14 28
16 5 11 5 17 11 13 16 5 14 0 16
0 18 26 21 32 23 22 30 13 28 16 0
,
0 44 60 36 77 52 24 43 38 70 26 0
52 0 32 13 52 18 35 43 10 27 8 45
45 28 0 14 11 36 23 8 18 3 22 43
57 14 22 0 36 22 27 23 16 26 10 44
75 25 15 41 0 27 36 4 21 7 40 46
34 14 40 21 63 0 24 33 41 24 31 49
40 46 14 28 30 62 0 21 19 11 30 65
36 36 16 36 7 41 17 0 32 9 29 62
15 21 39 26 19 22 17 37 0 16 9 35
80 41 5 24 9 56 18 9 36 0 39 50
22 15 13 12 36 26 14 42 12 34 0 21
0 31 64 38 43 54 26 50 38 76 20 0