2
10
,
0 (9.0, 35.0) 43.0
1 (37.0, 36.0) 80.0
2 (20.0, 38.0) 55.0
3 (48.0, 41.0) 76.0
4 (4.0, 46.0) 40.0
5 (40.0, 18.0) 84.0
6 (48.0, 35.0) 36.0
7 (17.0, 19.0) 61.0
8 (42.0, 37.0) 41.0
9 (16.0, 28.0) 72.0
,
0 18 26 21 32 23 22 30 13 28 16 0
18 0 14 6 20 6 18 20 9 17 5 18
26 14 0 9 6 17 9 6 13 3 11 26
21 6 9 0 14 9 14 14 10 11 5 21
32 20 6 14 0 22 12 3 19 4 17 32
23 6 17 9 22 0 23 23 15 20 11 23
22 18 9 14 12 23 0 9 12 10 13 22
30 20 6 14 3 23 9 0 17 3 16 30
13 9 13 10 19 15 12 17 0 15 5 13
28 17 3 11 4 20 10 3 15 0 14 28
16 5 11 5 17 11 13 16 5 14 0 16
0 18 26 21 32 23 22 30 13 28 16 0
,
0 52 40 39 59 39 49 78 29 36 21 0
25 0 37 8 58 18 42 55 16 49 13 53
50 20 0 13 16 35 12 12 14 6 14 58
55 11 21 0 25 24 15 19 25 20 10 61
46 55 17 36 0 48 19 7 54 10 43 63
66 7 30 17 30 0 23 25 18 38 28 30
60 30 17 39 27 61 0 20 17 19 36 28
73 34 9 15 7 43 16 0 47 6 21 69
34 23 29 22 53 36 31 26 0 21 13 34
80 41 3 13 9 51 24 5 24 0 32 44
31 8 33 15 34 25 21 42 9 36 0 36
0 28 31 63 87 40 63 56 19 36 17 0