2
10
,
0 (9.0, 35.0) 79.0
1 (37.0, 36.0) 33.0
2 (20.0, 38.0) 78.0
3 (48.0, 41.0) 58.0
4 (4.0, 46.0) 34.0
5 (40.0, 18.0) 80.0
6 (48.0, 35.0) 68.0
7 (17.0, 19.0) 48.0
8 (42.0, 37.0) 42.0
9 (16.0, 28.0) 39.0
,
0 18 26 21 32 23 22 30 13 28 16 0
18 0 14 6 20 6 18 20 9 17 5 18
26 14 0 9 6 17 9 6 13 3 11 26
21 6 9 0 14 9 14 14 10 11 5 21
32 20 6 14 0 22 12 3 19 4 17 32
23 6 17 9 22 0 23 23 15 20 11 23
22 18 9 14 12 23 0 9 12 10 13 22
30 20 6 14 3 23 9 0 17 3 16 30
13 9 13 10 19 15 12 17 0 15 5 13
28 17 3 11 4 20 10 3 15 0 14 28
16 5 11 5 17 11 13 16 5 14 0 16
0 18 26 21 32 23 22 30 13 28 16 0
,
0 35 43 22 60 35 64 40 27 83 32 0
45 0 32 16 27 17 50 22 9 34 14 44
32 29 0 12 12 30 17 6 20 3 17 71
59 11 10 0 16 9 31 31 22 19 16 48
55 42 14 35 0 39 23 6 44 9 50 78
58 11 38 19 60 0 62 32 40 42 11 59
42 31 13 26 23 34 0 26 12 19 36 58
76 29 7 17 6 44 24 0 43 6 38 33
25 16 29 10 23 27 13 44 0 20 5 36
38 48 6 31 8 53 10 9 36 0 35 29
26 12 27 7 43 19 20 28 11 30 0 26
0 19 75 62 48 64 39 34 33 47 42 0