2
10
,
0 (9.0, 35.0) 50.0
1 (37.0, 36.0) 41.0
2 (20.0, 38.0) 42.0
3 (48.0, 41.0) 84.0
4 (4.0, 46.0) 47.0
5 (40.0, 18.0) 58.0
6 (48.0, 35.0) 40.0
7 (17.0, 19.0) 51.0
8 (42.0, 37.0) 44.0
9 (16.0, 28.0) 37.0
,
0 18 26 21 32 23 22 30 13 28 16 0
18 0 14 6 20 6 18 20 9 17 5 18
26 14 0 9 6 17 9 6 13 3 11 26
21 6 9 0 14 9 14 14 10 11 5 21
32 20 6 14 0 22 12 3 19 4 17 32
23 6 17 9 22 0 23 23 15 20 11 23
22 18 9 14 12 23 0 9 12 10 13 22
30 20 6 14 3 23 9 0 17 3 16 30
13 9 13 10 19 15 12 17 0 15 5 13
28 17 3 11 4 20 10 3 15 0 14 28
16 5 11 5 17 11 13 16 5 14 0 16
0 18 26 21 32 23 22 30 13 28 16 0
,
0 25 61 25 93 35 54 59 28 56 36 0
33 0 27 9 59 15 48 34 23 49 10 50
41 35 0 19 15 41 15 12 23 3 21 70
32 14 10 0 34 14 19 26 26 32 9 52
63 43 17 34 0 65 29 6 33 4 49 36
57 12 31 19 23 0 66 63 42 47 18 60
58 20 13 39 15 28 0 27 19 28 35 57
83 22 8 21 5 55 14 0 31 8 27 70
36 13 27 19 52 25 23 26 0 18 5 18
30 21 5 12 4 26 24 4 26 0 40 34
43 12 31 7 34 16 18 27 5 15 0 19
0 33 49 23 75 62 56 55 22 84 21 0