2
10
,
0 (9.0, 35.0) 88.0
1 (37.0, 36.0) 90.0
2 (20.0, 38.0) 38.0
3 (48.0, 41.0) 52.0
4 (4.0, 46.0) 68.0
5 (40.0, 18.0) 70.0
6 (48.0, 35.0) 55.0
7 (17.0, 19.0) 65.0
8 (42.0, 37.0) 85.0
9 (16.0, 28.0) 55.0
,
0 18 26 21 32 23 22 30 13 28 16 0
18 0 14 6 20 6 18 20 9 17 5 18
26 14 0 9 6 17 9 6 13 3 11 26
21 6 9 0 14 9 14 14 10 11 5 21
32 20 6 14 0 22 12 3 19 4 17 32
23 6 17 9 22 0 23 23 15 20 11 23
22 18 9 14 12 23 0 9 12 10 13 22
30 20 6 14 3 23 9 0 17 3 16 30
13 9 13 10 19 15 12 17 0 15 5 13
28 17 3 11 4 20 10 3 15 0 14 28
16 5 11 5 17 11 13 16 5 14 0 16
0 18 26 21 32 23 22 30 13 28 16 0
,
0 20 56 40 43 55 62 85 13 31 40 0
29 0 28 14 59 14 48 51 10 39 8 50
48 31 0 24 13 19 26 15 24 7 12 32
23 7 21 0 33 15 29 20 10 22 15 55
72 55 14 40 0 26 18 5 47 10 35 42
52 10 46 12 57 0 42 27 36 53 25 59
64 43 14 22 28 48 0 24 16 29 20 43
66 37 9 26 7 56 15 0 41 9 41 53
14 13 16 17 52 34 22 51 0 31 5 31
72 48 5 23 8 52 12 5 37 0 26 30
39 6 15 11 47 21 14 24 5 16 0 39
0 25 66 56 79 68 60 62 35 47 37 0