2
10
,
0 (9.0, 35.0) 50.0
1 (37.0, 36.0) 65.0
2 (20.0, 38.0) 74.0
3 (48.0, 41.0) 55.0
4 (4.0, 46.0) 67.0
5 (40.0, 18.0) 47.0
6 (48.0, 35.0) 43.0
7 (17.0, 19.0) 39.0
8 (42.0, 37.0) 55.0
9 (16.0, 28.0) 40.0
,
0 18 26 21 32 23 22 30 13 28 16 0
18 0 14 6 20 6 18 20 9 17 5 18
26 14 0 9 6 17 9 6 13 3 11 26
21 6 9 0 14 9 14 14 10 11 5 21
32 20 6 14 0 22 12 3 19 4 17 32
23 6 17 9 22 0 23 23 15 20 11 23
22 18 9 14 12 23 0 9 12 10 13 22
30 20 6 14 3 23 9 0 17 3 16 30
13 9 13 10 19 15 12 17 0 15 5 13
28 17 3 11 4 20 10 3 15 0 14 28
16 5 11 5 17 11 13 16 5 14 0 16
0 18 26 21 32 23 22 30 13 28 16 0
,
0 45 77 29 82 24 43 48 14 34 35 0
39 0 31 10 33 15 38 38 24 24 12 20
35 36 0 14 10 43 16 16 17 4 20 37
49 15 10 0 26 20 18 22 20 16 15 27
86 57 9 22 0 49 30 3 39 6 25 73
25 16 30 22 53 0 36 27 20 33 16 28
36 50 20 37 30 49 0 19 17 20 33 41
41 54 6 36 8 67 25 0 33 6 19 33
33 22 18 13 39 16 16 18 0 46 11 28
71 44 5 19 7 58 19 6 28 0 16 32
39 7 29 6 48 28 27 20 10 20 0 44
0 50 42 49 59 63 57 48 25 74 27 0