2
10
,
0 (9.0, 35.0) 79.0
1 (37.0, 36.0) 74.0
2 (20.0, 38.0) 62.0
3 (48.0, 41.0) 56.0
4 (4.0, 46.0) 86.0
5 (40.0, 18.0) 36.0
6 (48.0, 35.0) 54.0
7 (17.0, 19.0) 43.0
8 (42.0, 37.0) 64.0
9 (16.0, 28.0) 50.0
,
0 18 26 21 32 23 22 30 13 28 16 0
18 0 14 6 20 6 18 20 9 17 5 18
26 14 0 9 6 17 9 6 13 3 11 26
21 6 9 0 14 9 14 14 10 11 5 21
32 20 6 14 0 22 12 3 19 4 17 32
23 6 17 9 22 0 23 23 15 20 11 23
22 18 9 14 12 23 0 9 12 10 13 22
30 20 6 14 3 23 9 0 17 3 16 30
13 9 13 10 19 15 12 17 0 15 5 13
28 17 3 11 4 20 10 3 15 0 14 28
16 5 11 5 17 11 13 16 5 14 0 16
0 18 26 21 32 23 22 30 13 28 16 0
,
0 38 41 49 48 38 27 73 15 47 45 0
35 0 32 14 27 17 34 33 25 47 15 25
53 24 0 15 17 47 15 6 36 3 32 70
62 11 24 0 15 25 33 18 29 12 14 24
68 45 7 36 0 52 16 6 48 4 48 54
61 18 21 22 62 0 44 44 37 38 18 63
42 47 25 31 32 27 0 10 21 23 39 23
69 43 6 40 6 48 26 0 22 7 28 37
28 13 21 26 39 42 27 20 0 23 9 13
31 24 7 26 11 32 28 7 22 0 31 54
28 14 13 11 43 14 22 29 11 15 0 48
0 49 73 34 39 32 25 78 21 31 40 0