2
10
,
0 (9.0, 35.0) 83.0
1 (37.0, 36.0) 36.0
2 (20.0, 38.0) 59.0
3 (48.0, 41.0) 58.0
4 (4.0, 46.0) 30.0
5 (40.0, 18.0) 76.0
6 (48.0, 35.0) 54.0
7 (17.0, 19.0) 36.0
8 (42.0, 37.0) 67.0
9 (16.0, 28.0) 36.0
,
0 18 26 21 32 23 22 30 13 28 16 0
18 0 14 6 20 6 18 20 9 17 5 18
26 14 0 9 6 17 9 6 13 3 11 26
21 6 9 0 14 9 14 14 10 11 5 21
32 20 6 14 0 22 12 3 19 4 17 32
23 6 17 9 22 0 23 23 15 20 11 23
22 18 9 14 12 23 0 9 12 10 13 22
30 20 6 14 3 23 9 0 17 3 16 30
13 9 13 10 19 15 12 17 0 15 5 13
28 17 3 11 4 20 10 3 15 0 14 28
16 5 11 5 17 11 13 16 5 14 0 16
0 18 26 21 32 23 22 30 13 28 16 0
,
0 25 59 33 79 31 25 33 14 75 22 0
46 0 33 12 43 7 40 46 19 38 11 20
43 42 0 17 16 23 18 8 38 3 29 44
40 11 12 0 19 18 20 38 12 26 7 63
72 54 14 36 0 23 16 8 45 9 47 70
30 7 33 19 41 0 49 41 26 37 23 33
32 38 10 22 18 34 0 26 27 12 14 23
35 28 14 37 5 26 21 0 34 6 41 70
22 13 16 24 30 35 30 45 0 42 10 18
79 22 6 20 4 43 26 6 33 0 26 60
34 5 28 8 35 19 18 28 12 41 0 23
0 50 46 47 88 47 65 32 13 71 31 0