2
10
,
0 (9.0, 35.0) 63.0
1 (37.0, 36.0) 52.0
2 (20.0, 38.0) 48.0
3 (48.0, 41.0) 55.0
4 (4.0, 46.0) 53.0
5 (40.0, 18.0) 42.0
6 (48.0, 35.0) 36.0
7 (17.0, 19.0) 79.0
8 (42.0, 37.0) 44.0
9 (16.0, 28.0) 69.0
,
0 18 26 21 32 23 22 30 13 28 16 0
18 0 14 6 20 6 18 20 9 17 5 18
26 14 0 9 6 17 9 6 13 3 11 26
21 6 9 0 14 9 14 14 10 11 5 21
32 20 6 14 0 22 12 3 19 4 17 32
23 6 17 9 22 0 23 23 15 20 11 23
22 18 9 14 12 23 0 9 12 10 13 22
30 20 6 14 3 23 9 0 17 3 16 30
13 9 13 10 19 15 12 17 0 15 5 13
28 17 3 11 4 20 10 3 15 0 14 28
16 5 11 5 17 11 13 16 5 14 0 16
0 18 26 21 32 23 22 30 13 28 16 0
,
0 37 38 25 91 38 66 86 21 70 35 0
18 0 20 16 32 16 19 40 22 22 5 38
43 25 0 12 6 20 13 15 34 4 24 43
27 7 9 0 17 23 37 36 28 23 8 30
84 40 14 18 0 45 26 9 54 5 20 61
57 8 27 18 50 0 50 51 27 34 26 33
51 23 10 32 18 26 0 19 29 17 27 30
50 36 7 31 7 31 20 0 47 8 41 53
14 26 23 10 30 22 25 48 0 43 8 29
74 27 6 17 9 33 18 6 40 0 39 57
42 6 22 10 39 15 24 30 5 37 0 26
0 43 75 45 52 41 42 67 27 44 35 0