2
10
,
0 (9.0, 35.0) 32.0
1 (37.0, 36.0) 72.0
2 (20.0, 38.0) 39.0
3 (48.0, 41.0) 45.0
4 (4.0, 46.0) 31.0
5 (40.0, 18.0) 68.0
6 (48.0, 35.0) 35.0
7 (17.0, 19.0) 60.0
8 (42.0, 37.0) 39.0
9 (16.0, 28.0) 44.0
,
0 18 26 21 32 23 22 30 13 28 16 0
18 0 14 6 20 6 18 20 9 17 5 18
26 14 0 9 6 17 9 6 13 3 11 26
21 6 9 0 14 9 14 14 10 11 5 21
32 20 6 14 0 22 12 3 19 4 17 32
23 6 17 9 22 0 23 23 15 20 11 23
22 18 9 14 12 23 0 9 12 10 13 22
30 20 6 14 3 23 9 0 17 3 16 30
13 9 13 10 19 15 12 17 0 15 5 13
28 17 3 11 4 20 10 3 15 0 14 28
16 5 11 5 17 11 13 16 5 14 0 16
0 18 26 21 32 23 22 30 13 28 16 0
,
0 31 50 55 38 28 46 55 35 58 23 0
48 0 23 7 46 10 40 23 14 30 7 22
43 15 0 14 13 29 10 13 24 5 13 69
52 15 25 0 17 16 21 32 12 16 15 55
42 25 11 30 0 44 29 5 25 5 37 77
58 14 46 24 29 0 67 34 37 25 19 68
49 27 11 16 35 68 0 25 15 28 26 35
69 21 14 33 7 62 19 0 43 6 20 47
20 22 23 10 38 27 20 22 0 39 10 17
39 23 7 20 6 58 10 5 32 0 40 34
21 7 21 11 18 14 18 38 12 31 0 41
0 48 71 49 85 27 40 86 23 53 42 0