2
10
,
0 (9.0, 35.0) 45.0
1 (37.0, 36.0) 79.0
2 (20.0, 38.0) 75.0
3 (48.0, 41.0) 65.0
4 (4.0, 46.0) 80.0
5 (40.0, 18.0) 61.0
6 (48.0, 35.0) 67.0
7 (17.0, 19.0) 79.0
8 (42.0, 37.0) 76.0
9 (16.0, 28.0) 77.0
,
0 18 26 21 32 23 22 30 13 28 16 0
18 0 14 6 20 6 18 20 9 17 5 18
26 14 0 9 6 17 9 6 13 3 11 26
21 6 9 0 14 9 14 14 10 11 5 21
32 20 6 14 0 22 12 3 19 4 17 32
23 6 17 9 22 0 23 23 15 20 11 23
22 18 9 14 12 23 0 9 12 10 13 22
30 20 6 14 3 23 9 0 17 3 16 30
13 9 13 10 19 15 12 17 0 15 5 13
28 17 3 11 4 20 10 3 15 0 14 28
16 5 11 5 17 11 13 16 5 14 0 16
0 18 26 21 32 23 22 30 13 28 16 0
,
0 31 51 35 74 45 41 53 28 75 39 0
52 0 20 10 21 6 19 33 10 46 14 23
33 36 0 19 6 43 10 14 26 4 21 71
28 11 17 0 35 17 20 24 17 15 15 25
87 25 10 34 0 47 14 6 37 6 37 76
58 8 25 24 64 0 42 42 18 24 29 54
37 34 20 22 34 54 0 15 31 17 33 60
80 24 15 20 7 46 21 0 37 4 44 30
22 14 21 11 29 18 18 32 0 46 9 15
70 36 6 27 8 46 19 6 39 0 21 28
17 9 28 11 27 18 24 19 6 19 0 18
0 47 48 52 65 67 44 67 14 78 22 0