2
10
,
0 (9.0, 35.0) 56.0
1 (37.0, 36.0) 45.0
2 (20.0, 38.0) 53.0
3 (48.0, 41.0) 90.0
4 (4.0, 46.0) 48.0
5 (40.0, 18.0) 45.0
6 (48.0, 35.0) 33.0
7 (17.0, 19.0) 36.0
8 (42.0, 37.0) 49.0
9 (16.0, 28.0) 42.0
,
0 18 26 21 32 23 22 30 13 28 16 0
18 0 14 6 20 6 18 20 9 17 5 18
26 14 0 9 6 17 9 6 13 3 11 26
21 6 9 0 14 9 14 14 10 11 5 21
32 20 6 14 0 22 12 3 19 4 17 32
23 6 17 9 22 0 23 23 15 20 11 23
22 18 9 14 12 23 0 9 12 10 13 22
30 20 6 14 3 23 9 0 17 3 16 30
13 9 13 10 19 15 12 17 0 15 5 13
28 17 3 11 4 20 10 3 15 0 14 28
16 5 11 5 17 11 13 16 5 14 0 16
0 18 26 21 32 23 22 30 13 28 16 0
,
0 40 38 27 85 39 63 68 37 81 33 0
21 0 20 8 57 17 52 40 13 33 12 50
26 19 0 16 13 27 22 6 17 5 31 49
22 7 9 0 18 16 36 40 12 16 15 45
71 52 17 36 0 42 29 6 43 11 45 85
54 10 38 15 60 0 68 51 33 54 15 37
31 24 21 33 14 67 0 10 33 22 37 51
73 47 6 19 6 27 12 0 19 7 36 83
29 11 31 13 50 28 16 32 0 30 13 38
77 37 8 19 6 42 14 7 20 0 21 79
37 13 19 15 22 13 38 49 11 26 0 33
0 29 30 64 38 55 60 42 26 60 29 0