2
10
,
0 (9.0, 35.0) 89.0
1 (37.0, 36.0) 90.0
2 (20.0, 38.0) 66.0
3 (48.0, 41.0) 47.0
4 (4.0, 46.0) 56.0
5 (40.0, 18.0) 38.0
6 (48.0, 35.0) 52.0
7 (17.0, 19.0) 54.0
8 (42.0, 37.0) 61.0
9 (16.0, 28.0) 65.0
,
0 18 26 21 32 23 22 30 13 28 16 0
18 0 14 6 20 6 18 20 9 17 5 18
26 14 0 9 6 17 9 6 13 3 11 26
21 6 9 0 14 9 14 14 10 11 5 21
32 20 6 14 0 22 12 3 19 4 17 32
23 6 17 9 22 0 23 23 15 20 11 23
22 18 9 14 12 23 0 9 12 10 13 22
30 20 6 14 3 23 9 0 17 3 16 30
13 9 13 10 19 15 12 17 0 15 5 13
28 17 3 11 4 20 10 3 15 0 14 28
16 5 11 5 17 11 13 16 5 14 0 16
0 18 26 21 32 23 22 30 13 28 16 0
,
0 53 46 55 75 61 30 82 16 76 37 0
47 0 32 6 35 16 53 48 18 33 13 30
35 38 0 21 14 29 16 10 33 4 28 69
43 6 9 0 41 26 41 21 14 21 15 61
73 22 14 33 0 35 34 5 28 8 38 66
58 8 43 10 24 0 58 65 41 53 15 62
62 35 19 38 15 44 0 12 25 18 36 40
55 50 9 28 6 40 13 0 25 4 32 76
21 26 13 27 43 37 30 32 0 28 5 35
41 46 7 17 10 29 26 6 25 0 36 37
38 6 33 11 51 30 24 31 10 15 0 39
0 42 61 45 74 44 30 51 22 74 32 0