2
10
,
0 (9.0, 35.0) 31.0
1 (37.0, 36.0) 31.0
2 (20.0, 38.0) 40.0
3 (48.0, 41.0) 54.0
4 (4.0, 46.0) 30.0
5 (40.0, 18.0) 64.0
6 (48.0, 35.0) 35.0
7 (17.0, 19.0) 34.0
8 (42.0, 37.0) 67.0
9 (16.0, 28.0) 82.0
,
0 18 26 21 32 23 22 30 13 28 16 0
18 0 14 6 20 6 18 20 9 17 5 18
26 14 0 9 6 17 9 6 13 3 11 26
21 6 9 0 14 9 14 14 10 11 5 21
32 20 6 14 0 22 12 3 19 4 17 32
23 6 17 9 22 0 23 23 15 20 11 23
22 18 9 14 12 23 0 9 12 10 13 22
30 20 6 14 3 23 9 0 17 3 16 30
13 9 13 10 19 15 12 17 0 15 5 13
28 17 3 11 4 20 10 3 15 0 14 28
16 5 11 5 17 11 13 16 5 14 0 16
0 18 26 21 32 23 22 30 13 28 16 0
,
0 27 67 58 91 51 42 78 32 60 42 0
46 0 35 10 28 10 44 51 22 42 13 18
41 27 0 22 6 20 21 14 27 7 28 31
26 17 12 0 32 13 17 36 24 32 6 25
80 41 14 31 0 27 14 4 44 10 27 47
27 15 47 24 35 0 27 44 30 47 18 67
38 22 26 19 29 24 0 10 14 27 32 61
78 20 12 32 3 26 12 0 51 8 49 58
14 20 27 18 53 26 25 18 0 33 8 35
53 33 6 27 4 52 27 7 36 0 23 50
32 11 21 7 23 23 18 38 5 17 0 46
0 36 50 35 89 55 44 36 24 62 40 0