2
10
,
0 (9.0, 35.0) 47.0
1 (37.0, 36.0) 65.0
2 (20.0, 38.0) 38.0
3 (48.0, 41.0) 61.0
4 (4.0, 46.0) 67.0
5 (40.0, 18.0) 68.0
6 (48.0, 35.0) 77.0
7 (17.0, 19.0) 44.0
8 (42.0, 37.0) 90.0
9 (16.0, 28.0) 56.0
,
0 18 26 21 32 23 22 30 13 28 16 0
18 0 14 6 20 6 18 20 9 17 5 18
26 14 0 9 6 17 9 6 13 3 11 26
21 6 9 0 14 9 14 14 10 11 5 21
32 20 6 14 0 22 12 3 19 4 17 32
23 6 17 9 22 0 23 23 15 20 11 23
22 18 9 14 12 23 0 9 12 10 13 22
30 20 6 14 3 23 9 0 17 3 16 30
13 9 13 10 19 15 12 17 0 15 5 13
28 17 3 11 4 20 10 3 15 0 14 28
16 5 11 5 17 11 13 16 5 14 0 16
0 18 26 21 32 23 22 30 13 28 16 0
,
0 38 27 49 74 50 34 42 15 64 18 0
25 0 35 12 52 6 18 32 15 47 6 50
74 22 0 11 14 36 10 13 27 4 29 71
63 11 12 0 41 16 38 16 22 13 13 38
51 27 13 36 0 38 17 7 48 5 21 43
31 18 36 13 58 0 39 38 16 58 23 52
59 35 18 38 32 52 0 26 15 14 26 37
51 34 15 23 9 65 21 0 19 7 31 55
37 12 18 21 52 23 16 30 0 17 9 24
31 48 6 13 7 25 27 4 32 0 14 31
32 7 15 7 25 24 20 21 10 40 0 18
0 30 55 63 75 36 46 74 34 34 38 0