2
10
,
0 (9.0, 35.0) 48.0
1 (37.0, 36.0) 74.0
2 (20.0, 38.0) 90.0
3 (48.0, 41.0) 66.0
4 (4.0, 46.0) 83.0
5 (40.0, 18.0) 81.0
6 (48.0, 35.0) 43.0
7 (17.0, 19.0) 55.0
8 (42.0, 37.0) 39.0
9 (16.0, 28.0) 39.0
,
0 18 26 21 32 23 22 30 13 28 16 0
18 0 14 6 20 6 18 20 9 17 5 18
26 14 0 9 6 17 9 6 13 3 11 26
21 6 9 0 14 9 14 14 10 11 5 21
32 20 6 14 0 22 12 3 19 4 17 32
23 6 17 9 22 0 23 23 15 20 11 23
22 18 9 14 12 23 0 9 12 10 13 22
30 20 6 14 3 23 9 0 17 3 16 30
13 9 13 10 19 15 12 17 0 15 5 13
28 17 3 11 4 20 10 3 15 0 14 28
16 5 11 5 17 11 13 16 5 14 0 16
0 18 26 21 32 23 22 30 13 28 16 0
,
0 52 46 23 48 33 61 79 24 39 23 0
26 0 18 11 36 11 40 49 10 44 14 24
73 20 0 9 17 17 24 15 13 4 14 63
37 14 11 0 38 12 16 42 16 30 9 24
48 25 13 36 0 47 29 6 53 10 48 50
40 12 38 19 65 0 26 45 43 20 20 54
51 37 15 41 19 45 0 23 32 16 29 23
48 56 14 33 4 60 19 0 38 6 40 31
28 21 32 24 38 21 34 43 0 19 12 17
52 26 4 14 11 45 10 9 41 0 18 63
27 7 19 15 32 11 23 37 9 25 0 43
0 22 69 61 94 48 46 32 32 72 23 0