2
10
,
0 (9.0, 35.0) 40.0
1 (37.0, 36.0) 76.0
2 (20.0, 38.0) 58.0
3 (48.0, 41.0) 40.0
4 (4.0, 46.0) 78.0
5 (40.0, 18.0) 40.0
6 (48.0, 35.0) 59.0
7 (17.0, 19.0) 36.0
8 (42.0, 37.0) 47.0
9 (16.0, 28.0) 36.0
,
0 18 26 21 32 23 22 30 13 28 16 0
18 0 14 6 20 6 18 20 9 17 5 18
26 14 0 9 6 17 9 6 13 3 11 26
21 6 9 0 14 9 14 14 10 11 5 21
32 20 6 14 0 22 12 3 19 4 17 32
23 6 17 9 22 0 23 23 15 20 11 23
22 18 9 14 12 23 0 9 12 10 13 22
30 20 6 14 3 23 9 0 17 3 16 30
13 9 13 10 19 15 12 17 0 15 5 13
28 17 3 11 4 20 10 3 15 0 14 28
16 5 11 5 17 11 13 16 5 14 0 16
0 18 26 21 32 23 22 30 13 28 16 0
,
0 40 35 32 88 44 55 51 28 38 44 0
51 0 16 11 34 10 19 21 23 48 15 44
28 17 0 12 14 21 20 13 31 4 20 44
29 6 17 0 30 23 32 18 24 22 11 60
62 32 13 19 0 25 25 9 57 10 22 48
32 10 19 27 37 0 37 23 34 55 12 65
39 52 14 20 29 43 0 27 15 13 19 32
48 28 10 33 6 53 17 0 22 5 27 30
17 15 25 29 40 39 13 35 0 30 12 28
49 48 6 16 6 48 14 8 26 0 19 30
29 11 30 11 35 12 30 21 8 17 0 48
0 48 33 38 65 45 56 42 29 48 35 0