2
10
,
0 (9.0, 35.0) 49.0
1 (37.0, 36.0) 70.0
2 (20.0, 38.0) 41.0
3 (48.0, 41.0) 73.0
4 (4.0, 46.0) 78.0
5 (40.0, 18.0) 33.0
6 (48.0, 35.0) 87.0
7 (17.0, 19.0) 57.0
8 (42.0, 37.0) 31.0
9 (16.0, 28.0) 53.0
,
0 18 26 21 32 23 22 30 13 28 16 0
18 0 14 6 20 6 18 20 9 17 5 18
26 14 0 9 6 17 9 6 13 3 11 26
21 6 9 0 14 9 14 14 10 11 5 21
32 20 6 14 0 22 12 3 19 4 17 32
23 6 17 9 22 0 23 23 15 20 11 23
22 18 9 14 12 23 0 9 12 10 13 22
30 20 6 14 3 23 9 0 17 3 16 30
13 9 13 10 19 15 12 17 0 15 5 13
28 17 3 11 4 20 10 3 15 0 14 28
16 5 11 5 17 11 13 16 5 14 0 16
0 18 26 21 32 23 22 30 13 28 16 0
,
0 44 59 41 41 28 29 54 22 58 35 0
37 0 22 7 45 15 34 42 13 36 14 26
73 24 0 13 9 51 21 16 34 5 13 59
57 12 16 0 25 25 42 21 13 29 8 26
60 32 13 41 0 49 36 9 34 10 17 32
33 17 34 23 24 0 54 58 25 35 18 51
58 27 27 17 34 66 0 18 29 23 24 47
53 32 10 16 7 41 21 0 49 7 20 33
30 17 15 17 47 24 26 18 0 30 6 17
56 43 3 31 7 28 10 4 20 0 17 70
21 10 23 16 46 26 19 22 10 19 0 33
0 32 27 29 65 24 42 67 20 72 32 0