2
10
,
0 (9.0, 35.0) 62.0
1 (37.0, 36.0) 74.0
2 (20.0, 38.0) 50.0
3 (48.0, 41.0) 56.0
4 (4.0, 46.0) 50.0
5 (40.0, 18.0) 55.0
6 (48.0, 35.0) 84.0
7 (17.0, 19.0) 68.0
8 (42.0, 37.0) 60.0
9 (16.0, 28.0) 56.0
,
0 18 26 21 32 23 22 30 13 28 16 0
18 0 14 6 20 6 18 20 9 17 5 18
26 14 0 9 6 17 9 6 13 3 11 26
21 6 9 0 14 9 14 14 10 11 5 21
32 20 6 14 0 22 12 3 19 4 17 32
23 6 17 9 22 0 23 23 15 20 11 23
22 18 9 14 12 23 0 9 12 10 13 22
30 20 6 14 3 23 9 0 17 3 16 30
13 9 13 10 19 15 12 17 0 15 5 13
28 17 3 11 4 20 10 3 15 0 14 28
16 5 11 5 17 11 13 16 5 14 0 16
0 18 26 21 32 23 22 30 13 28 16 0
,
0 23 27 46 63 31 40 40 20 43 16 0
34 0 23 10 49 16 53 57 12 46 9 44
40 35 0 10 8 30 25 10 24 6 22 43
35 13 21 0 32 11 29 33 24 22 6 47
62 56 14 24 0 54 28 9 32 8 23 56
32 11 18 20 56 0 64 37 26 23 18 30
50 53 15 32 19 55 0 13 15 20 35 51
54 24 7 41 4 62 10 0 30 6 49 41
29 14 36 20 51 26 13 39 0 32 5 34
71 32 7 24 9 53 21 7 35 0 29 51
35 7 16 9 22 15 38 25 11 23 0 32
0 37 31 55 82 28 38 30 33 71 27 0