2
10
,
0 (9.0, 35.0) 77.0
1 (37.0, 36.0) 33.0
2 (20.0, 38.0) 86.0
3 (48.0, 41.0) 67.0
4 (4.0, 46.0) 38.0
5 (40.0, 18.0) 38.0
6 (48.0, 35.0) 39.0
7 (17.0, 19.0) 68.0
8 (42.0, 37.0) 82.0
9 (16.0, 28.0) 30.0
,
0 18 26 21 32 23 22 30 13 28 16 0
18 0 14 6 20 6 18 20 9 17 5 18
26 14 0 9 6 17 9 6 13 3 11 26
21 6 9 0 14 9 14 14 10 11 5 21
32 20 6 14 0 22 12 3 19 4 17 32
23 6 17 9 22 0 23 23 15 20 11 23
22 18 9 14 12 23 0 9 12 10 13 22
30 20 6 14 3 23 9 0 17 3 16 30
13 9 13 10 19 15 12 17 0 15 5 13
28 17 3 11 4 20 10 3 15 0 14 28
16 5 11 5 17 11 13 16 5 14 0 16
0 18 26 21 32 23 22 30 13 28 16 0
,
0 25 42 23 73 44 34 69 31 78 36 0
35 0 30 11 49 10 30 52 16 46 12 27
75 34 0 21 15 44 9 12 34 5 11 70
59 12 16 0 37 17 19 21 24 31 8 63
48 29 12 19 0 44 19 4 31 5 45 72
28 10 42 10 24 0 38 30 42 29 24 61
59 52 25 14 35 67 0 22 23 21 28 38
31 57 14 37 4 27 26 0 52 8 41 51
37 25 37 15 25 31 30 34 0 42 5 17
32 21 7 29 7 39 27 7 18 0 19 44
32 10 21 12 28 21 21 20 9 29 0 27
0 51 51 40 87 36 47 82 14 29 16 0