2
10
,
0 (9.0, 35.0) 55.0
1 (37.0, 36.0) 71.0
2 (20.0, 38.0) 79.0
3 (48.0, 41.0) 47.0
4 (4.0, 46.0) 39.0
5 (40.0, 18.0) 32.0
6 (48.0, 35.0) 42.0
7 (17.0, 19.0) 56.0
8 (42.0, 37.0) 80.0
9 (16.0, 28.0) 45.0
,
0 18 26 21 32 23 22 30 13 28 16 0
18 0 14 6 20 6 18 20 9 17 5 18
26 14 0 9 6 17 9 6 13 3 11 26
21 6 9 0 14 9 14 14 10 11 5 21
32 20 6 14 0 22 12 3 19 4 17 32
23 6 17 9 22 0 23 23 15 20 11 23
22 18 9 14 12 23 0 9 12 10 13 22
30 20 6 14 3 23 9 0 17 3 16 30
13 9 13 10 19 15 12 17 0 15 5 13
28 17 3 11 4 20 10 3 15 0 14 28
16 5 11 5 17 11 13 16 5 14 0 16
0 18 26 21 32 23 22 30 13 28 16 0
,
0 20 56 34 39 39 42 65 14 48 39 0
43 0 35 6 46 12 34 57 19 39 10 36
31 22 0 11 7 49 18 16 14 3 21 60
30 16 25 0 18 21 18 22 23 21 13 26
46 50 15 37 0 31 26 4 39 5 37 41
42 8 47 12 36 0 42 65 41 49 15 51
29 39 14 32 32 51 0 13 23 25 15 43
65 39 6 22 7 53 24 0 43 4 29 62
21 20 24 11 48 39 19 44 0 37 11 37
55 42 7 19 6 25 17 6 31 0 25 62
23 14 18 10 32 12 29 45 7 29 0 46
0 47 43 28 90 27 46 30 13 34 26 0