2
10
,
0 (9.0, 35.0) 51.0
1 (37.0, 36.0) 58.0
2 (20.0, 38.0) 71.0
3 (48.0, 41.0) 78.0
4 (4.0, 46.0) 66.0
5 (40.0, 18.0) 38.0
6 (48.0, 35.0) 85.0
7 (17.0, 19.0) 36.0
8 (42.0, 37.0) 75.0
9 (16.0, 28.0) 38.0
,
0 18 26 21 32 23 22 30 13 28 16 0
18 0 14 6 20 6 18 20 9 17 5 18
26 14 0 9 6 17 9 6 13 3 11 26
21 6 9 0 14 9 14 14 10 11 5 21
32 20 6 14 0 22 12 3 19 4 17 32
23 6 17 9 22 0 23 23 15 20 11 23
22 18 9 14 12 23 0 9 12 10 13 22
30 20 6 14 3 23 9 0 17 3 16 30
13 9 13 10 19 15 12 17 0 15 5 13
28 17 3 11 4 20 10 3 15 0 14 28
16 5 11 5 17 11 13 16 5 14 0 16
0 18 26 21 32 23 22 30 13 28 16 0
,
0 20 58 44 67 69 63 70 35 72 22 0
47 0 27 9 36 16 51 44 26 45 12 47
29 41 0 11 18 24 22 6 37 3 19 42
46 9 19 0 35 22 36 16 13 15 13 57
37 25 8 23 0 51 23 9 25 5 24 63
32 14 35 24 32 0 37 48 27 43 30 67
34 29 23 30 22 45 0 15 12 16 27 59
64 25 12 40 8 51 17 0 38 9 27 44
21 15 38 21 23 18 21 52 0 18 6 26
55 27 7 18 6 41 17 4 29 0 18 80
26 14 13 13 49 12 24 31 8 37 0 46
0 21 76 46 33 37 52 66 19 55 30 0