2
10
,
0 (9.0, 35.0) 37.0
1 (37.0, 36.0) 34.0
2 (20.0, 38.0) 81.0
3 (48.0, 41.0) 61.0
4 (4.0, 46.0) 48.0
5 (40.0, 18.0) 35.0
6 (48.0, 35.0) 39.0
7 (17.0, 19.0) 90.0
8 (42.0, 37.0) 43.0
9 (16.0, 28.0) 50.0
,
0 18 26 21 32 23 22 30 13 28 16 0
18 0 14 6 20 6 18 20 9 17 5 18
26 14 0 9 6 17 9 6 13 3 11 26
21 6 9 0 14 9 14 14 10 11 5 21
32 20 6 14 0 22 12 3 19 4 17 32
23 6 17 9 22 0 23 23 15 20 11 23
22 18 9 14 12 23 0 9 12 10 13 22
30 20 6 14 3 23 9 0 17 3 16 30
13 9 13 10 19 15 12 17 0 15 5 13
28 17 3 11 4 20 10 3 15 0 14 28
16 5 11 5 17 11 13 16 5 14 0 16
0 18 26 21 32 23 22 30 13 28 16 0
,
0 25 28 38 89 27 63 34 38 60 29 0
29 0 40 16 21 16 35 32 10 31 12 23
63 19 0 25 8 27 26 14 25 5 15 51
47 8 20 0 41 13 18 20 10 19 7 55
85 21 6 22 0 52 27 5 36 4 37 71
66 12 47 26 57 0 41 51 41 20 31 37
58 26 10 17 30 64 0 12 31 21 20 44
78 30 15 30 6 28 11 0 19 6 20 80
25 14 30 20 49 43 24 46 0 39 11 37
81 45 7 18 8 51 18 9 40 0 32 73
46 13 18 6 29 20 38 17 5 33 0 31
0 20 26 50 58 45 35 50 29 38 28 0