2
10
,
0 (9.0, 35.0) 53.0
1 (37.0, 36.0) 80.0
2 (20.0, 38.0) 54.0
3 (48.0, 41.0) 53.0
4 (4.0, 46.0) 49.0
5 (40.0, 18.0) 32.0
6 (48.0, 35.0) 40.0
7 (17.0, 19.0) 55.0
8 (42.0, 37.0) 73.0
9 (16.0, 28.0) 35.0
,
0 18 26 21 32 23 22 30 13 28 16 0
18 0 14 6 20 6 18 20 9 17 5 18
26 14 0 9 6 17 9 6 13 3 11 26
21 6 9 0 14 9 14 14 10 11 5 21
32 20 6 14 0 22 12 3 19 4 17 32
23 6 17 9 22 0 23 23 15 20 11 23
22 18 9 14 12 23 0 9 12 10 13 22
30 20 6 14 3 23 9 0 17 3 16 30
13 9 13 10 19 15 12 17 0 15 5 13
28 17 3 11 4 20 10 3 15 0 14 28
16 5 11 5 17 11 13 16 5 14 0 16
0 18 26 21 32 23 22 30 13 28 16 0
,
0 32 70 53 37 34 25 54 22 73 34 0
43 0 35 7 22 9 48 31 24 19 10 24
74 41 0 18 10 36 13 12 19 6 13 58
55 9 18 0 38 11 40 29 28 30 14 33
63 28 8 39 0 59 13 6 36 7 36 38
32 9 38 21 66 0 40 57 42 43 13 52
56 25 17 34 13 58 0 27 13 21 27 51
66 48 16 28 9 50 21 0 46 3 38 61
33 14 36 14 43 22 28 44 0 22 10 34
61 25 4 31 10 52 24 9 24 0 32 59
20 14 22 7 45 26 20 21 11 41 0 45
0 53 29 36 84 61 43 76 38 76 34 0