2
10
,
0 (9.0, 35.0) 33.0
1 (37.0, 36.0) 54.0
2 (20.0, 38.0) 43.0
3 (48.0, 41.0) 56.0
4 (4.0, 46.0) 72.0
5 (40.0, 18.0) 58.0
6 (48.0, 35.0) 44.0
7 (17.0, 19.0) 37.0
8 (42.0, 37.0) 68.0
9 (16.0, 28.0) 62.0
,
0 18 26 21 32 23 22 30 13 28 16 0
18 0 14 6 20 6 18 20 9 17 5 18
26 14 0 9 6 17 9 6 13 3 11 26
21 6 9 0 14 9 14 14 10 11 5 21
32 20 6 14 0 22 12 3 19 4 17 32
23 6 17 9 22 0 23 23 15 20 11 23
22 18 9 14 12 23 0 9 12 10 13 22
30 20 6 14 3 23 9 0 17 3 16 30
13 9 13 10 19 15 12 17 0 15 5 13
28 17 3 11 4 20 10 3 15 0 14 28
16 5 11 5 17 11 13 16 5 14 0 16
0 18 26 21 32 23 22 30 13 28 16 0
,
0 54 67 30 70 65 35 33 32 37 32 0
44 0 33 11 55 11 21 28 19 49 7 39
40 35 0 19 17 34 10 16 21 6 24 63
46 16 17 0 29 12 24 14 19 31 13 36
42 51 17 18 0 50 26 4 39 7 31 93
39 8 29 24 51 0 63 55 24 25 28 38
51 43 24 16 35 54 0 12 19 12 29 46
50 57 14 34 4 37 25 0 52 5 25 59
16 10 35 13 51 22 30 33 0 20 13 15
45 29 3 16 6 48 13 9 43 0 25 56
26 10 23 14 36 27 36 48 9 30 0 22
0 42 28 48 55 39 23 78 16 54 43 0