2
10
,
0 (9.0, 35.0) 34.0
1 (37.0, 36.0) 56.0
2 (20.0, 38.0) 86.0
3 (48.0, 41.0) 47.0
4 (4.0, 46.0) 63.0
5 (40.0, 18.0) 39.0
6 (48.0, 35.0) 48.0
7 (17.0, 19.0) 71.0
8 (42.0, 37.0) 73.0
9 (16.0, 28.0) 62.0
,
0 18 26 21 32 23 22 30 13 28 16 0
18 0 14 6 20 6 18 20 9 17 5 18
26 14 0 9 6 17 9 6 13 3 11 26
21 6 9 0 14 9 14 14 10 11 5 21
32 20 6 14 0 22 12 3 19 4 17 32
23 6 17 9 22 0 23 23 15 20 11 23
22 18 9 14 12 23 0 9 12 10 13 22
30 20 6 14 3 23 9 0 17 3 16 30
13 9 13 10 19 15 12 17 0 15 5 13
28 17 3 11 4 20 10 3 15 0 14 28
16 5 11 5 17 11 13 16 5 14 0 16
0 18 26 21 32 23 22 30 13 28 16 0
,
0 42 53 39 54 51 52 57 24 61 37 0
21 0 39 7 58 12 40 28 20 24 12 41
36 27 0 15 9 20 14 10 34 6 25 40
54 6 14 0 40 21 21 22 13 22 11 46
36 56 7 26 0 50 22 3 43 7 24 61
58 8 51 10 51 0 44 25 39 36 19 63
38 30 19 21 32 54 0 22 12 11 27 44
57 44 16 32 5 62 16 0 33 5 25 79
14 13 33 12 56 40 31 25 0 18 11 19
46 42 7 16 5 38 26 9 21 0 23 46
46 5 19 7 50 26 14 44 9 27 0 36
0 42 52 36 44 55 38 53 30 35 31 0