2
10
,
0 (9.0, 35.0) 51.0
1 (37.0, 36.0) 35.0
2 (20.0, 38.0) 46.0
3 (48.0, 41.0) 36.0
4 (4.0, 46.0) 43.0
5 (40.0, 18.0) 86.0
6 (48.0, 35.0) 38.0
7 (17.0, 19.0) 71.0
8 (42.0, 37.0) 48.0
9 (16.0, 28.0) 77.0
,
0 18 26 21 32 23 22 30 13 28 16 0
18 0 14 6 20 6 18 20 9 17 5 18
26 14 0 9 6 17 9 6 13 3 11 26
21 6 9 0 14 9 14 14 10 11 5 21
32 20 6 14 0 22 12 3 19 4 17 32
23 6 17 9 22 0 23 23 15 20 11 23
22 18 9 14 12 23 0 9 12 10 13 22
30 20 6 14 3 23 9 0 17 3 16 30
13 9 13 10 19 15 12 17 0 15 5 13
28 17 3 11 4 20 10 3 15 0 14 28
16 5 11 5 17 11 13 16 5 14 0 16
0 18 26 21 32 23 22 30 13 28 16 0
,
0 23 47 24 71 69 60 32 21 30 40 0
51 0 33 13 40 17 41 47 27 33 10 33
50 21 0 24 17 19 17 9 30 6 14 37
62 15 24 0 24 18 22 25 28 20 16 52
78 56 12 18 0 56 15 5 27 5 48 35
32 13 32 21 42 0 67 38 21 31 27 46
46 43 20 39 29 38 0 18 24 27 34 36
51 47 16 35 7 66 18 0 22 5 23 35
37 16 27 14 53 22 31 44 0 36 11 30
42 42 6 28 5 54 28 5 41 0 20 77
18 10 28 10 21 22 24 43 10 41 0 42
0 22 70 57 76 56 41 38 17 35 17 0