2
10
,
0 (9.0, 35.0) 47.0
1 (37.0, 36.0) 49.0
2 (20.0, 38.0) 69.0
3 (48.0, 41.0) 62.0
4 (4.0, 46.0) 54.0
5 (40.0, 18.0) 41.0
6 (48.0, 35.0) 60.0
7 (17.0, 19.0) 75.0
8 (42.0, 37.0) 36.0
9 (16.0, 28.0) 36.0
,
0 18 26 21 32 23 22 30 13 28 16 0
18 0 14 6 20 6 18 20 9 17 5 18
26 14 0 9 6 17 9 6 13 3 11 26
21 6 9 0 14 9 14 14 10 11 5 21
32 20 6 14 0 22 12 3 19 4 17 32
23 6 17 9 22 0 23 23 15 20 11 23
22 18 9 14 12 23 0 9 12 10 13 22
30 20 6 14 3 23 9 0 17 3 16 30
13 9 13 10 19 15 12 17 0 15 5 13
28 17 3 11 4 20 10 3 15 0 14 28
16 5 11 5 17 11 13 16 5 14 0 16
0 18 26 21 32 23 22 30 13 28 16 0
,
0 19 73 60 34 32 40 74 35 64 36 0
53 0 27 16 40 9 29 47 9 17 11 19
31 22 0 15 8 50 26 9 34 3 25 46
45 12 13 0 32 17 34 18 19 19 7 48
49 47 8 16 0 61 18 4 42 11 38 63
39 18 28 10 55 0 43 30 26 25 24 67
30 49 20 42 19 52 0 14 27 21 34 37
77 32 13 21 6 54 13 0 40 5 28 42
22 13 31 16 35 39 12 21 0 35 9 33
71 21 6 26 8 54 23 7 38 0 39 76
25 9 30 16 42 12 35 35 6 37 0 27
0 47 74 38 37 60 33 85 28 69 44 0