2
10
,
0 (9.0, 35.0) 73.0
1 (37.0, 36.0) 56.0
2 (20.0, 38.0) 58.0
3 (48.0, 41.0) 53.0
4 (4.0, 46.0) 56.0
5 (40.0, 18.0) 53.0
6 (48.0, 35.0) 51.0
7 (17.0, 19.0) 80.0
8 (42.0, 37.0) 89.0
9 (16.0, 28.0) 30.0
,
0 18 26 21 32 23 22 30 13 28 16 0
18 0 14 6 20 6 18 20 9 17 5 18
26 14 0 9 6 17 9 6 13 3 11 26
21 6 9 0 14 9 14 14 10 11 5 21
32 20 6 14 0 22 12 3 19 4 17 32
23 6 17 9 22 0 23 23 15 20 11 23
22 18 9 14 12 23 0 9 12 10 13 22
30 20 6 14 3 23 9 0 17 3 16 30
13 9 13 10 19 15 12 17 0 15 5 13
28 17 3 11 4 20 10 3 15 0 14 28
16 5 11 5 17 11 13 16 5 14 0 16
0 18 26 21 32 23 22 30 13 28 16 0
,
0 39 67 64 58 52 34 40 14 34 28 0
20 0 30 17 59 12 19 39 10 26 9 54
67 15 0 14 14 48 16 14 22 6 18 71
37 13 12 0 42 19 25 40 20 12 6 49
67 20 14 38 0 40 30 3 47 4 34 34
52 18 25 22 55 0 41 67 24 21 17 44
26 22 18 33 28 59 0 23 33 12 32 45
59 35 11 32 8 38 23 0 39 7 21 30
26 19 14 10 50 45 12 41 0 40 13 16
54 23 5 21 10 52 23 6 24 0 24 84
29 15 13 7 36 13 24 19 5 28 0 23
0 37 44 37 70 30 50 49 32 37 38 0