2
10
,
0 (9.0, 35.0) 51.0
1 (37.0, 36.0) 38.0
2 (20.0, 38.0) 55.0
3 (48.0, 41.0) 79.0
4 (4.0, 46.0) 64.0
5 (40.0, 18.0) 82.0
6 (48.0, 35.0) 62.0
7 (17.0, 19.0) 81.0
8 (42.0, 37.0) 43.0
9 (16.0, 28.0) 69.0
,
0 18 26 21 32 23 22 30 13 28 16 0
18 0 14 6 20 6 18 20 9 17 5 18
26 14 0 9 6 17 9 6 13 3 11 26
21 6 9 0 14 9 14 14 10 11 5 21
32 20 6 14 0 22 12 3 19 4 17 32
23 6 17 9 22 0 23 23 15 20 11 23
22 18 9 14 12 23 0 9 12 10 13 22
30 20 6 14 3 23 9 0 17 3 16 30
13 9 13 10 19 15 12 17 0 15 5 13
28 17 3 11 4 20 10 3 15 0 14 28
16 5 11 5 17 11 13 16 5 14 0 16
0 18 26 21 32 23 22 30 13 28 16 0
,
0 25 52 54 80 58 49 87 36 74 42 0
27 0 18 9 29 9 19 26 13 47 11 38
42 34 0 21 15 33 17 10 35 5 14 47
58 10 20 0 37 14 30 16 11 21 10 42
45 26 7 15 0 40 35 3 42 8 30 86
67 13 25 13 26 0 57 60 32 51 24 36
33 30 21 33 15 28 0 13 33 26 15 38
36 40 15 40 8 66 13 0 31 3 37 76
19 18 20 28 40 26 30 20 0 36 5 29
37 46 3 12 10 57 17 6 32 0 28 75
24 12 23 7 18 19 21 44 10 35 0 30
0 29 40 22 75 54 27 59 18 78 42 0