2
10
,
0 (9.0, 35.0) 52.0
1 (37.0, 36.0) 75.0
2 (20.0, 38.0) 55.0
3 (48.0, 41.0) 72.0
4 (4.0, 46.0) 50.0
5 (40.0, 18.0) 60.0
6 (48.0, 35.0) 62.0
7 (17.0, 19.0) 71.0
8 (42.0, 37.0) 46.0
9 (16.0, 28.0) 31.0
,
0 18 26 21 32 23 22 30 13 28 16 0
18 0 14 6 20 6 18 20 9 17 5 18
26 14 0 9 6 17 9 6 13 3 11 26
21 6 9 0 14 9 14 14 10 11 5 21
32 20 6 14 0 22 12 3 19 4 17 32
23 6 17 9 22 0 23 23 15 20 11 23
22 18 9 14 12 23 0 9 12 10 13 22
30 20 6 14 3 23 9 0 17 3 16 30
13 9 13 10 19 15 12 17 0 15 5 13
28 17 3 11 4 20 10 3 15 0 14 28
16 5 11 5 17 11 13 16 5 14 0 16
0 18 26 21 32 23 22 30 13 28 16 0
,
0 22 72 33 34 24 27 87 24 73 20 0
32 0 28 10 52 17 52 45 11 21 7 24
31 24 0 14 18 34 18 8 15 3 16 66
53 8 14 0 22 16 31 38 13 26 13 44
37 20 9 30 0 25 25 6 22 7 37 78
42 16 29 24 41 0 33 65 22 21 30 36
60 39 20 30 19 49 0 18 29 16 38 63
31 48 13 24 7 28 14 0 32 6 30 79
34 9 25 10 45 39 23 36 0 16 10 17
41 28 3 30 5 26 24 5 35 0 31 63
48 6 20 13 47 17 25 38 6 28 0 28
0 45 64 56 39 47 39 52 28 45 44 0