2
10
,
0 (9.0, 35.0) 90.0
1 (37.0, 36.0) 55.0
2 (20.0, 38.0) 89.0
3 (48.0, 41.0) 54.0
4 (4.0, 46.0) 37.0
5 (40.0, 18.0) 32.0
6 (48.0, 35.0) 49.0
7 (17.0, 19.0) 41.0
8 (42.0, 37.0) 52.0
9 (16.0, 28.0) 53.0
,
0 18 26 21 32 23 22 30 13 28 16 0
18 0 14 6 20 6 18 20 9 17 5 18
26 14 0 9 6 17 9 6 13 3 11 26
21 6 9 0 14 9 14 14 10 11 5 21
32 20 6 14 0 22 12 3 19 4 17 32
23 6 17 9 22 0 23 23 15 20 11 23
22 18 9 14 12 23 0 9 12 10 13 22
30 20 6 14 3 23 9 0 17 3 16 30
13 9 13 10 19 15 12 17 0 15 5 13
28 17 3 11 4 20 10 3 15 0 14 28
16 5 11 5 17 11 13 16 5 14 0 16
0 18 26 21 32 23 22 30 13 28 16 0
,
0 25 46 58 69 30 36 83 19 37 31 0
39 0 17 14 33 8 27 54 11 36 14 48
29 21 0 21 8 31 22 12 24 7 27 54
27 7 24 0 38 13 28 36 11 18 5 45
90 35 14 42 0 28 22 5 27 10 25 59
63 17 18 26 30 0 44 43 40 34 14 46
38 31 18 18 33 56 0 18 19 25 29 22
86 41 8 31 5 64 14 0 50 8 30 49
21 23 38 18 38 28 20 46 0 45 7 24
67 37 6 16 10 25 13 9 27 0 22 50
42 14 16 9 44 15 14 47 8 21 0 32
0 25 60 48 44 60 51 81 34 79 34 0