2
10
,
0 (9.0, 35.0) 37.0
1 (37.0, 36.0) 60.0
2 (20.0, 38.0) 60.0
3 (48.0, 41.0) 75.0
4 (4.0, 46.0) 63.0
5 (40.0, 18.0) 30.0
6 (48.0, 35.0) 47.0
7 (17.0, 19.0) 52.0
8 (42.0, 37.0) 40.0
9 (16.0, 28.0) 83.0
,
0 18 26 21 32 23 22 30 13 28 16 0
18 0 14 6 20 6 18 20 9 17 5 18
26 14 0 9 6 17 9 6 13 3 11 26
21 6 9 0 14 9 14 14 10 11 5 21
32 20 6 14 0 22 12 3 19 4 17 32
23 6 17 9 22 0 23 23 15 20 11 23
22 18 9 14 12 23 0 9 12 10 13 22
30 20 6 14 3 23 9 0 17 3 16 30
13 9 13 10 19 15 12 17 0 15 5 13
28 17 3 11 4 20 10 3 15 0 14 28
16 5 11 5 17 11 13 16 5 14 0 16
0 18 26 21 32 23 22 30 13 28 16 0
,
0 46 48 53 59 31 62 84 15 57 32 0
20 0 23 7 50 12 31 53 21 35 10 38
36 21 0 18 13 18 21 11 39 4 19 66
24 17 24 0 22 11 15 42 23 23 14 42
36 47 14 16 0 31 35 4 44 9 33 32
38 12 24 10 51 0 38 66 38 29 17 48
54 23 24 33 32 57 0 24 30 27 31 39
57 58 6 37 4 52 21 0 41 5 48 82
26 11 28 23 39 27 13 36 0 38 14 25
80 30 3 14 7 41 10 8 25 0 27 73
38 6 26 14 45 22 32 21 5 23 0 37
0 27 31 43 47 44 36 57 26 40 47 0