2
10
,
0 (9.0, 35.0) 57.0
1 (37.0, 36.0) 43.0
2 (20.0, 38.0) 70.0
3 (48.0, 41.0) 53.0
4 (4.0, 46.0) 33.0
5 (40.0, 18.0) 46.0
6 (48.0, 35.0) 88.0
7 (17.0, 19.0) 31.0
8 (42.0, 37.0) 34.0
9 (16.0, 28.0) 73.0
,
0 18 26 21 32 23 22 30 13 28 16 0
18 0 14 6 20 6 18 20 9 17 5 18
26 14 0 9 6 17 9 6 13 3 11 26
21 6 9 0 14 9 14 14 10 11 5 21
32 20 6 14 0 22 12 3 19 4 17 32
23 6 17 9 22 0 23 23 15 20 11 23
22 18 9 14 12 23 0 9 12 10 13 22
30 20 6 14 3 23 9 0 17 3 16 30
13 9 13 10 19 15 12 17 0 15 5 13
28 17 3 11 4 20 10 3 15 0 14 28
16 5 11 5 17 11 13 16 5 14 0 16
0 18 26 21 32 23 22 30 13 28 16 0
,
0 22 35 33 43 44 46 86 28 32 34 0
38 0 31 7 52 13 47 22 20 39 14 20
36 38 0 13 15 20 21 12 25 5 27 60
36 13 18 0 32 21 37 34 29 14 15 25
32 48 15 41 0 42 34 8 49 5 29 68
50 9 47 19 57 0 27 30 18 48 28 66
47 24 26 35 21 68 0 15 18 25 29 44
78 58 12 17 4 41 27 0 24 6 21 48
32 21 14 18 34 43 17 18 0 29 11 13
54 35 4 32 7 43 25 5 41 0 19 83
45 8 16 14 23 27 30 43 10 16 0 43
0 39 59 25 50 67 56 77 19 80 25 0