2
10
,
0 (9.0, 35.0) 63.0
1 (37.0, 36.0) 32.0
2 (20.0, 38.0) 37.0
3 (48.0, 41.0) 62.0
4 (4.0, 46.0) 66.0
5 (40.0, 18.0) 46.0
6 (48.0, 35.0) 46.0
7 (17.0, 19.0) 50.0
8 (42.0, 37.0) 60.0
9 (16.0, 28.0) 68.0
,
0 18 26 21 32 23 22 30 13 28 16 0
18 0 14 6 20 6 18 20 9 17 5 18
26 14 0 9 6 17 9 6 13 3 11 26
21 6 9 0 14 9 14 14 10 11 5 21
32 20 6 14 0 22 12 3 19 4 17 32
23 6 17 9 22 0 23 23 15 20 11 23
22 18 9 14 12 23 0 9 12 10 13 22
30 20 6 14 3 23 9 0 17 3 16 30
13 9 13 10 19 15 12 17 0 15 5 13
28 17 3 11 4 20 10 3 15 0 14 28
16 5 11 5 17 11 13 16 5 14 0 16
0 18 26 21 32 23 22 30 13 28 16 0
,
0 31 55 52 58 44 23 77 18 75 31 0
37 0 14 8 21 8 50 57 24 47 5 45
65 33 0 14 7 49 26 12 33 7 27 70
38 11 22 0 39 10 32 16 18 30 12 55
49 20 7 35 0 23 22 3 53 9 25 35
25 10 36 12 49 0 66 26 17 31 31 49
44 52 9 38 26 37 0 22 12 20 31 56
77 38 8 38 4 35 17 0 44 5 17 81
29 10 33 27 44 22 26 50 0 44 10 38
70 43 6 19 7 40 11 6 17 0 32 83
29 11 29 11 20 26 31 46 6 15 0 33
0 32 42 39 64 24 30 78 36 49 39 0