2
10
,
0 (9.0, 35.0) 38.0
1 (37.0, 36.0) 73.0
2 (20.0, 38.0) 59.0
3 (48.0, 41.0) 49.0
4 (4.0, 46.0) 42.0
5 (40.0, 18.0) 52.0
6 (48.0, 35.0) 37.0
7 (17.0, 19.0) 57.0
8 (42.0, 37.0) 36.0
9 (16.0, 28.0) 37.0
,
0 18 26 21 32 23 22 30 13 28 16 0
18 0 14 6 20 6 18 20 9 17 5 18
26 14 0 9 6 17 9 6 13 3 11 26
21 6 9 0 14 9 14 14 10 11 5 21
32 20 6 14 0 22 12 3 19 4 17 32
23 6 17 9 22 0 23 23 15 20 11 23
22 18 9 14 12 23 0 9 12 10 13 22
30 20 6 14 3 23 9 0 17 3 16 30
13 9 13 10 19 15 12 17 0 15 5 13
28 17 3 11 4 20 10 3 15 0 14 28
16 5 11 5 17 11 13 16 5 14 0 16
0 18 26 21 32 23 22 30 13 28 16 0
,
0 32 74 54 37 64 58 87 30 82 44 0
37 0 16 14 47 9 43 49 19 47 5 23
63 26 0 21 6 28 17 8 31 6 24 47
58 15 25 0 15 21 38 37 22 20 13 55
56 23 16 18 0 51 32 6 29 9 31 69
30 16 46 20 52 0 59 66 34 37 18 58
22 38 17 36 33 53 0 16 22 23 34 30
61 45 6 40 7 46 25 0 36 7 35 78
21 25 27 25 35 17 27 48 0 16 9 16
77 33 6 25 10 56 10 9 46 0 27 76
21 14 25 13 51 26 37 36 8 34 0 26
0 37 45 52 68 43 45 44 24 54 34 0