2
10
,
0 (9.0, 35.0) 42.0
1 (37.0, 36.0) 67.0
2 (20.0, 38.0) 43.0
3 (48.0, 41.0) 81.0
4 (4.0, 46.0) 62.0
5 (40.0, 18.0) 73.0
6 (48.0, 35.0) 41.0
7 (17.0, 19.0) 36.0
8 (42.0, 37.0) 46.0
9 (16.0, 28.0) 76.0
,
0 18 26 21 32 23 22 30 13 28 16 0
18 0 14 6 20 6 18 20 9 17 5 18
26 14 0 9 6 17 9 6 13 3 11 26
21 6 9 0 14 9 14 14 10 11 5 21
32 20 6 14 0 22 12 3 19 4 17 32
23 6 17 9 22 0 23 23 15 20 11 23
22 18 9 14 12 23 0 9 12 10 13 22
30 20 6 14 3 23 9 0 17 3 16 30
13 9 13 10 19 15 12 17 0 15 5 13
28 17 3 11 4 20 10 3 15 0 14 28
16 5 11 5 17 11 13 16 5 14 0 16
0 18 26 21 32 23 22 30 13 28 16 0
,
0 51 30 56 49 48 46 37 37 43 30 0
51 0 30 11 46 11 49 24 17 46 15 47
48 37 0 25 15 51 19 6 26 6 16 65
59 14 24 0 32 17 28 17 20 13 6 40
34 32 10 35 0 58 35 3 33 7 40 86
51 10 33 26 23 0 52 39 41 34 12 51
48 30 23 41 14 67 0 20 15 20 26 39
51 25 10 22 4 23 10 0 38 4 30 78
35 22 27 19 41 23 17 36 0 30 14 17
31 27 4 23 9 57 25 7 24 0 39 38
37 13 30 15 39 18 33 39 7 36 0 23
0 22 37 49 34 61 48 81 19 59 20 0