2
10
,
0 (9.0, 35.0) 71.0
1 (37.0, 36.0) 66.0
2 (20.0, 38.0) 51.0
3 (48.0, 41.0) 61.0
4 (4.0, 46.0) 82.0
5 (40.0, 18.0) 40.0
6 (48.0, 35.0) 41.0
7 (17.0, 19.0) 31.0
8 (42.0, 37.0) 51.0
9 (16.0, 28.0) 35.0
,
0 18 26 21 32 23 22 30 13 28 16 0
18 0 14 6 20 6 18 20 9 17 5 18
26 14 0 9 6 17 9 6 13 3 11 26
21 6 9 0 14 9 14 14 10 11 5 21
32 20 6 14 0 22 12 3 19 4 17 32
23 6 17 9 22 0 23 23 15 20 11 23
22 18 9 14 12 23 0 9 12 10 13 22
30 20 6 14 3 23 9 0 17 3 16 30
13 9 13 10 19 15 12 17 0 15 5 13
28 17 3 11 4 20 10 3 15 0 14 28
16 5 11 5 17 11 13 16 5 14 0 16
0 18 26 21 32 23 22 30 13 28 16 0
,
0 23 69 60 78 43 41 44 16 61 34 0
36 0 34 9 53 7 43 20 16 34 8 43
40 15 0 25 18 42 18 15 22 3 21 71
59 10 14 0 16 20 32 42 27 25 9 23
38 35 14 23 0 56 34 9 41 9 37 49
64 13 42 20 31 0 49 65 18 51 20 50
29 19 25 21 35 27 0 10 31 14 15 45
79 56 9 27 9 50 28 0 38 8 22 79
22 21 30 20 56 32 28 50 0 26 6 35
40 28 4 19 4 24 22 7 41 0 31 63
33 8 24 9 21 30 23 45 7 23 0 30
0 33 27 41 62 54 31 79 35 77 30 0