2
10
,
0 (9.0, 35.0) 57.0
1 (37.0, 36.0) 47.0
2 (20.0, 38.0) 40.0
3 (48.0, 41.0) 32.0
4 (4.0, 46.0) 33.0
5 (40.0, 18.0) 58.0
6 (48.0, 35.0) 37.0
7 (17.0, 19.0) 32.0
8 (42.0, 37.0) 58.0
9 (16.0, 28.0) 31.0
,
0 18 26 21 32 23 22 30 13 28 16 0
18 0 14 6 20 6 18 20 9 17 5 18
26 14 0 9 6 17 9 6 13 3 11 26
21 6 9 0 14 9 14 14 10 11 5 21
32 20 6 14 0 22 12 3 19 4 17 32
23 6 17 9 22 0 23 23 15 20 11 23
22 18 9 14 12 23 0 9 12 10 13 22
30 20 6 14 3 23 9 0 17 3 16 30
13 9 13 10 19 15 12 17 0 15 5 13
28 17 3 11 4 20 10 3 15 0 14 28
16 5 11 5 17 11 13 16 5 14 0 16
0 18 26 21 32 23 22 30 13 28 16 0
,
0 38 65 59 76 57 57 86 36 57 28 0
34 0 28 14 25 13 22 51 11 32 9 50
43 23 0 18 9 40 11 6 14 4 17 30
39 9 23 0 42 24 37 21 11 21 13 59
49 48 9 32 0 64 36 8 41 7 47 86
49 6 46 11 66 0 40 32 28 47 19 32
62 38 23 16 36 36 0 28 23 22 14 65
86 43 8 17 3 53 26 0 28 8 46 32
24 11 37 24 57 15 19 35 0 21 5 35
32 17 4 15 11 47 25 4 34 0 33 76
25 10 26 5 25 27 35 43 5 33 0 18
0 20 48 33 36 64 59 75 38 71 44 0