2
10
,
0 (9.0, 35.0) 43.0
1 (37.0, 36.0) 46.0
2 (20.0, 38.0) 79.0
3 (48.0, 41.0) 72.0
4 (4.0, 46.0) 30.0
5 (40.0, 18.0) 56.0
6 (48.0, 35.0) 50.0
7 (17.0, 19.0) 32.0
8 (42.0, 37.0) 89.0
9 (16.0, 28.0) 82.0
,
0 18 26 21 32 23 22 30 13 28 16 0
18 0 14 6 20 6 18 20 9 17 5 18
26 14 0 9 6 17 9 6 13 3 11 26
21 6 9 0 14 9 14 14 10 11 5 21
32 20 6 14 0 22 12 3 19 4 17 32
23 6 17 9 22 0 23 23 15 20 11 23
22 18 9 14 12 23 0 9 12 10 13 22
30 20 6 14 3 23 9 0 17 3 16 30
13 9 13 10 19 15 12 17 0 15 5 13
28 17 3 11 4 20 10 3 15 0 14 28
16 5 11 5 17 11 13 16 5 14 0 16
0 18 26 21 32 23 22 30 13 28 16 0
,
0 51 56 46 51 67 27 70 30 66 34 0
23 0 40 16 44 11 51 52 25 40 10 38
27 23 0 11 18 22 9 11 35 4 13 76
39 7 16 0 36 23 32 30 13 30 9 22
43 58 10 20 0 23 20 5 30 8 42 57
62 18 36 24 32 0 41 46 16 22 18 57
47 32 24 32 22 44 0 18 32 21 29 25
60 36 8 37 5 62 15 0 23 5 36 72
13 18 28 17 52 15 26 18 0 45 5 32
56 25 7 28 8 31 13 9 44 0 33 62
26 12 28 6 46 15 24 44 11 27 0 36
0 40 39 56 34 43 24 56 20 69 29 0