2
10
,
0 (9.0, 35.0) 37.0
1 (37.0, 36.0) 40.0
2 (20.0, 38.0) 67.0
3 (48.0, 41.0) 53.0
4 (4.0, 46.0) 57.0
5 (40.0, 18.0) 74.0
6 (48.0, 35.0) 39.0
7 (17.0, 19.0) 43.0
8 (42.0, 37.0) 33.0
9 (16.0, 28.0) 59.0
,
0 18 26 21 32 23 22 30 13 28 16 0
18 0 14 6 20 6 18 20 9 17 5 18
26 14 0 9 6 17 9 6 13 3 11 26
21 6 9 0 14 9 14 14 10 11 5 21
32 20 6 14 0 22 12 3 19 4 17 32
23 6 17 9 22 0 23 23 15 20 11 23
22 18 9 14 12 23 0 9 12 10 13 22
30 20 6 14 3 23 9 0 17 3 16 30
13 9 13 10 19 15 12 17 0 15 5 13
28 17 3 11 4 20 10 3 15 0 14 28
16 5 11 5 17 11 13 16 5 14 0 16
0 18 26 21 32 23 22 30 13 28 16 0
,
0 31 57 46 48 36 40 74 34 54 37 0
25 0 21 13 36 7 34 27 21 34 14 31
63 32 0 17 18 39 25 13 31 4 31 62
52 14 23 0 19 10 39 20 26 19 15 27
68 51 7 20 0 65 25 4 52 10 35 78
61 6 24 14 61 0 27 34 27 49 26 55
44 22 18 36 13 63 0 10 32 17 16 47
59 23 7 34 8 39 18 0 21 7 16 43
38 13 17 21 39 21 14 18 0 30 10 23
34 26 4 30 10 31 13 9 19 0 21 50
36 13 18 9 24 20 30 25 8 38 0 41
0 24 51 41 63 55 35 46 17 60 20 0