2
10
,
0 (9.0, 35.0) 71.0
1 (37.0, 36.0) 36.0
2 (20.0, 38.0) 31.0
3 (48.0, 41.0) 42.0
4 (4.0, 46.0) 38.0
5 (40.0, 18.0) 42.0
6 (48.0, 35.0) 35.0
7 (17.0, 19.0) 51.0
8 (42.0, 37.0) 74.0
9 (16.0, 28.0) 86.0
,
0 18 26 21 32 23 22 30 13 28 16 0
18 0 14 6 20 6 18 20 9 17 5 18
26 14 0 9 6 17 9 6 13 3 11 26
21 6 9 0 14 9 14 14 10 11 5 21
32 20 6 14 0 22 12 3 19 4 17 32
23 6 17 9 22 0 23 23 15 20 11 23
22 18 9 14 12 23 0 9 12 10 13 22
30 20 6 14 3 23 9 0 17 3 16 30
13 9 13 10 19 15 12 17 0 15 5 13
28 17 3 11 4 20 10 3 15 0 14 28
16 5 11 5 17 11 13 16 5 14 0 16
0 18 26 21 32 23 22 30 13 28 16 0
,
0 41 58 35 55 57 41 35 25 35 36 0
48 0 25 8 26 15 45 52 17 29 9 24
61 29 0 13 10 23 13 10 30 5 25 26
33 6 14 0 33 17 26 15 12 23 13 24
66 40 7 33 0 31 24 6 47 8 18 42
56 8 36 26 41 0 63 40 25 21 13 47
57 31 17 29 21 58 0 27 13 20 36 32
59 25 16 32 3 63 25 0 26 4 21 57
23 21 26 24 49 25 22 19 0 29 13 35
59 31 5 22 10 23 15 4 35 0 35 62
22 14 20 14 18 29 16 26 6 19 0 44
0 43 51 28 43 37 52 75 25 75 29 0