2
10
,
0 (9.0, 35.0) 44.0
1 (37.0, 36.0) 37.0
2 (20.0, 38.0) 74.0
3 (48.0, 41.0) 58.0
4 (4.0, 46.0) 36.0
5 (40.0, 18.0) 60.0
6 (48.0, 35.0) 61.0
7 (17.0, 19.0) 36.0
8 (42.0, 37.0) 44.0
9 (16.0, 28.0) 40.0
,
0 18 26 21 32 23 22 30 13 28 16 0
18 0 14 6 20 6 18 20 9 17 5 18
26 14 0 9 6 17 9 6 13 3 11 26
21 6 9 0 14 9 14 14 10 11 5 21
32 20 6 14 0 22 12 3 19 4 17 32
23 6 17 9 22 0 23 23 15 20 11 23
22 18 9 14 12 23 0 9 12 10 13 22
30 20 6 14 3 23 9 0 17 3 16 30
13 9 13 10 19 15 12 17 0 15 5 13
28 17 3 11 4 20 10 3 15 0 14 28
16 5 11 5 17 11 13 16 5 14 0 16
0 18 26 21 32 23 22 30 13 28 16 0
,
0 47 71 28 43 25 35 49 28 50 27 0
32 0 30 8 22 7 33 33 26 29 6 50
45 30 0 24 13 34 26 9 29 6 14 41
34 14 16 0 39 12 39 28 21 21 12 46
52 47 16 26 0 51 20 8 31 9 42 55
29 10 44 9 38 0 46 24 30 48 21 26
24 35 23 24 17 42 0 19 18 25 39 38
30 29 13 35 5 33 16 0 44 6 34 54
17 12 19 14 26 36 25 40 0 18 6 36
82 47 4 32 9 53 13 8 45 0 29 28
46 11 26 16 18 22 20 30 7 40 0 37
0 26 64 58 93 54 41 60 36 68 41 0