2
10
,
0 (9.0, 35.0) 65.0
1 (37.0, 36.0) 35.0
2 (20.0, 38.0) 53.0
3 (48.0, 41.0) 68.0
4 (4.0, 46.0) 32.0
5 (40.0, 18.0) 52.0
6 (48.0, 35.0) 47.0
7 (17.0, 19.0) 54.0
8 (42.0, 37.0) 68.0
9 (16.0, 28.0) 62.0
,
0 18 26 21 32 23 22 30 13 28 16 0
18 0 14 6 20 6 18 20 9 17 5 18
26 14 0 9 6 17 9 6 13 3 11 26
21 6 9 0 14 9 14 14 10 11 5 21
32 20 6 14 0 22 12 3 19 4 17 32
23 6 17 9 22 0 23 23 15 20 11 23
22 18 9 14 12 23 0 9 12 10 13 22
30 20 6 14 3 23 9 0 17 3 16 30
13 9 13 10 19 15 12 17 0 15 5 13
28 17 3 11 4 20 10 3 15 0 14 28
16 5 11 5 17 11 13 16 5 14 0 16
0 18 26 21 32 23 22 30 13 28 16 0
,
0 43 36 56 62 50 32 69 20 72 38 0
20 0 41 12 55 16 36 47 18 19 13 33
61 39 0 13 14 46 19 7 20 4 19 71
23 13 25 0 29 24 35 25 13 32 11 59
56 52 14 33 0 46 24 9 37 4 33 65
25 15 35 22 32 0 24 35 25 25 13 61
43 48 13 26 32 55 0 11 24 14 23 38
47 22 15 41 9 55 10 0 43 7 23 68
13 23 34 17 46 16 15 29 0 38 10 16
38 47 5 17 6 20 10 6 25 0 27 50
23 12 14 7 50 22 18 43 13 32 0 18
0 27 52 51 66 59 49 77 31 32 45 0