2
10
,
0 (9.0, 35.0) 53.0
1 (37.0, 36.0) 85.0
2 (20.0, 38.0) 76.0
3 (48.0, 41.0) 54.0
4 (4.0, 46.0) 84.0
5 (40.0, 18.0) 35.0
6 (48.0, 35.0) 31.0
7 (17.0, 19.0) 40.0
8 (42.0, 37.0) 57.0
9 (16.0, 28.0) 54.0
,
0 18 26 21 32 23 22 30 13 28 16 0
18 0 14 6 20 6 18 20 9 17 5 18
26 14 0 9 6 17 9 6 13 3 11 26
21 6 9 0 14 9 14 14 10 11 5 21
32 20 6 14 0 22 12 3 19 4 17 32
23 6 17 9 22 0 23 23 15 20 11 23
22 18 9 14 12 23 0 9 12 10 13 22
30 20 6 14 3 23 9 0 17 3 16 30
13 9 13 10 19 15 12 17 0 15 5 13
28 17 3 11 4 20 10 3 15 0 14 28
16 5 11 5 17 11 13 16 5 14 0 16
0 18 26 21 32 23 22 30 13 28 16 0
,
0 37 51 28 71 60 41 37 22 60 41 0
51 0 19 9 25 11 21 28 21 45 5 34
27 41 0 10 10 29 20 8 14 6 16 72
55 16 17 0 24 17 41 41 10 27 8 35
57 41 11 19 0 47 25 6 38 5 18 42
61 7 31 12 35 0 31 39 28 32 13 30
60 34 16 29 28 65 0 23 24 16 37 58
56 34 7 19 5 34 21 0 34 6 38 36
19 19 36 12 20 42 28 47 0 31 8 14
74 20 3 24 10 36 17 6 42 0 27 46
30 8 31 14 51 13 23 45 8 19 0 30
0 29 64 32 73 64 39 35 31 38 26 0