2
10
,
0 (9.0, 35.0) 61.0
1 (37.0, 36.0) 61.0
2 (20.0, 38.0) 54.0
3 (48.0, 41.0) 35.0
4 (4.0, 46.0) 56.0
5 (40.0, 18.0) 43.0
6 (48.0, 35.0) 35.0
7 (17.0, 19.0) 42.0
8 (42.0, 37.0) 67.0
9 (16.0, 28.0) 35.0
,
0 18 26 21 32 23 22 30 13 28 16 0
18 0 14 6 20 6 18 20 9 17 5 18
26 14 0 9 6 17 9 6 13 3 11 26
21 6 9 0 14 9 14 14 10 11 5 21
32 20 6 14 0 22 12 3 19 4 17 32
23 6 17 9 22 0 23 23 15 20 11 23
22 18 9 14 12 23 0 9 12 10 13 22
30 20 6 14 3 23 9 0 17 3 16 30
13 9 13 10 19 15 12 17 0 15 5 13
28 17 3 11 4 20 10 3 15 0 14 28
16 5 11 5 17 11 13 16 5 14 0 16
0 18 26 21 32 23 22 30 13 28 16 0
,
0 43 41 43 61 57 49 79 15 72 16 0
25 0 25 12 23 8 43 33 12 47 7 45
35 38 0 21 10 27 25 12 30 7 16 61
47 7 20 0 31 14 29 34 11 28 15 27
54 25 16 18 0 29 36 8 42 10 27 61
57 13 47 15 51 0 41 58 28 38 30 43
22 48 10 19 26 67 0 12 12 19 33 61
52 21 9 41 7 56 26 0 30 8 49 56
24 13 21 23 28 30 24 40 0 21 7 37
79 18 5 28 4 56 12 8 43 0 18 77
27 9 29 6 20 17 20 36 12 25 0 24
0 26 54 55 71 57 53 44 37 83 43 0