2
10
,
0 (9.0, 35.0) 36.0
1 (37.0, 36.0) 75.0
2 (20.0, 38.0) 56.0
3 (48.0, 41.0) 86.0
4 (4.0, 46.0) 78.0
5 (40.0, 18.0) 67.0
6 (48.0, 35.0) 78.0
7 (17.0, 19.0) 33.0
8 (42.0, 37.0) 54.0
9 (16.0, 28.0) 89.0
,
0 18 26 21 32 23 22 30 13 28 16 0
18 0 14 6 20 6 18 20 9 17 5 18
26 14 0 9 6 17 9 6 13 3 11 26
21 6 9 0 14 9 14 14 10 11 5 21
32 20 6 14 0 22 12 3 19 4 17 32
23 6 17 9 22 0 23 23 15 20 11 23
22 18 9 14 12 23 0 9 12 10 13 22
30 20 6 14 3 23 9 0 17 3 16 30
13 9 13 10 19 15 12 17 0 15 5 13
28 17 3 11 4 20 10 3 15 0 14 28
16 5 11 5 17 11 13 16 5 14 0 16
0 18 26 21 32 23 22 30 13 28 16 0
,
0 49 38 30 57 62 45 33 22 42 39 0
28 0 14 14 42 13 27 50 22 30 5 48
67 26 0 19 9 44 19 15 25 7 20 70
40 17 22 0 30 13 23 37 16 14 10 25
66 28 10 23 0 52 21 7 38 6 41 67
32 18 30 10 33 0 30 61 32 38 14 49
56 40 10 15 29 50 0 10 16 26 23 25
52 28 13 27 4 58 28 0 49 6 23 49
15 20 31 11 32 39 31 47 0 39 8 18
39 19 3 14 6 37 12 7 45 0 23 76
24 9 22 10 40 30 37 20 10 22 0 39
0 27 51 27 85 48 23 32 25 37 22 0