2
10
,
0 (27.0, 43.0) 31.0
1 (35.0, 9.0) 42.0
2 (3.0, 32.0) 87.0
3 (14.0, 46.0) 53.0
4 (50.0, 42.0) 40.0
5 (48.0, 35.0) 59.0
6 (5.0, 1.0) 79.0
7 (38.0, 34.0) 71.0
8 (4.0, 5.0) 78.0
9 (6.0, 19.0) 84.0
,
0 25 18 16 24 33 30 3 25 3 10 0
25 0 17 13 7 12 11 24 7 22 16 25
18 17 0 20 21 18 15 16 13 16 15 18
16 13 20 0 9 24 23 16 18 14 7 16
24 7 21 9 0 18 18 23 13 21 14 24
33 12 18 24 18 0 4 30 7 30 25 33
30 11 15 23 18 4 0 27 5 27 22 30
3 24 16 16 23 30 27 0 23 2 9 3
25 7 13 18 13 7 5 23 0 22 18 25
3 22 16 14 21 30 27 2 22 0 7 3
10 16 15 7 14 25 22 9 18 7 0 10
0 25 18 16 24 33 30 3 25 3 10 0
,
0 26 52 47 37 87 34 6 45 9 27 0
33 0 29 34 9 14 17 39 17 50 25 61
27 36 0 58 56 44 26 27 35 17 40 20
46 31 44 0 26 50 27 19 40 14 20 46
49 8 54 22 0 36 52 68 24 54 41 52
94 14 34 28 30 0 10 67 16 73 74 89
63 18 35 28 28 5 0 33 9 40 35 38
4 27 41 17 26 33 51 0 54 5 12 5
42 14 32 26 16 20 9 38 0 57 52 43
9 65 40 19 40 52 79 5 48 0 10 7
20 29 33 20 33 40 35 15 45 10 0 21
0 39 20 48 63 69 40 4 66 4 11 0