2
10
,
0 (27.0, 43.0) 66.0
1 (35.0, 9.0) 79.0
2 (3.0, 32.0) 48.0
3 (14.0, 46.0) 78.0
4 (50.0, 42.0) 42.0
5 (48.0, 35.0) 38.0
6 (5.0, 1.0) 87.0
7 (38.0, 34.0) 56.0
8 (4.0, 5.0) 86.0
9 (6.0, 19.0) 52.0
,
0 25 18 16 24 33 30 3 25 3 10 0
25 0 17 13 7 12 11 24 7 22 16 25
18 17 0 20 21 18 15 16 13 16 15 18
16 13 20 0 9 24 23 16 18 14 7 16
24 7 21 9 0 18 18 23 13 21 14 24
33 12 18 24 18 0 4 30 7 30 25 33
30 11 15 23 18 4 0 27 5 27 22 30
3 24 16 16 23 30 27 0 23 2 9 3
25 7 13 18 13 7 5 23 0 22 18 25
3 22 16 14 21 30 27 2 22 0 7 3
10 16 15 7 14 25 22 9 18 7 0 10
0 25 18 16 24 33 30 3 25 3 10 0
,
0 48 18 36 67 55 44 6 48 8 10 0
70 0 19 38 20 15 17 35 8 59 28 76
25 23 0 53 33 52 25 29 19 34 35 32
36 24 31 0 23 68 60 43 35 15 11 48
31 13 32 9 0 36 37 54 15 55 40 35
70 25 35 55 24 0 11 79 13 57 61 89
63 27 20 58 29 5 0 66 12 36 45 32
3 55 31 23 33 67 77 0 68 5 20 3
32 12 14 51 34 16 6 37 0 65 23 35
6 52 20 33 50 51 46 5 41 0 19 5
30 21 44 16 37 68 57 15 53 10 0 23
0 60 29 35 70 82 87 6 26 4 17 0