2
10
,
0 (27.0, 43.0) 76.0
1 (35.0, 9.0) 48.0
2 (3.0, 32.0) 35.0
3 (14.0, 46.0) 38.0
4 (50.0, 42.0) 47.0
5 (48.0, 35.0) 36.0
6 (5.0, 1.0) 50.0
7 (38.0, 34.0) 44.0
8 (4.0, 5.0) 75.0
9 (6.0, 19.0) 48.0
,
0 25 18 16 24 33 30 3 25 3 10 0
25 0 17 13 7 12 11 24 7 22 16 25
18 17 0 20 21 18 15 16 13 16 15 18
16 13 20 0 9 24 23 16 18 14 7 16
24 7 21 9 0 18 18 23 13 21 14 24
33 12 18 24 18 0 4 30 7 30 25 33
30 11 15 23 18 4 0 27 5 27 22 30
3 24 16 16 23 30 27 0 23 2 9 3
25 7 13 18 13 7 5 23 0 22 18 25
3 22 16 14 21 30 27 2 22 0 7 3
10 16 15 7 14 25 22 9 18 7 0 10
0 25 18 16 24 33 30 3 25 3 10 0
,
0 44 45 24 29 56 81 5 46 4 10 0
31 0 25 35 12 23 21 48 8 23 17 43
31 40 0 35 31 32 37 16 31 33 38 28
25 30 35 0 16 65 37 20 23 39 10 37
52 12 27 25 0 51 36 51 26 30 30 70
81 34 34 32 22 0 4 61 11 87 35 76
74 22 39 30 52 10 0 29 12 69 48 37
5 53 22 35 33 89 49 0 66 3 10 7
37 13 18 52 29 20 12 51 0 60 35 51
5 32 16 26 33 40 50 5 52 0 13 5
18 28 21 13 31 26 52 24 28 16 0 29
0 70 49 21 31 87 85 4 29 8 17 0