2
10
,
0 (27.0, 43.0) 82.0
1 (35.0, 9.0) 77.0
2 (3.0, 32.0) 46.0
3 (14.0, 46.0) 39.0
4 (50.0, 42.0) 45.0
5 (48.0, 35.0) 47.0
6 (5.0, 1.0) 67.0
7 (38.0, 34.0) 53.0
8 (4.0, 5.0) 45.0
9 (6.0, 19.0) 56.0
,
0 25 18 16 24 33 30 3 25 3 10 0
25 0 17 13 7 12 11 24 7 22 16 25
18 17 0 20 21 18 15 16 13 16 15 18
16 13 20 0 9 24 23 16 18 14 7 16
24 7 21 9 0 18 18 23 13 21 14 24
33 12 18 24 18 0 4 30 7 30 25 33
30 11 15 23 18 4 0 27 5 27 22 30
3 24 16 16 23 30 27 0 23 2 9 3
25 7 13 18 13 7 5 23 0 22 18 25
3 22 16 14 21 30 27 2 22 0 7 3
10 16 15 7 14 25 22 9 18 7 0 10
0 25 18 16 24 33 30 3 25 3 10 0
,
0 44 38 45 64 97 34 6 76 9 22 0
32 0 43 28 12 30 33 52 11 37 23 55
46 19 0 56 49 40 27 22 13 29 35 41
21 38 24 0 24 57 63 31 38 33 12 25
68 18 57 14 0 25 30 56 17 22 30 52
57 25 48 65 39 0 8 75 21 36 25 75
31 28 21 44 22 6 0 76 11 60 37 43
8 30 31 24 51 32 74 0 60 3 18 6
38 13 13 46 36 9 11 46 0 40 27 60
4 59 41 31 26 75 76 3 60 0 11 3
16 18 28 11 38 46 52 15 40 8 0 15
0 67 19 25 24 65 39 3 26 9 23 0