2
10
,
0 (27.0, 43.0) 43.0
1 (35.0, 9.0) 70.0
2 (3.0, 32.0) 77.0
3 (14.0, 46.0) 61.0
4 (50.0, 42.0) 50.0
5 (48.0, 35.0) 60.0
6 (5.0, 1.0) 64.0
7 (38.0, 34.0) 43.0
8 (4.0, 5.0) 59.0
9 (6.0, 19.0) 86.0
,
0 25 18 16 24 33 30 3 25 3 10 0
25 0 17 13 7 12 11 24 7 22 16 25
18 17 0 20 21 18 15 16 13 16 15 18
16 13 20 0 9 24 23 16 18 14 7 16
24 7 21 9 0 18 18 23 13 21 14 24
33 12 18 24 18 0 4 30 7 30 25 33
30 11 15 23 18 4 0 27 5 27 22 30
3 24 16 16 23 30 27 0 23 2 9 3
25 7 13 18 13 7 5 23 0 22 18 25
3 22 16 14 21 30 27 2 22 0 7 3
10 16 15 7 14 25 22 9 18 7 0 10
0 25 18 16 24 33 30 3 25 3 10 0
,
0 32 38 42 37 79 87 6 52 9 29 0
59 0 35 15 7 16 14 52 9 37 19 49
36 39 0 23 58 43 17 28 20 27 21 49
33 26 59 0 24 64 37 24 40 15 12 24
72 20 49 14 0 29 46 25 20 37 22 46
42 25 26 33 27 0 9 41 21 64 44 81
68 13 27 23 18 7 0 30 6 68 33 80
4 35 37 33 31 39 82 0 25 3 27 5
53 13 25 23 21 21 13 43 0 37 34 67
8 25 22 25 24 79 75 5 25 0 19 6
12 46 43 12 21 33 31 15 24 18 0 28
0 74 26 38 52 84 63 7 37 9 27 0