2
10
,
0 (27.0, 43.0) 77.0
1 (35.0, 9.0) 65.0
2 (3.0, 32.0) 71.0
3 (14.0, 46.0) 81.0
4 (50.0, 42.0) 36.0
5 (48.0, 35.0) 87.0
6 (5.0, 1.0) 82.0
7 (38.0, 34.0) 49.0
8 (4.0, 5.0) 82.0
9 (6.0, 19.0) 51.0
,
0 25 18 16 24 33 30 3 25 3 10 0
25 0 17 13 7 12 11 24 7 22 16 25
18 17 0 20 21 18 15 16 13 16 15 18
16 13 20 0 9 24 23 16 18 14 7 16
24 7 21 9 0 18 18 23 13 21 14 24
33 12 18 24 18 0 4 30 7 30 25 33
30 11 15 23 18 4 0 27 5 27 22 30
3 24 16 16 23 30 27 0 23 2 9 3
25 7 13 18 13 7 5 23 0 22 18 25
3 22 16 14 21 30 27 2 22 0 7 3
10 16 15 7 14 25 22 9 18 7 0 10
0 25 18 16 24 33 30 3 25 3 10 0
,
0 29 28 19 35 81 53 6 66 4 23 0
51 0 41 35 13 21 14 42 18 66 42 54
27 27 0 56 39 50 22 30 34 16 27 34
43 33 29 0 25 51 56 20 49 16 14 30
42 9 36 20 0 45 54 37 38 27 30 28
44 31 28 58 20 0 9 55 15 39 32 43
58 31 30 68 29 5 0 72 6 56 46 62
7 53 44 31 54 32 38 0 53 4 14 4
39 13 21 31 28 10 10 26 0 57 40 70
7 34 32 16 41 64 37 5 27 0 7 4
28 46 27 18 24 55 32 13 37 20 0 11
0 71 41 48 52 70 37 6 66 5 17 0