2
10
,
0 (27.0, 43.0) 55.0
1 (35.0, 9.0) 39.0
2 (3.0, 32.0) 69.0
3 (14.0, 46.0) 49.0
4 (50.0, 42.0) 35.0
5 (48.0, 35.0) 47.0
6 (5.0, 1.0) 48.0
7 (38.0, 34.0) 89.0
8 (4.0, 5.0) 53.0
9 (6.0, 19.0) 49.0
,
0 25 18 16 24 33 30 3 25 3 10 0
25 0 17 13 7 12 11 24 7 22 16 25
18 17 0 20 21 18 15 16 13 16 15 18
16 13 20 0 9 24 23 16 18 14 7 16
24 7 21 9 0 18 18 23 13 21 14 24
33 12 18 24 18 0 4 30 7 30 25 33
30 11 15 23 18 4 0 27 5 27 22 30
3 24 16 16 23 30 27 0 23 2 9 3
25 7 13 18 13 7 5 23 0 22 18 25
3 22 16 14 21 30 27 2 22 0 7 3
10 16 15 7 14 25 22 9 18 7 0 10
0 25 18 16 24 33 30 3 25 3 10 0
,
0 39 43 40 32 35 67 8 34 4 16 0
61 0 28 25 10 27 19 32 14 52 21 33
33 31 0 36 63 45 24 32 32 46 23 35
21 39 24 0 10 44 61 31 32 35 18 19
53 19 52 21 0 33 42 29 34 55 20 51
34 16 31 47 20 0 4 54 10 78 63 86
64 23 29 48 46 4 0 64 11 57 64 33
3 61 17 16 31 83 48 0 50 3 17 3
35 14 18 21 22 9 14 39 0 59 31 42
9 65 29 32 45 34 41 2 30 0 15 5
28 29 27 7 22 34 37 26 48 12 0 16
0 72 44 36 35 91 81 6 36 8 18 0