2
10
,
0 (27.0, 43.0) 42.0
1 (35.0, 9.0) 49.0
2 (3.0, 32.0) 62.0
3 (14.0, 46.0) 51.0
4 (50.0, 42.0) 54.0
5 (48.0, 35.0) 32.0
6 (5.0, 1.0) 76.0
7 (38.0, 34.0) 38.0
8 (4.0, 5.0) 88.0
9 (6.0, 19.0) 50.0
,
0 25 18 16 24 33 30 3 25 3 10 0
25 0 17 13 7 12 11 24 7 22 16 25
18 17 0 20 21 18 15 16 13 16 15 18
16 13 20 0 9 24 23 16 18 14 7 16
24 7 21 9 0 18 18 23 13 21 14 24
33 12 18 24 18 0 4 30 7 30 25 33
30 11 15 23 18 4 0 27 5 27 22 30
3 24 16 16 23 30 27 0 23 2 9 3
25 7 13 18 13 7 5 23 0 22 18 25
3 22 16 14 21 30 27 2 22 0 7 3
10 16 15 7 14 25 22 9 18 7 0 10
0 25 18 16 24 33 30 3 25 3 10 0
,
0 75 28 34 26 65 76 4 64 5 29 0
43 0 44 37 18 33 28 36 11 39 21 54
31 41 0 30 32 30 42 20 21 20 42 33
45 36 33 0 17 32 59 42 42 18 12 46
56 17 26 14 0 28 36 52 33 32 15 43
68 21 22 51 47 0 5 72 16 41 55 63
39 31 17 53 49 8 0 34 9 48 23 30
3 60 43 17 32 68 54 0 31 3 16 4
45 8 37 37 23 10 15 64 0 26 34 51
8 33 46 39 30 82 54 6 23 0 8 5
16 16 21 17 42 65 42 11 43 18 0 16
0 26 54 41 29 42 85 7 28 5 20 0