2
10
,
0 (27.0, 43.0) 43.0
1 (35.0, 9.0) 31.0
2 (3.0, 32.0) 58.0
3 (14.0, 46.0) 66.0
4 (50.0, 42.0) 42.0
5 (48.0, 35.0) 48.0
6 (5.0, 1.0) 37.0
7 (38.0, 34.0) 52.0
8 (4.0, 5.0) 86.0
9 (6.0, 19.0) 30.0
,
0 25 18 16 24 33 30 3 25 3 10 0
25 0 17 13 7 12 11 24 7 22 16 25
18 17 0 20 21 18 15 16 13 16 15 18
16 13 20 0 9 24 23 16 18 14 7 16
24 7 21 9 0 18 18 23 13 21 14 24
33 12 18 24 18 0 4 30 7 30 25 33
30 11 15 23 18 4 0 27 5 27 22 30
3 24 16 16 23 30 27 0 23 2 9 3
25 7 13 18 13 7 5 23 0 22 18 25
3 22 16 14 21 30 27 2 22 0 7 3
10 16 15 7 14 25 22 9 18 7 0 10
0 25 18 16 24 33 30 3 25 3 10 0
,
0 67 33 21 41 74 88 7 55 4 13 0
67 0 18 26 18 27 23 34 11 42 38 41
44 31 0 27 34 50 18 36 34 44 17 35
22 36 38 0 25 54 59 27 43 39 13 33
46 19 39 19 0 34 53 63 40 62 34 52
81 30 40 56 54 0 8 88 15 75 56 97
41 33 37 65 46 5 0 62 11 68 59 59
6 60 36 26 68 61 38 0 29 3 15 5
32 21 18 51 30 18 14 57 0 32 31 61
4 55 39 36 39 38 80 3 51 0 17 4
19 24 42 9 15 65 34 20 25 10 0 19
0 66 22 28 63 40 58 5 47 6 19 0