2
10
,
0 (27.0, 43.0) 49.0
1 (35.0, 9.0) 69.0
2 (3.0, 32.0) 84.0
3 (14.0, 46.0) 35.0
4 (50.0, 42.0) 72.0
5 (48.0, 35.0) 49.0
6 (5.0, 1.0) 61.0
7 (38.0, 34.0) 37.0
8 (4.0, 5.0) 44.0
9 (6.0, 19.0) 61.0
,
0 25 18 16 24 33 30 3 25 3 10 0
25 0 17 13 7 12 11 24 7 22 16 25
18 17 0 20 21 18 15 16 13 16 15 18
16 13 20 0 9 24 23 16 18 14 7 16
24 7 21 9 0 18 18 23 13 21 14 24
33 12 18 24 18 0 4 30 7 30 25 33
30 11 15 23 18 4 0 27 5 27 22 30
3 24 16 16 23 30 27 0 23 2 9 3
25 7 13 18 13 7 5 23 0 22 18 25
3 22 16 14 21 30 27 2 22 0 7 3
10 16 15 7 14 25 22 9 18 7 0 10
0 25 18 16 24 33 30 3 25 3 10 0
,
0 50 33 17 65 36 81 5 43 7 20 0
67 0 33 27 18 23 20 40 13 53 44 33
45 47 0 57 35 46 38 23 18 35 42 46
32 26 35 0 11 53 54 46 43 17 15 44
30 17 53 18 0 43 45 26 33 57 33 53
42 23 38 63 25 0 8 70 20 40 52 77
56 27 35 31 51 5 0 29 11 63 29 38
6 50 28 19 28 53 35 0 56 5 27 6
39 17 29 21 35 13 7 44 0 29 32 52
9 48 36 22 58 47 63 2 26 0 21 9
29 48 40 14 34 47 47 25 28 18 0 28
0 51 46 36 48 59 45 7 59 5 20 0