2
10
,
0 (27.0, 43.0) 61.0
1 (35.0, 9.0) 57.0
2 (3.0, 32.0) 39.0
3 (14.0, 46.0) 71.0
4 (50.0, 42.0) 63.0
5 (48.0, 35.0) 44.0
6 (5.0, 1.0) 80.0
7 (38.0, 34.0) 30.0
8 (4.0, 5.0) 33.0
9 (6.0, 19.0) 43.0
,
0 25 18 16 24 33 30 3 25 3 10 0
25 0 17 13 7 12 11 24 7 22 16 25
18 17 0 20 21 18 15 16 13 16 15 18
16 13 20 0 9 24 23 16 18 14 7 16
24 7 21 9 0 18 18 23 13 21 14 24
33 12 18 24 18 0 4 30 7 30 25 33
30 11 15 23 18 4 0 27 5 27 22 30
3 24 16 16 23 30 27 0 23 2 9 3
25 7 13 18 13 7 5 23 0 22 18 25
3 22 16 14 21 30 27 2 22 0 7 3
10 16 15 7 14 25 22 9 18 7 0 10
0 25 18 16 24 33 30 3 25 3 10 0
,
0 71 24 38 49 46 30 3 52 5 15 0
62 0 44 17 16 18 29 61 18 35 25 64
47 51 0 22 23 35 40 23 37 33 36 36
42 30 28 0 26 54 64 17 29 33 12 34
25 17 63 15 0 29 37 28 40 52 32 55
85 30 22 35 50 0 10 42 19 41 63 81
81 13 32 32 19 6 0 80 6 60 54 37
6 51 16 43 63 66 40 0 60 3 20 7
50 15 35 42 18 9 9 60 0 34 29 76
4 54 33 40 51 66 57 2 29 0 18 4
17 27 23 15 35 67 30 22 42 21 0 24
0 74 19 19 57 93 72 5 44 8 17 0