2
10
,
0 (27.0, 43.0) 38.0
1 (35.0, 9.0) 75.0
2 (3.0, 32.0) 80.0
3 (14.0, 46.0) 39.0
4 (50.0, 42.0) 60.0
5 (48.0, 35.0) 37.0
6 (5.0, 1.0) 36.0
7 (38.0, 34.0) 65.0
8 (4.0, 5.0) 48.0
9 (6.0, 19.0) 47.0
,
0 25 18 16 24 33 30 3 25 3 10 0
25 0 17 13 7 12 11 24 7 22 16 25
18 17 0 20 21 18 15 16 13 16 15 18
16 13 20 0 9 24 23 16 18 14 7 16
24 7 21 9 0 18 18 23 13 21 14 24
33 12 18 24 18 0 4 30 7 30 25 33
30 11 15 23 18 4 0 27 5 27 22 30
3 24 16 16 23 30 27 0 23 2 9 3
25 7 13 18 13 7 5 23 0 22 18 25
3 22 16 14 21 30 27 2 22 0 7 3
10 16 15 7 14 25 22 9 18 7 0 10
0 25 18 16 24 33 30 3 25 3 10 0
,
0 41 48 24 65 68 63 4 50 6 25 0
27 0 35 27 15 12 25 26 17 62 18 74
39 39 0 38 33 37 26 43 35 45 40 47
24 35 30 0 17 29 40 40 35 22 12 36
55 8 27 13 0 52 29 59 25 24 34 44
69 22 31 37 32 0 6 78 13 61 63 42
56 15 22 36 53 10 0 34 7 77 40 88
4 29 39 20 25 82 43 0 59 6 14 5
27 7 14 25 27 19 11 33 0 51 20 27
8 63 36 19 54 36 69 5 48 0 15 9
15 43 42 17 20 41 38 14 24 13 0 25
0 27 23 20 61 83 58 6 71 4 14 0