2
10
,
0 (27.0, 43.0) 80.0
1 (35.0, 9.0) 35.0
2 (3.0, 32.0) 31.0
3 (14.0, 46.0) 40.0
4 (50.0, 42.0) 67.0
5 (48.0, 35.0) 70.0
6 (5.0, 1.0) 33.0
7 (38.0, 34.0) 61.0
8 (4.0, 5.0) 49.0
9 (6.0, 19.0) 58.0
,
0 25 18 16 24 33 30 3 25 3 10 0
25 0 17 13 7 12 11 24 7 22 16 25
18 17 0 20 21 18 15 16 13 16 15 18
16 13 20 0 9 24 23 16 18 14 7 16
24 7 21 9 0 18 18 23 13 21 14 24
33 12 18 24 18 0 4 30 7 30 25 33
30 11 15 23 18 4 0 27 5 27 22 30
3 24 16 16 23 30 27 0 23 2 9 3
25 7 13 18 13 7 5 23 0 22 18 25
3 22 16 14 21 30 27 2 22 0 7 3
10 16 15 7 14 25 22 9 18 7 0 10
0 25 18 16 24 33 30 3 25 3 10 0
,
0 60 43 32 25 71 60 6 66 4 20 0
45 0 32 22 15 30 33 62 12 49 40 29
43 34 0 53 54 29 40 33 21 40 17 52
27 17 42 0 22 31 67 29 39 17 16 39
35 11 38 20 0 42 46 60 30 28 21 24
48 14 24 41 33 0 7 32 17 82 52 57
64 13 26 45 43 6 0 40 9 75 59 82
6 39 36 29 42 31 78 0 40 4 25 4
68 10 13 49 15 10 8 43 0 65 43 33
8 37 44 15 45 40 60 3 35 0 11 8
29 36 32 14 40 64 46 13 19 15 0 22
0 46 21 48 57 59 45 7 62 9 20 0