2
10
,
0 (27.0, 43.0) 50.0
1 (35.0, 9.0) 56.0
2 (3.0, 32.0) 90.0
3 (14.0, 46.0) 80.0
4 (50.0, 42.0) 61.0
5 (48.0, 35.0) 64.0
6 (5.0, 1.0) 71.0
7 (38.0, 34.0) 73.0
8 (4.0, 5.0) 82.0
9 (6.0, 19.0) 33.0
,
0 25 18 16 24 33 30 3 25 3 10 0
25 0 17 13 7 12 11 24 7 22 16 25
18 17 0 20 21 18 15 16 13 16 15 18
16 13 20 0 9 24 23 16 18 14 7 16
24 7 21 9 0 18 18 23 13 21 14 24
33 12 18 24 18 0 4 30 7 30 25 33
30 11 15 23 18 4 0 27 5 27 22 30
3 24 16 16 23 30 27 0 23 2 9 3
25 7 13 18 13 7 5 23 0 22 18 25
3 22 16 14 21 30 27 2 22 0 7 3
10 16 15 7 14 25 22 9 18 7 0 10
0 25 18 16 24 33 30 3 25 3 10 0
,
0 36 38 31 46 52 42 3 50 6 22 0
72 0 20 24 18 29 25 70 20 65 27 29
49 30 0 29 48 49 33 16 29 46 42 45
48 22 56 0 20 65 36 40 30 29 8 16
28 10 52 22 0 50 36 54 35 34 28 47
36 15 31 28 34 0 8 55 10 30 28 71
61 24 37 30 50 11 0 48 10 67 62 85
7 27 41 28 33 90 79 0 36 4 13 7
39 8 23 24 19 14 11 62 0 65 25 51
9 61 16 26 56 55 30 6 45 0 10 5
27 26 31 7 36 65 59 14 47 15 0 27
0 60 43 40 26 34 73 7 30 7 13 0