2
10
,
0 (27.0, 43.0) 34.0
1 (35.0, 9.0) 88.0
2 (3.0, 32.0) 44.0
3 (14.0, 46.0) 34.0
4 (50.0, 42.0) 42.0
5 (48.0, 35.0) 69.0
6 (5.0, 1.0) 42.0
7 (38.0, 34.0) 81.0
8 (4.0, 5.0) 52.0
9 (6.0, 19.0) 54.0
,
0 25 18 16 24 33 30 3 25 3 10 0
25 0 17 13 7 12 11 24 7 22 16 25
18 17 0 20 21 18 15 16 13 16 15 18
16 13 20 0 9 24 23 16 18 14 7 16
24 7 21 9 0 18 18 23 13 21 14 24
33 12 18 24 18 0 4 30 7 30 25 33
30 11 15 23 18 4 0 27 5 27 22 30
3 24 16 16 23 30 27 0 23 2 9 3
25 7 13 18 13 7 5 23 0 22 18 25
3 22 16 14 21 30 27 2 22 0 7 3
10 16 15 7 14 25 22 9 18 7 0 10
0 25 18 16 24 33 30 3 25 3 10 0
,
0 27 54 30 33 97 44 4 60 5 21 0
49 0 34 31 13 20 11 36 8 57 38 57
50 22 0 48 36 37 20 18 37 26 32 33
43 28 33 0 23 54 66 32 19 27 14 18
30 12 48 17 0 30 30 35 33 62 25 38
33 12 30 26 47 0 9 41 13 63 46 83
41 30 29 42 43 4 0 40 14 29 66 61
3 70 32 18 51 88 29 0 43 6 10 5
55 8 25 19 39 16 6 53 0 64 50 53
9 27 20 34 46 38 44 4 27 0 8 4
12 48 36 14 29 36 28 10 48 15 0 15
0 73 20 36 69 51 51 7 66 4 30 0