2
10
,
0 (27.0, 43.0) 83.0
1 (35.0, 9.0) 39.0
2 (3.0, 32.0) 32.0
3 (14.0, 46.0) 44.0
4 (50.0, 42.0) 41.0
5 (48.0, 35.0) 36.0
6 (5.0, 1.0) 72.0
7 (38.0, 34.0) 40.0
8 (4.0, 5.0) 50.0
9 (6.0, 19.0) 85.0
,
0 25 18 16 24 33 30 3 25 3 10 0
25 0 17 13 7 12 11 24 7 22 16 25
18 17 0 20 21 18 15 16 13 16 15 18
16 13 20 0 9 24 23 16 18 14 7 16
24 7 21 9 0 18 18 23 13 21 14 24
33 12 18 24 18 0 4 30 7 30 25 33
30 11 15 23 18 4 0 27 5 27 22 30
3 24 16 16 23 30 27 0 23 2 9 3
25 7 13 18 13 7 5 23 0 22 18 25
3 22 16 14 21 30 27 2 22 0 7 3
10 16 15 7 14 25 22 9 18 7 0 10
0 25 18 16 24 33 30 3 25 3 10 0
,
0 71 43 25 47 80 87 5 75 6 17 0
27 0 30 18 12 16 31 33 8 24 24 36
21 19 0 30 52 51 16 31 25 44 32 45
20 18 36 0 25 34 27 35 42 40 15 28
42 20 45 21 0 43 39 67 28 60 21 56
71 13 23 29 32 0 6 69 18 48 34 41
71 16 22 42 22 10 0 45 13 73 23 69
6 28 25 41 25 84 69 0 48 3 19 4
72 21 36 44 40 19 6 24 0 65 19 46
5 66 20 21 28 58 61 4 42 0 12 4
12 24 35 9 18 72 33 12 22 13 0 12
0 36 27 18 46 91 46 5 60 4 26 0