2
10
,
0 (27.0, 43.0) 64.0
1 (35.0, 9.0) 36.0
2 (3.0, 32.0) 63.0
3 (14.0, 46.0) 64.0
4 (50.0, 42.0) 54.0
5 (48.0, 35.0) 61.0
6 (5.0, 1.0) 54.0
7 (38.0, 34.0) 38.0
8 (4.0, 5.0) 33.0
9 (6.0, 19.0) 39.0
,
0 25 18 16 24 33 30 3 25 3 10 0
25 0 17 13 7 12 11 24 7 22 16 25
18 17 0 20 21 18 15 16 13 16 15 18
16 13 20 0 9 24 23 16 18 14 7 16
24 7 21 9 0 18 18 23 13 21 14 24
33 12 18 24 18 0 4 30 7 30 25 33
30 11 15 23 18 4 0 27 5 27 22 30
3 24 16 16 23 30 27 0 23 2 9 3
25 7 13 18 13 7 5 23 0 22 18 25
3 22 16 14 21 30 27 2 22 0 7 3
10 16 15 7 14 25 22 9 18 7 0 10
0 25 18 16 24 33 30 3 25 3 10 0
,
0 67 31 43 32 78 48 4 65 4 19 0
62 0 48 29 14 12 20 62 16 55 41 42
21 44 0 28 56 54 26 28 26 39 40 31
41 33 51 0 12 66 26 40 39 33 12 22
68 8 35 19 0 43 40 44 18 32 42 56
64 18 23 67 26 0 4 55 11 36 61 41
83 15 22 62 32 8 0 41 12 76 39 50
7 56 39 26 34 68 33 0 41 3 21 3
43 20 22 28 36 12 5 60 0 44 31 72
6 44 43 29 30 47 28 2 45 0 16 4
22 46 24 18 36 42 61 25 46 20 0 28
0 67 20 34 27 46 52 4 47 5 29 0