2
10
,
0 (27.0, 43.0) 44.0
1 (35.0, 9.0) 52.0
2 (3.0, 32.0) 47.0
3 (14.0, 46.0) 43.0
4 (50.0, 42.0) 60.0
5 (48.0, 35.0) 40.0
6 (5.0, 1.0) 36.0
7 (38.0, 34.0) 44.0
8 (4.0, 5.0) 69.0
9 (6.0, 19.0) 42.0
,
0 25 18 16 24 33 30 3 25 3 10 0
25 0 17 13 7 12 11 24 7 22 16 25
18 17 0 20 21 18 15 16 13 16 15 18
16 13 20 0 9 24 23 16 18 14 7 16
24 7 21 9 0 18 18 23 13 21 14 24
33 12 18 24 18 0 4 30 7 30 25 33
30 11 15 23 18 4 0 27 5 27 22 30
3 24 16 16 23 30 27 0 23 2 9 3
25 7 13 18 13 7 5 23 0 22 18 25
3 22 16 14 21 30 27 2 22 0 7 3
10 16 15 7 14 25 22 9 18 7 0 10
0 25 18 16 24 33 30 3 25 3 10 0
,
0 39 50 21 62 82 44 7 44 9 13 0
61 0 50 27 9 21 32 26 12 23 35 30
52 34 0 58 62 53 32 33 18 34 33 49
39 39 53 0 21 60 63 38 27 16 7 33
54 18 60 10 0 23 40 46 22 47 37 60
49 21 21 41 30 0 6 40 18 34 42 55
74 23 30 59 23 6 0 79 8 61 44 35
6 38 20 43 52 80 65 0 59 4 12 7
51 13 13 36 20 19 8 44 0 37 37 37
5 44 45 18 39 58 29 4 34 0 9 7
25 33 33 11 39 64 60 14 26 15 0 24
0 39 21 18 49 79 86 4 31 4 18 0