2
10
,
0 (27.0, 43.0) 52.0
1 (35.0, 9.0) 86.0
2 (3.0, 32.0) 49.0
3 (14.0, 46.0) 78.0
4 (50.0, 42.0) 55.0
5 (48.0, 35.0) 49.0
6 (5.0, 1.0) 32.0
7 (38.0, 34.0) 78.0
8 (4.0, 5.0) 66.0
9 (6.0, 19.0) 31.0
,
0 25 18 16 24 33 30 3 25 3 10 0
25 0 17 13 7 12 11 24 7 22 16 25
18 17 0 20 21 18 15 16 13 16 15 18
16 13 20 0 9 24 23 16 18 14 7 16
24 7 21 9 0 18 18 23 13 21 14 24
33 12 18 24 18 0 4 30 7 30 25 33
30 11 15 23 18 4 0 27 5 27 22 30
3 24 16 16 23 30 27 0 23 2 9 3
25 7 13 18 13 7 5 23 0 22 18 25
3 22 16 14 21 30 27 2 22 0 7 3
10 16 15 7 14 25 22 9 18 7 0 10
0 25 18 16 24 33 30 3 25 3 10 0
,
0 66 49 24 40 70 35 4 31 5 20 0
57 0 25 25 16 17 27 28 17 55 35 37
40 40 0 22 36 34 30 25 37 44 23 46
21 24 32 0 12 51 63 40 35 18 8 40
33 15 36 17 0 38 31 67 35 25 38 61
93 25 47 61 48 0 6 65 20 33 73 54
72 29 36 64 49 7 0 80 5 32 49 40
3 66 30 40 24 36 55 0 65 6 22 6
59 11 25 51 35 8 10 25 0 60 25 42
6 34 17 28 44 85 77 3 67 0 16 8
17 26 22 19 16 28 45 10 31 21 0 22
0 59 49 48 58 86 56 5 76 8 28 0