2
10
,
0 (27.0, 43.0) 55.0
1 (35.0, 9.0) 66.0
2 (3.0, 32.0) 87.0
3 (14.0, 46.0) 67.0
4 (50.0, 42.0) 64.0
5 (48.0, 35.0) 71.0
6 (5.0, 1.0) 32.0
7 (38.0, 34.0) 36.0
8 (4.0, 5.0) 51.0
9 (6.0, 19.0) 31.0
,
0 25 18 16 24 33 30 3 25 3 10 0
25 0 17 13 7 12 11 24 7 22 16 25
18 17 0 20 21 18 15 16 13 16 15 18
16 13 20 0 9 24 23 16 18 14 7 16
24 7 21 9 0 18 18 23 13 21 14 24
33 12 18 24 18 0 4 30 7 30 25 33
30 11 15 23 18 4 0 27 5 27 22 30
3 24 16 16 23 30 27 0 23 2 9 3
25 7 13 18 13 7 5 23 0 22 18 25
3 22 16 14 21 30 27 2 22 0 7 3
10 16 15 7 14 25 22 9 18 7 0 10
0 25 18 16 24 33 30 3 25 3 10 0
,
0 44 53 44 35 68 60 8 39 6 21 0
53 0 42 39 9 21 14 56 21 47 47 42
29 20 0 46 58 36 37 24 24 38 26 54
28 34 32 0 10 50 57 35 32 14 17 26
66 11 24 17 0 38 28 63 30 45 23 28
49 26 35 36 45 0 9 82 13 35 27 88
52 17 27 50 19 7 0 48 10 28 61 39
5 34 43 18 68 32 28 0 29 3 25 6
36 20 31 35 38 20 7 42 0 25 37 57
8 47 43 22 49 78 51 4 46 0 20 9
29 30 42 15 40 62 27 17 31 15 0 17
0 61 37 26 38 51 36 3 45 4 11 0