2
10
,
0 (27.0, 43.0) 58.0
1 (35.0, 9.0) 33.0
2 (3.0, 32.0) 33.0
3 (14.0, 46.0) 31.0
4 (50.0, 42.0) 36.0
5 (48.0, 35.0) 82.0
6 (5.0, 1.0) 55.0
7 (38.0, 34.0) 71.0
8 (4.0, 5.0) 57.0
9 (6.0, 19.0) 46.0
,
0 25 18 16 24 33 30 3 25 3 10 0
25 0 17 13 7 12 11 24 7 22 16 25
18 17 0 20 21 18 15 16 13 16 15 18
16 13 20 0 9 24 23 16 18 14 7 16
24 7 21 9 0 18 18 23 13 21 14 24
33 12 18 24 18 0 4 30 7 30 25 33
30 11 15 23 18 4 0 27 5 27 22 30
3 24 16 16 23 30 27 0 23 2 9 3
25 7 13 18 13 7 5 23 0 22 18 25
3 22 16 14 21 30 27 2 22 0 7 3
10 16 15 7 14 25 22 9 18 7 0 10
0 25 18 16 24 33 30 3 25 3 10 0
,
0 59 25 19 55 91 56 6 57 5 12 0
46 0 18 32 15 32 14 24 15 30 21 60
34 31 0 37 45 22 18 27 34 34 19 26
35 14 44 0 15 63 32 24 46 34 15 35
62 13 55 21 0 22 20 29 35 59 33 41
59 23 49 68 35 0 9 42 11 36 36 52
32 12 35 49 39 11 0 53 8 78 38 52
7 38 19 41 28 43 67 0 33 6 13 3
56 15 29 51 19 13 10 39 0 29 47 44
8 37 34 17 59 41 70 5 30 0 13 7
26 19 43 12 38 72 56 18 44 9 0 17
0 49 38 18 49 66 84 4 57 6 23 0