2
10
,
0 (27.0, 43.0) 51.0
1 (35.0, 9.0) 40.0
2 (3.0, 32.0) 35.0
3 (14.0, 46.0) 59.0
4 (50.0, 42.0) 44.0
5 (48.0, 35.0) 70.0
6 (5.0, 1.0) 72.0
7 (38.0, 34.0) 53.0
8 (4.0, 5.0) 55.0
9 (6.0, 19.0) 74.0
,
0 25 18 16 24 33 30 3 25 3 10 0
25 0 17 13 7 12 11 24 7 22 16 25
18 17 0 20 21 18 15 16 13 16 15 18
16 13 20 0 9 24 23 16 18 14 7 16
24 7 21 9 0 18 18 23 13 21 14 24
33 12 18 24 18 0 4 30 7 30 25 33
30 11 15 23 18 4 0 27 5 27 22 30
3 24 16 16 23 30 27 0 23 2 9 3
25 7 13 18 13 7 5 23 0 22 18 25
3 22 16 14 21 30 27 2 22 0 7 3
10 16 15 7 14 25 22 9 18 7 0 10
0 25 18 16 24 33 30 3 25 3 10 0
,
0 69 48 36 57 65 43 3 74 6 27 0
71 0 24 26 19 29 28 63 21 41 32 44
45 20 0 34 31 30 22 47 16 29 33 50
35 34 45 0 24 49 41 25 52 18 17 33
45 14 55 27 0 32 37 64 29 45 19 29
95 25 37 53 27 0 10 67 10 85 58 82
33 28 18 24 43 5 0 73 11 38 52 42
5 40 28 17 44 80 81 0 58 2 21 3
72 16 17 30 29 16 11 42 0 35 51 60
5 26 37 23 34 82 73 2 44 0 20 9
20 19 40 17 36 61 54 16 38 19 0 29
0 75 19 26 46 70 43 6 35 5 19 0