2
10
,
0 (27.0, 43.0) 79.0
1 (35.0, 9.0) 48.0
2 (3.0, 32.0) 32.0
3 (14.0, 46.0) 88.0
4 (50.0, 42.0) 39.0
5 (48.0, 35.0) 36.0
6 (5.0, 1.0) 38.0
7 (38.0, 34.0) 42.0
8 (4.0, 5.0) 59.0
9 (6.0, 19.0) 77.0
,
0 25 18 16 24 33 30 3 25 3 10 0
25 0 17 13 7 12 11 24 7 22 16 25
18 17 0 20 21 18 15 16 13 16 15 18
16 13 20 0 9 24 23 16 18 14 7 16
24 7 21 9 0 18 18 23 13 21 14 24
33 12 18 24 18 0 4 30 7 30 25 33
30 11 15 23 18 4 0 27 5 27 22 30
3 24 16 16 23 30 27 0 23 2 9 3
25 7 13 18 13 7 5 23 0 22 18 25
3 22 16 14 21 30 27 2 22 0 7 3
10 16 15 7 14 25 22 9 18 7 0 10
0 25 18 16 24 33 30 3 25 3 10 0
,
0 67 37 36 58 36 78 4 57 6 28 0
54 0 31 38 13 32 24 45 15 49 28 76
43 34 0 32 56 45 15 38 17 44 34 46
22 29 57 0 11 27 26 36 33 24 11 32
33 19 22 9 0 20 48 40 20 46 19 61
67 20 54 59 29 0 8 70 20 34 72 33
81 23 17 66 26 10 0 61 11 50 54 72
3 58 33 24 41 61 53 0 54 4 21 3
72 7 31 40 38 9 10 25 0 28 21 66
4 36 24 23 33 76 62 5 30 0 13 3
15 21 22 15 41 39 50 23 20 11 0 15
0 48 23 37 43 34 88 8 51 6 19 0