2
10
,
0 (27.0, 43.0) 43.0
1 (35.0, 9.0) 90.0
2 (3.0, 32.0) 38.0
3 (14.0, 46.0) 80.0
4 (50.0, 42.0) 38.0
5 (48.0, 35.0) 37.0
6 (5.0, 1.0) 45.0
7 (38.0, 34.0) 42.0
8 (4.0, 5.0) 60.0
9 (6.0, 19.0) 44.0
,
0 25 18 16 24 33 30 3 25 3 10 0
25 0 17 13 7 12 11 24 7 22 16 25
18 17 0 20 21 18 15 16 13 16 15 18
16 13 20 0 9 24 23 16 18 14 7 16
24 7 21 9 0 18 18 23 13 21 14 24
33 12 18 24 18 0 4 30 7 30 25 33
30 11 15 23 18 4 0 27 5 27 22 30
3 24 16 16 23 30 27 0 23 2 9 3
25 7 13 18 13 7 5 23 0 22 18 25
3 22 16 14 21 30 27 2 22 0 7 3
10 16 15 7 14 25 22 9 18 7 0 10
0 25 18 16 24 33 30 3 25 3 10 0
,
0 72 22 39 53 40 87 4 43 9 20 0
75 0 38 38 7 31 28 27 20 24 35 45
37 18 0 23 50 39 40 19 19 40 32 38
27 36 52 0 16 43 40 27 41 37 10 43
45 8 55 26 0 35 26 30 16 38 25 42
55 34 34 28 47 0 10 74 15 63 43 92
42 29 41 44 22 10 0 67 15 46 33 56
5 67 33 44 66 39 47 0 50 3 12 6
45 13 27 33 16 15 11 54 0 46 34 50
6 67 27 27 56 51 70 4 58 0 21 8
25 21 28 20 29 34 55 16 22 13 0 20
0 51 48 21 60 44 34 6 44 7 25 0