2
10
,
0 (27.0, 43.0) 86.0
1 (35.0, 9.0) 77.0
2 (3.0, 32.0) 39.0
3 (14.0, 46.0) 49.0
4 (50.0, 42.0) 58.0
5 (48.0, 35.0) 61.0
6 (5.0, 1.0) 41.0
7 (38.0, 34.0) 47.0
8 (4.0, 5.0) 37.0
9 (6.0, 19.0) 69.0
,
0 25 18 16 24 33 30 3 25 3 10 0
25 0 17 13 7 12 11 24 7 22 16 25
18 17 0 20 21 18 15 16 13 16 15 18
16 13 20 0 9 24 23 16 18 14 7 16
24 7 21 9 0 18 18 23 13 21 14 24
33 12 18 24 18 0 4 30 7 30 25 33
30 11 15 23 18 4 0 27 5 27 22 30
3 24 16 16 23 30 27 0 23 2 9 3
25 7 13 18 13 7 5 23 0 22 18 25
3 22 16 14 21 30 27 2 22 0 7 3
10 16 15 7 14 25 22 9 18 7 0 10
0 25 18 16 24 33 30 3 25 3 10 0
,
0 35 30 29 65 49 54 6 46 4 26 0
30 0 48 28 8 33 34 36 16 61 37 53
44 36 0 39 54 36 34 21 19 30 39 38
44 36 44 0 24 64 50 40 19 20 12 33
24 16 33 20 0 36 33 53 14 36 32 58
64 22 36 42 27 0 8 71 14 68 53 89
36 22 18 24 27 7 0 63 9 37 56 42
3 24 29 34 29 67 46 0 69 5 27 5
35 14 20 49 21 17 12 59 0 49 38 57
6 30 16 40 38 88 72 5 41 0 19 5
11 42 44 13 17 69 52 19 53 14 0 20
0 30 50 37 33 76 51 4 34 8 29 0