2
10
,
0 (27.0, 43.0) 60.0
1 (35.0, 9.0) 44.0
2 (3.0, 32.0) 87.0
3 (14.0, 46.0) 40.0
4 (50.0, 42.0) 54.0
5 (48.0, 35.0) 62.0
6 (5.0, 1.0) 37.0
7 (38.0, 34.0) 69.0
8 (4.0, 5.0) 50.0
9 (6.0, 19.0) 32.0
,
0 25 18 16 24 33 30 3 25 3 10 0
25 0 17 13 7 12 11 24 7 22 16 25
18 17 0 20 21 18 15 16 13 16 15 18
16 13 20 0 9 24 23 16 18 14 7 16
24 7 21 9 0 18 18 23 13 21 14 24
33 12 18 24 18 0 4 30 7 30 25 33
30 11 15 23 18 4 0 27 5 27 22 30
3 24 16 16 23 30 27 0 23 2 9 3
25 7 13 18 13 7 5 23 0 22 18 25
3 22 16 14 21 30 27 2 22 0 7 3
10 16 15 7 14 25 22 9 18 7 0 10
0 25 18 16 24 33 30 3 25 3 10 0
,
0 61 46 27 67 92 58 4 74 7 21 0
71 0 46 30 12 31 15 54 17 49 35 55
28 33 0 57 37 47 20 20 16 41 43 32
37 25 24 0 12 53 30 21 47 31 16 29
58 15 53 18 0 18 30 34 39 53 38 36
46 22 37 26 24 0 5 68 14 86 35 84
49 18 40 59 20 9 0 57 12 27 28 43
6 64 39 31 67 60 69 0 36 5 26 4
73 10 27 19 31 13 9 54 0 64 33 68
3 36 20 36 27 62 47 6 51 0 17 10
12 35 31 19 39 31 31 25 36 15 0 14
0 33 37 45 58 73 72 7 33 4 14 0