2
10
,
0 (27.0, 43.0) 51.0
1 (35.0, 9.0) 50.0
2 (3.0, 32.0) 82.0
3 (14.0, 46.0) 60.0
4 (50.0, 42.0) 86.0
5 (48.0, 35.0) 74.0
6 (5.0, 1.0) 35.0
7 (38.0, 34.0) 76.0
8 (4.0, 5.0) 30.0
9 (6.0, 19.0) 76.0
,
0 25 18 16 24 33 30 3 25 3 10 0
25 0 17 13 7 12 11 24 7 22 16 25
18 17 0 20 21 18 15 16 13 16 15 18
16 13 20 0 9 24 23 16 18 14 7 16
24 7 21 9 0 18 18 23 13 21 14 24
33 12 18 24 18 0 4 30 7 30 25 33
30 11 15 23 18 4 0 27 5 27 22 30
3 24 16 16 23 30 27 0 23 2 9 3
25 7 13 18 13 7 5 23 0 22 18 25
3 22 16 14 21 30 27 2 22 0 7 3
10 16 15 7 14 25 22 9 18 7 0 10
0 25 18 16 24 33 30 3 25 3 10 0
,
0 26 46 26 60 93 77 5 73 8 25 0
58 0 48 36 11 33 33 64 9 24 36 43
41 18 0 24 27 40 16 33 37 39 22 24
16 14 27 0 18 46 65 35 33 31 14 17
59 16 49 26 0 46 21 66 27 58 32 66
54 26 53 34 38 0 10 39 18 44 50 45
75 18 18 62 42 11 0 42 9 28 29 31
8 50 32 39 31 64 43 0 65 4 21 7
75 18 30 21 18 18 5 68 0 25 26 29
5 50 38 33 61 33 40 4 43 0 12 6
17 48 27 20 41 53 23 11 25 17 0 12
0 55 49 17 31 67 37 7 58 6 12 0