2
10
,
0 (27.0, 43.0) 37.0
1 (35.0, 9.0) 65.0
2 (3.0, 32.0) 49.0
3 (14.0, 46.0) 58.0
4 (50.0, 42.0) 76.0
5 (48.0, 35.0) 60.0
6 (5.0, 1.0) 71.0
7 (38.0, 34.0) 45.0
8 (4.0, 5.0) 31.0
9 (6.0, 19.0) 42.0
,
0 25 18 16 24 33 30 3 25 3 10 0
25 0 17 13 7 12 11 24 7 22 16 25
18 17 0 20 21 18 15 16 13 16 15 18
16 13 20 0 9 24 23 16 18 14 7 16
24 7 21 9 0 18 18 23 13 21 14 24
33 12 18 24 18 0 4 30 7 30 25 33
30 11 15 23 18 4 0 27 5 27 22 30
3 24 16 16 23 30 27 0 23 2 9 3
25 7 13 18 13 7 5 23 0 22 18 25
3 22 16 14 21 30 27 2 22 0 7 3
10 16 15 7 14 25 22 9 18 7 0 10
0 25 18 16 24 33 30 3 25 3 10 0
,
0 39 24 31 36 65 73 3 75 3 24 0
28 0 34 34 9 22 24 50 12 48 43 58
24 39 0 38 29 37 43 43 25 38 38 40
25 23 37 0 11 68 66 38 40 34 15 36
55 12 53 17 0 40 32 38 40 26 18 44
69 30 32 67 28 0 4 72 10 85 46 96
76 31 21 54 45 9 0 38 6 73 59 44
6 64 24 27 43 55 37 0 68 6 14 4
39 13 32 50 15 15 11 25 0 50 53 66
5 29 23 14 30 51 57 2 61 0 9 4
28 28 34 16 29 55 53 21 22 21 0 18
0 40 36 21 64 50 84 4 36 3 20 0