2
10
,
0 (27.0, 43.0) 74.0
1 (35.0, 9.0) 35.0
2 (3.0, 32.0) 54.0
3 (14.0, 46.0) 49.0
4 (50.0, 42.0) 89.0
5 (48.0, 35.0) 74.0
6 (5.0, 1.0) 46.0
7 (38.0, 34.0) 33.0
8 (4.0, 5.0) 56.0
9 (6.0, 19.0) 37.0
,
0 25 18 16 24 33 30 3 25 3 10 0
25 0 17 13 7 12 11 24 7 22 16 25
18 17 0 20 21 18 15 16 13 16 15 18
16 13 20 0 9 24 23 16 18 14 7 16
24 7 21 9 0 18 18 23 13 21 14 24
33 12 18 24 18 0 4 30 7 30 25 33
30 11 15 23 18 4 0 27 5 27 22 30
3 24 16 16 23 30 27 0 23 2 9 3
25 7 13 18 13 7 5 23 0 22 18 25
3 22 16 14 21 30 27 2 22 0 7 3
10 16 15 7 14 25 22 9 18 7 0 10
0 25 18 16 24 33 30 3 25 3 10 0
,
0 69 29 36 44 44 61 4 42 6 16 0
42 0 34 21 14 25 28 29 20 35 47 28
27 45 0 43 27 24 23 19 18 33 24 39
34 22 39 0 19 44 35 44 39 15 11 36
55 14 63 17 0 44 23 65 19 44 30 42
34 19 40 48 18 0 7 78 17 30 51 84
42 30 30 30 21 7 0 38 9 32 49 55
4 45 43 24 64 41 64 0 58 6 18 6
40 10 22 26 39 8 11 49 0 33 27 61
4 29 37 22 46 35 56 4 23 0 8 9
18 29 24 19 38 74 40 14 30 9 0 19
0 75 41 22 42 86 57 3 71 7 19 0