2
10
,
0 (27.0, 43.0) 34.0
1 (35.0, 9.0) 81.0
2 (3.0, 32.0) 35.0
3 (14.0, 46.0) 56.0
4 (50.0, 42.0) 48.0
5 (48.0, 35.0) 31.0
6 (5.0, 1.0) 55.0
7 (38.0, 34.0) 35.0
8 (4.0, 5.0) 47.0
9 (6.0, 19.0) 31.0
,
0 25 18 16 24 33 30 3 25 3 10 0
25 0 17 13 7 12 11 24 7 22 16 25
18 17 0 20 21 18 15 16 13 16 15 18
16 13 20 0 9 24 23 16 18 14 7 16
24 7 21 9 0 18 18 23 13 21 14 24
33 12 18 24 18 0 4 30 7 30 25 33
30 11 15 23 18 4 0 27 5 27 22 30
3 24 16 16 23 30 27 0 23 2 9 3
25 7 13 18 13 7 5 23 0 22 18 25
3 22 16 14 21 30 27 2 22 0 7 3
10 16 15 7 14 25 22 9 18 7 0 10
0 25 18 16 24 33 30 3 25 3 10 0
,
0 73 20 44 37 89 32 5 70 4 27 0
48 0 50 20 18 34 19 49 21 26 46 76
34 25 0 46 63 31 35 29 25 46 26 44
46 19 49 0 21 59 48 28 46 39 20 42
28 15 30 10 0 53 36 44 24 63 19 38
47 24 20 61 50 0 7 47 14 72 33 84
80 21 17 38 21 8 0 64 5 65 47 79
5 61 16 27 47 81 59 0 69 2 14 5
53 10 30 27 18 10 14 51 0 36 48 65
7 31 32 27 63 33 68 6 55 0 10 9
16 42 40 17 17 59 48 23 39 13 0 10
0 71 21 18 55 73 55 3 63 6 29 0