2
10
,
0 (27.0, 43.0) 31.0
1 (35.0, 9.0) 52.0
2 (3.0, 32.0) 51.0
3 (14.0, 46.0) 34.0
4 (50.0, 42.0) 34.0
5 (48.0, 35.0) 44.0
6 (5.0, 1.0) 33.0
7 (38.0, 34.0) 46.0
8 (4.0, 5.0) 42.0
9 (6.0, 19.0) 70.0
,
0 25 18 16 24 33 30 3 25 3 10 0
25 0 17 13 7 12 11 24 7 22 16 25
18 17 0 20 21 18 15 16 13 16 15 18
16 13 20 0 9 24 23 16 18 14 7 16
24 7 21 9 0 18 18 23 13 21 14 24
33 12 18 24 18 0 4 30 7 30 25 33
30 11 15 23 18 4 0 27 5 27 22 30
3 24 16 16 23 30 27 0 23 2 9 3
25 7 13 18 13 7 5 23 0 22 18 25
3 22 16 14 21 30 27 2 22 0 7 3
10 16 15 7 14 25 22 9 18 7 0 10
0 25 18 16 24 33 30 3 25 3 10 0
,
0 70 43 23 38 48 70 6 27 3 13 0
59 0 45 24 18 23 19 38 9 66 20 35
41 25 0 54 63 40 32 38 23 37 42 50
22 32 30 0 14 29 49 19 20 23 9 45
43 9 43 27 0 51 41 30 33 60 40 59
40 30 38 69 25 0 5 88 8 66 35 57
38 34 21 66 35 6 0 80 13 32 36 70
8 50 36 22 58 54 57 0 52 3 15 3
35 15 38 27 15 21 10 27 0 57 35 50
8 29 38 19 35 78 52 2 30 0 11 10
10 36 40 10 23 40 51 11 41 11 0 19
0 71 32 19 71 81 51 6 61 6 26 0