2
10
,
0 (27.0, 43.0) 50.0
1 (35.0, 9.0) 79.0
2 (3.0, 32.0) 69.0
3 (14.0, 46.0) 39.0
4 (50.0, 42.0) 36.0
5 (48.0, 35.0) 70.0
6 (5.0, 1.0) 76.0
7 (38.0, 34.0) 55.0
8 (4.0, 5.0) 51.0
9 (6.0, 19.0) 79.0
,
0 25 18 16 24 33 30 3 25 3 10 0
25 0 17 13 7 12 11 24 7 22 16 25
18 17 0 20 21 18 15 16 13 16 15 18
16 13 20 0 9 24 23 16 18 14 7 16
24 7 21 9 0 18 18 23 13 21 14 24
33 12 18 24 18 0 4 30 7 30 25 33
30 11 15 23 18 4 0 27 5 27 22 30
3 24 16 16 23 30 27 0 23 2 9 3
25 7 13 18 13 7 5 23 0 22 18 25
3 22 16 14 21 30 27 2 22 0 7 3
10 16 15 7 14 25 22 9 18 7 0 10
0 25 18 16 24 33 30 3 25 3 10 0
,
0 70 22 18 26 52 80 3 37 9 22 0
43 0 33 19 10 26 23 62 9 35 16 35
27 49 0 54 28 39 33 16 27 20 41 18
46 35 29 0 19 26 62 34 47 28 18 27
64 11 62 22 0 41 49 59 25 47 31 57
95 19 36 35 44 0 9 52 8 35 61 52
35 23 35 51 51 9 0 63 13 28 49 77
6 31 21 39 31 57 66 0 37 5 22 6
57 21 23 39 33 19 7 28 0 62 23 32
5 32 46 18 44 80 31 6 48 0 20 6
25 35 24 7 29 30 61 26 34 20 0 20
0 47 23 43 66 94 85 5 50 8 17 0