2
10
,
0 (27.0, 43.0) 62.0
1 (35.0, 9.0) 38.0
2 (3.0, 32.0) 60.0
3 (14.0, 46.0) 43.0
4 (50.0, 42.0) 73.0
5 (48.0, 35.0) 36.0
6 (5.0, 1.0) 51.0
7 (38.0, 34.0) 46.0
8 (4.0, 5.0) 79.0
9 (6.0, 19.0) 39.0
,
0 25 18 16 24 33 30 3 25 3 10 0
25 0 17 13 7 12 11 24 7 22 16 25
18 17 0 20 21 18 15 16 13 16 15 18
16 13 20 0 9 24 23 16 18 14 7 16
24 7 21 9 0 18 18 23 13 21 14 24
33 12 18 24 18 0 4 30 7 30 25 33
30 11 15 23 18 4 0 27 5 27 22 30
3 24 16 16 23 30 27 0 23 2 9 3
25 7 13 18 13 7 5 23 0 22 18 25
3 22 16 14 21 30 27 2 22 0 7 3
10 16 15 7 14 25 22 9 18 7 0 10
0 25 18 16 24 33 30 3 25 3 10 0
,
0 74 34 40 28 97 54 3 57 7 30 0
71 0 26 29 11 24 25 52 16 41 36 76
29 24 0 37 25 24 34 16 20 29 38 23
34 14 38 0 25 32 60 36 32 35 14 44
52 16 63 25 0 31 42 27 30 50 28 34
82 27 22 27 41 0 9 59 17 60 27 89
61 27 16 37 33 7 0 30 5 41 25 64
7 66 31 36 26 59 45 0 39 5 13 7
49 10 37 48 22 17 14 45 0 26 41 37
8 27 29 34 39 39 48 6 30 0 17 5
22 17 26 15 33 32 66 18 25 19 0 19
0 35 51 22 70 97 47 4 27 8 14 0