2
10
,
0 (27.0, 43.0) 59.0
1 (35.0, 9.0) 85.0
2 (3.0, 32.0) 64.0
3 (14.0, 46.0) 43.0
4 (50.0, 42.0) 90.0
5 (48.0, 35.0) 42.0
6 (5.0, 1.0) 40.0
7 (38.0, 34.0) 31.0
8 (4.0, 5.0) 55.0
9 (6.0, 19.0) 71.0
,
0 25 18 16 24 33 30 3 25 3 10 0
25 0 17 13 7 12 11 24 7 22 16 25
18 17 0 20 21 18 15 16 13 16 15 18
16 13 20 0 9 24 23 16 18 14 7 16
24 7 21 9 0 18 18 23 13 21 14 24
33 12 18 24 18 0 4 30 7 30 25 33
30 11 15 23 18 4 0 27 5 27 22 30
3 24 16 16 23 30 27 0 23 2 9 3
25 7 13 18 13 7 5 23 0 22 18 25
3 22 16 14 21 30 27 2 22 0 7 3
10 16 15 7 14 25 22 9 18 7 0 10
0 25 18 16 24 33 30 3 25 3 10 0
,
0 28 25 30 44 56 49 7 71 8 22 0
67 0 30 40 14 17 33 48 18 50 41 73
31 23 0 34 44 34 16 34 26 31 24 48
17 19 47 0 15 70 57 25 42 37 14 24
31 13 56 22 0 47 20 48 19 29 30 25
58 16 27 68 41 0 4 86 10 74 40 97
40 32 31 28 53 6 0 37 12 79 31 76
5 70 38 17 36 68 43 0 64 5 12 4
50 10 15 50 19 11 7 59 0 31 25 65
7 23 40 15 55 56 55 5 51 0 8 4
15 35 34 16 31 63 67 11 42 13 0 18
0 28 31 30 47 80 59 6 43 8 21 0