2
10
,
0 (27.0, 43.0) 46.0
1 (35.0, 9.0) 44.0
2 (3.0, 32.0) 38.0
3 (14.0, 46.0) 32.0
4 (50.0, 42.0) 48.0
5 (48.0, 35.0) 73.0
6 (5.0, 1.0) 48.0
7 (38.0, 34.0) 38.0
8 (4.0, 5.0) 30.0
9 (6.0, 19.0) 39.0
,
0 25 18 16 24 33 30 3 25 3 10 0
25 0 17 13 7 12 11 24 7 22 16 25
18 17 0 20 21 18 15 16 13 16 15 18
16 13 20 0 9 24 23 16 18 14 7 16
24 7 21 9 0 18 18 23 13 21 14 24
33 12 18 24 18 0 4 30 7 30 25 33
30 11 15 23 18 4 0 27 5 27 22 30
3 24 16 16 23 30 27 0 23 2 9 3
25 7 13 18 13 7 5 23 0 22 18 25
3 22 16 14 21 30 27 2 22 0 7 3
10 16 15 7 14 25 22 9 18 7 0 10
0 25 18 16 24 33 30 3 25 3 10 0
,
0 32 31 48 39 91 68 4 48 9 18 0
49 0 52 36 12 18 22 34 11 35 39 46
28 18 0 36 63 47 38 36 32 46 24 20
22 37 41 0 22 58 27 35 18 22 7 45
48 7 37 17 0 36 28 31 25 34 31 55
42 29 21 35 28 0 7 76 12 84 71 37
37 13 42 30 46 4 0 57 6 27 38 81
3 69 16 27 60 51 67 0 59 4 19 5
36 12 26 27 35 13 14 54 0 59 40 47
7 55 19 28 39 76 51 5 30 0 8 8
16 44 34 19 17 60 65 11 20 18 0 29
0 67 41 22 29 41 50 4 46 4 18 0