2
10
,
0 (27.0, 43.0) 88.0
1 (35.0, 9.0) 85.0
2 (3.0, 32.0) 36.0
3 (14.0, 46.0) 66.0
4 (50.0, 42.0) 53.0
5 (48.0, 35.0) 60.0
6 (5.0, 1.0) 39.0
7 (38.0, 34.0) 41.0
8 (4.0, 5.0) 33.0
9 (6.0, 19.0) 80.0
,
0 25 18 16 24 33 30 3 25 3 10 0
25 0 17 13 7 12 11 24 7 22 16 25
18 17 0 20 21 18 15 16 13 16 15 18
16 13 20 0 9 24 23 16 18 14 7 16
24 7 21 9 0 18 18 23 13 21 14 24
33 12 18 24 18 0 4 30 7 30 25 33
30 11 15 23 18 4 0 27 5 27 22 30
3 24 16 16 23 30 27 0 23 2 9 3
25 7 13 18 13 7 5 23 0 22 18 25
3 22 16 14 21 30 27 2 22 0 7 3
10 16 15 7 14 25 22 9 18 7 0 10
0 25 18 16 24 33 30 3 25 3 10 0
,
0 29 37 24 43 89 82 4 54 6 11 0
48 0 25 21 13 20 13 35 20 64 25 56
31 45 0 38 51 48 22 41 27 33 28 52
17 18 32 0 15 25 37 22 31 18 19 26
58 16 51 14 0 51 52 33 19 33 25 70
36 22 49 45 25 0 4 90 21 86 27 39
36 31 39 61 20 5 0 62 8 40 67 69
7 49 39 30 33 33 67 0 49 6 17 6
65 13 17 53 20 19 9 35 0 59 34 60
4 39 21 37 54 60 72 6 34 0 9 9
13 38 20 10 19 74 51 15 39 12 0 28
0 70 26 46 50 70 46 5 70 7 21 0