2
10
,
0 (27.0, 43.0) 82.0
1 (35.0, 9.0) 31.0
2 (3.0, 32.0) 55.0
3 (14.0, 46.0) 49.0
4 (50.0, 42.0) 44.0
5 (48.0, 35.0) 66.0
6 (5.0, 1.0) 31.0
7 (38.0, 34.0) 34.0
8 (4.0, 5.0) 68.0
9 (6.0, 19.0) 65.0
,
0 25 18 16 24 33 30 3 25 3 10 0
25 0 17 13 7 12 11 24 7 22 16 25
18 17 0 20 21 18 15 16 13 16 15 18
16 13 20 0 9 24 23 16 18 14 7 16
24 7 21 9 0 18 18 23 13 21 14 24
33 12 18 24 18 0 4 30 7 30 25 33
30 11 15 23 18 4 0 27 5 27 22 30
3 24 16 16 23 30 27 0 23 2 9 3
25 7 13 18 13 7 5 23 0 22 18 25
3 22 16 14 21 30 27 2 22 0 7 3
10 16 15 7 14 25 22 9 18 7 0 10
0 25 18 16 24 33 30 3 25 3 10 0
,
0 42 50 36 30 58 59 3 64 6 24 0
47 0 46 39 17 33 23 25 9 47 24 39
47 27 0 38 25 45 32 20 30 39 45 33
30 15 42 0 21 36 35 22 22 40 14 39
71 7 37 21 0 52 52 27 35 23 38 62
46 21 35 43 30 0 6 64 12 65 57 80
44 13 30 29 38 8 0 61 14 69 57 33
6 67 26 19 64 88 65 0 43 5 15 6
60 8 18 51 39 12 7 37 0 26 37 49
7 38 16 35 39 52 32 5 49 0 20 7
16 43 33 10 17 38 26 26 21 21 0 21
0 38 37 34 38 81 45 7 76 9 24 0