2
10
,
0 (27.0, 43.0) 32.0
1 (35.0, 9.0) 78.0
2 (3.0, 32.0) 61.0
3 (14.0, 46.0) 33.0
4 (50.0, 42.0) 55.0
5 (48.0, 35.0) 33.0
6 (5.0, 1.0) 72.0
7 (38.0, 34.0) 44.0
8 (4.0, 5.0) 69.0
9 (6.0, 19.0) 41.0
,
0 25 18 16 24 33 30 3 25 3 10 0
25 0 17 13 7 12 11 24 7 22 16 25
18 17 0 20 21 18 15 16 13 16 15 18
16 13 20 0 9 24 23 16 18 14 7 16
24 7 21 9 0 18 18 23 13 21 14 24
33 12 18 24 18 0 4 30 7 30 25 33
30 11 15 23 18 4 0 27 5 27 22 30
3 24 16 16 23 30 27 0 23 2 9 3
25 7 13 18 13 7 5 23 0 22 18 25
3 22 16 14 21 30 27 2 22 0 7 3
10 16 15 7 14 25 22 9 18 7 0 10
0 25 18 16 24 33 30 3 25 3 10 0
,
0 33 22 23 58 47 67 4 64 8 21 0
66 0 47 20 8 13 18 48 12 50 18 65
34 29 0 35 29 35 30 34 21 29 17 23
30 36 41 0 11 72 58 20 41 14 11 35
33 10 47 16 0 26 43 44 29 30 35 46
98 19 19 35 54 0 10 49 22 38 57 65
43 17 22 28 41 8 0 72 9 33 23 45
6 44 25 35 31 90 79 0 63 3 14 6
57 11 31 33 14 14 6 54 0 44 32 57
9 51 47 21 49 78 52 4 54 0 21 5
21 43 32 9 34 48 64 26 42 15 0 16
0 74 20 19 47 50 86 5 34 10 15 0