2
10
,
0 (27.0, 43.0) 37.0
1 (35.0, 9.0) 54.0
2 (3.0, 32.0) 76.0
3 (14.0, 46.0) 51.0
4 (50.0, 42.0) 47.0
5 (48.0, 35.0) 43.0
6 (5.0, 1.0) 40.0
7 (38.0, 34.0) 31.0
8 (4.0, 5.0) 46.0
9 (6.0, 19.0) 33.0
,
0 25 18 16 24 33 30 3 25 3 10 0
25 0 17 13 7 12 11 24 7 22 16 25
18 17 0 20 21 18 15 16 13 16 15 18
16 13 20 0 9 24 23 16 18 14 7 16
24 7 21 9 0 18 18 23 13 21 14 24
33 12 18 24 18 0 4 30 7 30 25 33
30 11 15 23 18 4 0 27 5 27 22 30
3 24 16 16 23 30 27 0 23 2 9 3
25 7 13 18 13 7 5 23 0 22 18 25
3 22 16 14 21 30 27 2 22 0 7 3
10 16 15 7 14 25 22 9 18 7 0 10
0 25 18 16 24 33 30 3 25 3 10 0
,
0 34 43 42 64 40 70 5 40 6 11 0
33 0 41 15 17 19 14 41 10 49 30 42
51 37 0 32 28 29 26 35 18 35 28 22
31 20 59 0 19 31 32 22 32 39 18 28
25 16 28 21 0 18 36 66 24 36 16 39
41 12 25 51 53 0 6 58 21 61 50 45
74 34 38 57 35 10 0 81 14 76 25 61
4 35 47 19 60 38 72 0 25 4 24 7
60 16 19 52 14 16 12 46 0 24 35 66
7 29 38 16 44 78 51 2 27 0 9 5
28 46 15 17 23 63 65 13 29 20 0 11
0 34 28 32 54 53 53 5 61 9 10 0