2
10
,
0 (27.0, 43.0) 59.0
1 (35.0, 9.0) 52.0
2 (3.0, 32.0) 47.0
3 (14.0, 46.0) 32.0
4 (50.0, 42.0) 77.0
5 (48.0, 35.0) 67.0
6 (5.0, 1.0) 39.0
7 (38.0, 34.0) 38.0
8 (4.0, 5.0) 88.0
9 (6.0, 19.0) 49.0
,
0 25 18 16 24 33 30 3 25 3 10 0
25 0 17 13 7 12 11 24 7 22 16 25
18 17 0 20 21 18 15 16 13 16 15 18
16 13 20 0 9 24 23 16 18 14 7 16
24 7 21 9 0 18 18 23 13 21 14 24
33 12 18 24 18 0 4 30 7 30 25 33
30 11 15 23 18 4 0 27 5 27 22 30
3 24 16 16 23 30 27 0 23 2 9 3
25 7 13 18 13 7 5 23 0 22 18 25
3 22 16 14 21 30 27 2 22 0 7 3
10 16 15 7 14 25 22 9 18 7 0 10
0 25 18 16 24 33 30 3 25 3 10 0
,
0 65 37 20 48 92 74 7 61 7 29 0
72 0 41 20 19 20 16 54 17 42 17 34
40 37 0 26 27 24 21 42 19 31 19 27
40 36 54 0 24 67 66 38 46 18 9 34
69 8 41 12 0 49 51 35 14 52 27 32
88 12 43 45 20 0 7 49 11 69 54 84
45 13 19 41 49 4 0 66 6 31 48 41
3 32 17 41 45 70 66 0 65 6 18 3
39 19 30 22 28 16 8 64 0 56 22 27
5 63 43 20 41 88 68 4 66 0 18 4
21 30 19 15 40 73 34 13 44 17 0 23
0 51 19 17 71 41 48 5 38 4 14 0