2
10
,
0 (27.0, 43.0) 34.0
1 (35.0, 9.0) 49.0
2 (3.0, 32.0) 39.0
3 (14.0, 46.0) 34.0
4 (50.0, 42.0) 33.0
5 (48.0, 35.0) 82.0
6 (5.0, 1.0) 43.0
7 (38.0, 34.0) 62.0
8 (4.0, 5.0) 69.0
9 (6.0, 19.0) 32.0
,
0 25 18 16 24 33 30 3 25 3 10 0
25 0 17 13 7 12 11 24 7 22 16 25
18 17 0 20 21 18 15 16 13 16 15 18
16 13 20 0 9 24 23 16 18 14 7 16
24 7 21 9 0 18 18 23 13 21 14 24
33 12 18 24 18 0 4 30 7 30 25 33
30 11 15 23 18 4 0 27 5 27 22 30
3 24 16 16 23 30 27 0 23 2 9 3
25 7 13 18 13 7 5 23 0 22 18 25
3 22 16 14 21 30 27 2 22 0 7 3
10 16 15 7 14 25 22 9 18 7 0 10
0 25 18 16 24 33 30 3 25 3 10 0
,
0 38 53 39 40 48 74 3 44 5 29 0
46 0 24 38 9 30 25 47 9 28 30 38
24 47 0 31 33 25 37 41 22 18 22 31
42 15 47 0 9 62 37 41 35 18 8 17
50 13 27 12 0 53 37 57 22 42 18 49
45 31 50 47 23 0 11 56 13 48 48 73
38 15 39 43 35 7 0 64 12 64 55 45
4 32 36 22 61 43 73 0 48 2 25 6
43 19 22 42 34 8 6 58 0 57 39 70
8 25 20 39 42 62 73 6 26 0 21 3
14 24 37 20 38 42 37 11 38 19 0 18
0 57 25 26 60 47 46 4 26 6 16 0