2
10
,
0 (27.0, 43.0) 33.0
1 (35.0, 9.0) 86.0
2 (3.0, 32.0) 47.0
3 (14.0, 46.0) 57.0
4 (50.0, 42.0) 47.0
5 (48.0, 35.0) 44.0
6 (5.0, 1.0) 54.0
7 (38.0, 34.0) 34.0
8 (4.0, 5.0) 56.0
9 (6.0, 19.0) 38.0
,
0 25 18 16 24 33 30 3 25 3 10 0
25 0 17 13 7 12 11 24 7 22 16 25
18 17 0 20 21 18 15 16 13 16 15 18
16 13 20 0 9 24 23 16 18 14 7 16
24 7 21 9 0 18 18 23 13 21 14 24
33 12 18 24 18 0 4 30 7 30 25 33
30 11 15 23 18 4 0 27 5 27 22 30
3 24 16 16 23 30 27 0 23 2 9 3
25 7 13 18 13 7 5 23 0 22 18 25
3 22 16 14 21 30 27 2 22 0 7 3
10 16 15 7 14 25 22 9 18 7 0 10
0 25 18 16 24 33 30 3 25 3 10 0
,
0 54 39 23 65 84 34 6 48 8 29 0
67 0 32 36 19 12 23 59 14 38 39 54
29 27 0 22 27 32 29 46 32 26 33 36
42 33 36 0 22 61 32 29 31 29 15 35
58 12 47 9 0 48 52 41 32 57 38 34
72 12 53 56 42 0 8 37 10 81 48 36
44 33 39 63 24 5 0 76 8 41 32 34
7 51 38 23 35 70 55 0 48 3 16 6
59 12 15 42 40 12 8 68 0 35 41 75
8 52 45 38 48 33 65 3 59 0 8 6
28 18 44 10 18 47 29 24 49 10 0 12
0 68 40 33 31 38 65 7 65 4 24 0