2
10
,
0 (27.0, 43.0) 48.0
1 (35.0, 9.0) 34.0
2 (3.0, 32.0) 30.0
3 (14.0, 46.0) 51.0
4 (50.0, 42.0) 89.0
5 (48.0, 35.0) 48.0
6 (5.0, 1.0) 66.0
7 (38.0, 34.0) 45.0
8 (4.0, 5.0) 50.0
9 (6.0, 19.0) 51.0
,
0 25 18 16 24 33 30 3 25 3 10 0
25 0 17 13 7 12 11 24 7 22 16 25
18 17 0 20 21 18 15 16 13 16 15 18
16 13 20 0 9 24 23 16 18 14 7 16
24 7 21 9 0 18 18 23 13 21 14 24
33 12 18 24 18 0 4 30 7 30 25 33
30 11 15 23 18 4 0 27 5 27 22 30
3 24 16 16 23 30 27 0 23 2 9 3
25 7 13 18 13 7 5 23 0 22 18 25
3 22 16 14 21 30 27 2 22 0 7 3
10 16 15 7 14 25 22 9 18 7 0 10
0 25 18 16 24 33 30 3 25 3 10 0
,
0 70 28 21 41 72 70 7 54 9 11 0
37 0 41 18 17 25 12 31 19 64 27 40
51 25 0 37 25 22 32 40 16 18 25 50
28 32 31 0 20 48 58 45 35 23 18 39
64 18 26 17 0 47 29 69 36 62 14 37
81 19 23 25 23 0 6 82 14 76 58 40
35 24 24 39 41 5 0 39 14 53 57 30
3 44 35 22 34 42 33 0 29 3 19 4
42 19 30 22 14 19 6 54 0 59 39 47
7 43 45 39 43 35 61 5 50 0 16 5
11 21 36 9 19 44 37 20 30 7 0 17
0 44 49 48 34 83 66 4 74 9 22 0