2
10
,
0 (27.0, 43.0) 61.0
1 (35.0, 9.0) 38.0
2 (3.0, 32.0) 72.0
3 (14.0, 46.0) 84.0
4 (50.0, 42.0) 62.0
5 (48.0, 35.0) 86.0
6 (5.0, 1.0) 40.0
7 (38.0, 34.0) 79.0
8 (4.0, 5.0) 61.0
9 (6.0, 19.0) 67.0
,
0 25 18 16 24 33 30 3 25 3 10 0
25 0 17 13 7 12 11 24 7 22 16 25
18 17 0 20 21 18 15 16 13 16 15 18
16 13 20 0 9 24 23 16 18 14 7 16
24 7 21 9 0 18 18 23 13 21 14 24
33 12 18 24 18 0 4 30 7 30 25 33
30 11 15 23 18 4 0 27 5 27 22 30
3 24 16 16 23 30 27 0 23 2 9 3
25 7 13 18 13 7 5 23 0 22 18 25
3 22 16 14 21 30 27 2 22 0 7 3
10 16 15 7 14 25 22 9 18 7 0 10
0 25 18 16 24 33 30 3 25 3 10 0
,
0 41 23 37 25 87 68 5 37 7 18 0
48 0 25 18 7 18 30 69 11 44 36 56
20 42 0 59 51 24 26 26 25 36 32 50
48 20 43 0 21 27 23 45 40 14 10 42
46 14 33 17 0 19 28 37 16 59 18 64
34 21 36 55 26 0 6 77 18 77 59 41
39 29 28 54 19 6 0 49 11 35 49 81
6 53 24 42 55 63 49 0 58 6 11 5
37 13 15 49 30 10 7 41 0 24 27 51
9 32 34 38 58 88 70 3 46 0 13 7
14 46 22 18 34 39 36 20 21 12 0 27
0 61 36 48 30 41 89 4 27 5 19 0