2
10
,
0 (27.0, 43.0) 82.0
1 (35.0, 9.0) 51.0
2 (3.0, 32.0) 35.0
3 (14.0, 46.0) 35.0
4 (50.0, 42.0) 54.0
5 (48.0, 35.0) 52.0
6 (5.0, 1.0) 49.0
7 (38.0, 34.0) 50.0
8 (4.0, 5.0) 60.0
9 (6.0, 19.0) 39.0
,
0 25 18 16 24 33 30 3 25 3 10 0
25 0 17 13 7 12 11 24 7 22 16 25
18 17 0 20 21 18 15 16 13 16 15 18
16 13 20 0 9 24 23 16 18 14 7 16
24 7 21 9 0 18 18 23 13 21 14 24
33 12 18 24 18 0 4 30 7 30 25 33
30 11 15 23 18 4 0 27 5 27 22 30
3 24 16 16 23 30 27 0 23 2 9 3
25 7 13 18 13 7 5 23 0 22 18 25
3 22 16 14 21 30 27 2 22 0 7 3
10 16 15 7 14 25 22 9 18 7 0 10
0 25 18 16 24 33 30 3 25 3 10 0
,
0 74 53 18 35 34 60 6 67 6 27 0
50 0 35 19 7 23 22 58 14 32 46 58
24 35 0 22 62 53 30 31 26 34 44 35
45 23 52 0 25 65 65 22 32 22 18 35
54 12 27 16 0 48 23 42 22 37 21 58
87 20 32 71 51 0 6 69 10 81 50 57
77 12 24 63 29 6 0 38 11 79 27 84
4 42 26 43 24 70 53 0 31 3 11 7
48 20 20 29 38 19 5 35 0 49 23 75
7 52 46 30 24 39 32 4 59 0 8 5
23 29 28 8 36 29 65 20 26 7 0 12
0 31 23 44 55 65 88 5 47 6 14 0