2
10
,
0 (27.0, 43.0) 31.0
1 (35.0, 9.0) 89.0
2 (3.0, 32.0) 33.0
3 (14.0, 46.0) 54.0
4 (50.0, 42.0) 61.0
5 (48.0, 35.0) 73.0
6 (5.0, 1.0) 49.0
7 (38.0, 34.0) 32.0
8 (4.0, 5.0) 52.0
9 (6.0, 19.0) 34.0
,
0 25 18 16 24 33 30 3 25 3 10 0
25 0 17 13 7 12 11 24 7 22 16 25
18 17 0 20 21 18 15 16 13 16 15 18
16 13 20 0 9 24 23 16 18 14 7 16
24 7 21 9 0 18 18 23 13 21 14 24
33 12 18 24 18 0 4 30 7 30 25 33
30 11 15 23 18 4 0 27 5 27 22 30
3 24 16 16 23 30 27 0 23 2 9 3
25 7 13 18 13 7 5 23 0 22 18 25
3 22 16 14 21 30 27 2 22 0 7 3
10 16 15 7 14 25 22 9 18 7 0 10
0 25 18 16 24 33 30 3 25 3 10 0
,
0 30 54 29 70 38 68 6 72 5 26 0
71 0 31 17 7 24 25 41 8 42 30 57
21 30 0 51 53 22 16 20 37 45 18 24
21 19 30 0 21 59 40 40 36 18 12 38
70 10 45 21 0 42 43 57 34 34 22 35
39 18 34 70 38 0 8 39 18 47 56 35
43 26 40 28 48 9 0 64 8 31 43 79
5 62 42 16 46 69 52 0 69 3 21 6
67 19 21 35 17 13 5 49 0 63 31 28
6 45 41 37 44 50 59 3 61 0 13 8
11 24 17 16 36 61 55 24 25 7 0 17
0 69 39 46 59 52 36 8 39 8 14 0