2
10
,
0 (27.0, 43.0) 68.0
1 (35.0, 9.0) 45.0
2 (3.0, 32.0) 54.0
3 (14.0, 46.0) 78.0
4 (50.0, 42.0) 41.0
5 (48.0, 35.0) 82.0
6 (5.0, 1.0) 46.0
7 (38.0, 34.0) 79.0
8 (4.0, 5.0) 83.0
9 (6.0, 19.0) 47.0
,
0 25 18 16 24 33 30 3 25 3 10 0
25 0 17 13 7 12 11 24 7 22 16 25
18 17 0 20 21 18 15 16 13 16 15 18
16 13 20 0 9 24 23 16 18 14 7 16
24 7 21 9 0 18 18 23 13 21 14 24
33 12 18 24 18 0 4 30 7 30 25 33
30 11 15 23 18 4 0 27 5 27 22 30
3 24 16 16 23 30 27 0 23 2 9 3
25 7 13 18 13 7 5 23 0 22 18 25
3 22 16 14 21 30 27 2 22 0 7 3
10 16 15 7 14 25 22 9 18 7 0 10
0 25 18 16 24 33 30 3 25 3 10 0
,
0 60 44 18 48 39 78 7 63 9 27 0
61 0 44 15 14 19 25 30 14 48 18 56
45 36 0 27 41 39 27 26 36 18 37 36
26 32 31 0 24 28 25 21 35 39 11 25
29 18 29 23 0 20 45 59 37 32 42 68
36 33 25 34 34 0 6 60 10 42 62 95
36 16 33 55 21 4 0 40 10 31 57 86
6 57 35 28 59 55 82 0 25 5 26 7
42 14 19 34 26 14 12 32 0 55 38 60
5 45 38 40 53 73 71 6 27 0 14 3
11 42 34 17 30 30 24 14 42 8 0 24
0 27 38 42 38 57 47 6 74 8 27 0