2
10
,
0 (27.0, 43.0) 30.0
1 (35.0, 9.0) 48.0
2 (3.0, 32.0) 62.0
3 (14.0, 46.0) 37.0
4 (50.0, 42.0) 74.0
5 (48.0, 35.0) 37.0
6 (5.0, 1.0) 86.0
7 (38.0, 34.0) 30.0
8 (4.0, 5.0) 35.0
9 (6.0, 19.0) 78.0
,
0 25 18 16 24 33 30 3 25 3 10 0
25 0 17 13 7 12 11 24 7 22 16 25
18 17 0 20 21 18 15 16 13 16 15 18
16 13 20 0 9 24 23 16 18 14 7 16
24 7 21 9 0 18 18 23 13 21 14 24
33 12 18 24 18 0 4 30 7 30 25 33
30 11 15 23 18 4 0 27 5 27 22 30
3 24 16 16 23 30 27 0 23 2 9 3
25 7 13 18 13 7 5 23 0 22 18 25
3 22 16 14 21 30 27 2 22 0 7 3
10 16 15 7 14 25 22 9 18 7 0 10
0 25 18 16 24 33 30 3 25 3 10 0
,
0 66 49 38 65 60 60 4 73 6 22 0
69 0 27 20 15 25 23 53 9 28 39 76
46 46 0 43 31 45 15 37 22 42 21 40
31 31 49 0 24 71 60 37 31 36 18 32
41 10 60 19 0 44 34 23 14 31 29 56
36 33 32 59 21 0 8 67 10 37 50 88
35 19 31 43 42 5 0 30 8 63 25 31
7 68 43 40 28 67 79 0 54 5 15 6
46 14 19 35 18 9 7 43 0 46 51 57
9 63 26 33 46 85 36 4 66 0 12 8
17 17 18 15 16 33 27 12 43 8 0 27
0 37 24 21 53 50 48 7 45 9 20 0