1
5
,
0 (35.0, 29.0) 44.0
1 (13.0, 16.0) 53.0
2 (34.0, 31.0) 33.0
3 (2.0, 30.0) 48.0
4 (25.0, 13.0) 34.0
,
0 23 10 23 15 14 0
23 0 13 1 17 9 23
10 13 0 13 9 6 10
23 1 13 0 16 10 23
15 17 9 16 0 14 15
14 9 6 10 14 0 14
0 23 10 23 15 14 0
,
0 35 11 46 32 29 0
58 0 33 3 18 14 50
27 29 0 30 12 8 11
69 2 33 0 21 21 57
28 35 11 19 0 43 39
18 11 12 25 39 0 39
0 55 26 68 43 23 0