1
5
,
0 (35.0, 29.0) 36.0
1 (13.0, 16.0) 68.0
2 (34.0, 31.0) 41.0
3 (2.0, 30.0) 57.0
4 (25.0, 13.0) 62.0
,
0 23 10 23 15 14 0
23 0 13 1 17 9 23
10 13 0 13 9 6 10
23 1 13 0 16 10 23
15 17 9 16 0 14 15
14 9 6 10 14 0 14
0 23 10 23 15 14 0
,
0 28 14 26 29 35 0
37 0 18 2 40 18 45
23 33 0 34 26 7 26
58 2 33 0 17 19 32
25 23 11 22 0 19 25
34 19 15 16 21 0 16
0 35 16 54 21 30 0