1
5
,
0 (35.0, 29.0) 43.0
1 (13.0, 16.0) 33.0
2 (34.0, 31.0) 79.0
3 (2.0, 30.0) 34.0
4 (25.0, 13.0) 39.0
,
0 23 10 23 15 14 0
23 0 13 1 17 9 23
10 13 0 13 9 6 10
23 1 13 0 16 10 23
15 17 9 16 0 14 15
14 9 6 10 14 0 14
0 23 10 23 15 14 0
,
0 62 22 63 24 14 0
53 0 38 3 43 20 51
25 33 0 36 14 11 24
33 3 28 0 38 15 68
30 49 22 16 0 36 27
37 18 10 17 21 0 36
0 24 16 62 26 31 0