1
5
,
0 (35.0, 29.0) 49.0
1 (13.0, 16.0) 31.0
2 (34.0, 31.0) 56.0
3 (2.0, 30.0) 39.0
4 (25.0, 13.0) 65.0
,
0 23 10 23 15 14 0
23 0 13 1 17 9 23
10 13 0 13 9 6 10
23 1 13 0 16 10 23
15 17 9 16 0 14 15
14 9 6 10 14 0 14
0 23 10 23 15 14 0
,
0 60 25 52 43 38 0
31 0 16 3 42 18 32
22 15 0 23 12 11 30
41 2 18 0 43 15 38
44 25 15 17 0 33 24
34 13 12 25 35 0 38
0 62 12 39 41 41 0