1
5
,
0 (35.0, 29.0) 60.0
1 (13.0, 16.0) 48.0
2 (34.0, 31.0) 46.0
3 (2.0, 30.0) 33.0
4 (25.0, 13.0) 40.0
,
0 23 10 23 15 14 0
23 0 13 1 17 9 23
10 13 0 13 9 6 10
23 1 13 0 16 10 23
15 17 9 16 0 14 15
14 9 6 10 14 0 14
0 23 10 23 15 14 0
,
0 31 28 26 16 39 0
47 0 17 2 19 16 30
14 33 0 22 23 15 19
54 3 21 0 42 24 44
43 17 16 31 0 41 21
16 10 8 18 20 0 37
0 64 28 44 37 26 0