1
5
,
0 (35.0, 29.0) 51.0
1 (13.0, 16.0) 63.0
2 (34.0, 31.0) 38.0
3 (2.0, 30.0) 55.0
4 (25.0, 13.0) 44.0
,
0 23 10 23 15 14 0
23 0 13 1 17 9 23
10 13 0 13 9 6 10
23 1 13 0 16 10 23
15 17 9 16 0 14 15
14 9 6 10 14 0 14
0 23 10 23 15 14 0
,
0 32 16 46 33 37 0
36 0 37 2 43 12 39
21 28 0 22 18 9 22
30 2 31 0 39 14 24
27 27 20 19 0 23 27
38 24 13 12 39 0 15
0 55 23 58 40 29 0