1
5
,
0 (35.0, 29.0) 89.0
1 (13.0, 16.0) 36.0
2 (34.0, 31.0) 50.0
3 (2.0, 30.0) 85.0
4 (25.0, 13.0) 48.0
,
0 23 10 23 15 14 0
23 0 13 1 17 9 23
10 13 0 13 9 6 10
23 1 13 0 16 10 23
15 17 9 16 0 14 15
14 9 6 10 14 0 14
0 23 10 23 15 14 0
,
0 47 28 24 32 23 0
28 0 35 3 19 19 24
13 35 0 17 27 11 14
35 1 34 0 39 21 46
42 48 10 44 0 15 39
14 22 17 30 29 0 34
0 35 31 34 23 27 0