1
5
,
0 (35.0, 29.0) 64.0
1 (13.0, 16.0) 42.0
2 (34.0, 31.0) 36.0
3 (2.0, 30.0) 41.0
4 (25.0, 13.0) 66.0
,
0 23 10 23 15 14 0
23 0 13 1 17 9 23
10 13 0 13 9 6 10
23 1 13 0 16 10 23
15 17 9 16 0 14 15
14 9 6 10 14 0 14
0 23 10 23 15 14 0
,
0 42 15 41 43 17 0
51 0 37 2 39 27 65
17 38 0 23 24 18 21
36 3 33 0 40 17 47
18 39 23 17 0 28 33
15 24 13 20 21 0 41
0 53 27 38 23 31 0