1
5
,
0 (35.0, 29.0) 33.0
1 (13.0, 16.0) 52.0
2 (34.0, 31.0) 40.0
3 (2.0, 30.0) 75.0
4 (25.0, 13.0) 49.0
,
0 23 10 23 15 14 0
23 0 13 1 17 9 23
10 13 0 13 9 6 10
23 1 13 0 16 10 23
15 17 9 16 0 14 15
14 9 6 10 14 0 14
0 23 10 23 15 14 0
,
0 38 18 55 26 31 0
46 0 37 3 44 17 39
24 24 0 28 21 10 22
58 3 19 0 25 23 54
18 26 14 39 0 28 16
16 20 15 15 40 0 15
0 60 27 65 44 42 0