1
5
,
0 (35.0, 29.0) 38.0
1 (13.0, 16.0) 37.0
2 (34.0, 31.0) 45.0
3 (2.0, 30.0) 39.0
4 (25.0, 13.0) 79.0
,
0 23 10 23 15 14 0
23 0 13 1 17 9 23
10 13 0 13 9 6 10
23 1 13 0 16 10 23
15 17 9 16 0 14 15
14 9 6 10 14 0 14
0 23 10 23 15 14 0
,
0 36 21 42 44 39 0
42 0 22 3 21 11 25
11 33 0 27 16 9 21
44 2 13 0 29 10 27
41 29 13 22 0 26 20
36 13 16 14 14 0 24
0 23 30 69 34 20 0