1
5
,
0 (35.0, 29.0) 56.0
1 (13.0, 16.0) 42.0
2 (34.0, 31.0) 86.0
3 (2.0, 30.0) 70.0
4 (25.0, 13.0) 42.0
,
0 23 10 23 15 14 0
23 0 13 1 17 9 23
10 13 0 13 9 6 10
23 1 13 0 16 10 23
15 17 9 16 0 14 15
14 9 6 10 14 0 14
0 23 10 23 15 14 0
,
0 29 15 36 35 29 0
67 0 36 3 21 10 62
22 28 0 34 10 9 17
37 1 19 0 39 25 34
33 37 24 46 0 19 40
22 13 17 12 28 0 21
0 36 27 67 39 20 0