1
5
,
0 (35.0, 29.0) 51.0
1 (13.0, 16.0) 70.0
2 (34.0, 31.0) 62.0
3 (2.0, 30.0) 50.0
4 (25.0, 13.0) 61.0
,
0 23 10 23 15 14 0
23 0 13 1 17 9 23
10 13 0 13 9 6 10
23 1 13 0 16 10 23
15 17 9 16 0 14 15
14 9 6 10 14 0 14
0 23 10 23 15 14 0
,
0 59 21 24 17 20 0
26 0 23 3 31 21 46
25 27 0 24 14 12 16
37 2 14 0 27 17 46
27 36 20 38 0 27 39
17 17 13 12 31 0 27
0 48 30 35 40 39 0