1
5
,
0 (35.0, 29.0) 56.0
1 (13.0, 16.0) 89.0
2 (34.0, 31.0) 31.0
3 (2.0, 30.0) 58.0
4 (25.0, 13.0) 48.0
,
0 23 10 23 15 14 0
23 0 13 1 17 9 23
10 13 0 13 9 6 10
23 1 13 0 16 10 23
15 17 9 16 0 14 15
14 9 6 10 14 0 14
0 23 10 23 15 14 0
,
0 52 18 62 31 35 0
38 0 22 2 28 11 48
16 29 0 32 16 8 17
61 1 18 0 18 28 40
24 19 21 43 0 31 34
31 25 8 14 42 0 33
0 56 15 26 29 16 0