1
5
,
0 (35.0, 29.0) 65.0
1 (13.0, 16.0) 38.0
2 (34.0, 31.0) 64.0
3 (2.0, 30.0) 58.0
4 (25.0, 13.0) 53.0
,
0 23 10 23 15 14 0
23 0 13 1 17 9 23
10 13 0 13 9 6 10
23 1 13 0 16 10 23
15 17 9 16 0 14 15
14 9 6 10 14 0 14
0 23 10 23 15 14 0
,
0 62 14 46 17 25 0
56 0 31 2 21 26 60
12 15 0 33 12 17 21
69 1 34 0 37 16 30
27 21 25 39 0 24 44
38 14 14 21 33 0 38
0 40 14 25 39 40 0