1
5
,
0 (35.0, 29.0) 32.0
1 (13.0, 16.0) 49.0
2 (34.0, 31.0) 55.0
3 (2.0, 30.0) 64.0
4 (25.0, 13.0) 38.0
,
0 23 10 23 15 14 0
23 0 13 1 17 9 23
10 13 0 13 9 6 10
23 1 13 0 16 10 23
15 17 9 16 0 14 15
14 9 6 10 14 0 14
0 23 10 23 15 14 0
,
0 52 12 41 38 26 0
50 0 13 2 41 22 40
27 32 0 13 21 14 22
69 3 36 0 27 22 58
23 36 15 30 0 24 39
26 19 7 30 19 0 33
0 27 24 47 39 33 0