1
5
,
0 (35.0, 29.0) 32.0
1 (13.0, 16.0) 85.0
2 (34.0, 31.0) 87.0
3 (2.0, 30.0) 81.0
4 (25.0, 13.0) 37.0
,
0 23 10 23 15 14 0
23 0 13 1 17 9 23
10 13 0 13 9 6 10
23 1 13 0 16 10 23
15 17 9 16 0 14 15
14 9 6 10 14 0 14
0 23 10 23 15 14 0
,
0 53 20 35 36 40 0
34 0 38 2 33 23 33
25 22 0 24 22 16 15
28 2 28 0 47 14 32
19 22 21 17 0 19 39
29 13 10 26 15 0 17
0 57 16 59 20 18 0