1
5
,
0 (35.0, 29.0) 41.0
1 (13.0, 16.0) 31.0
2 (34.0, 31.0) 57.0
3 (2.0, 30.0) 32.0
4 (25.0, 13.0) 42.0
,
0 23 10 23 15 14 0
23 0 13 1 17 9 23
10 13 0 13 9 6 10
23 1 13 0 16 10 23
15 17 9 16 0 14 15
14 9 6 10 14 0 14
0 23 10 23 15 14 0
,
0 37 16 43 41 39 0
55 0 13 2 17 18 28
17 14 0 33 21 14 28
65 3 16 0 44 21 55
37 41 20 17 0 28 32
40 12 18 29 31 0 25
0 51 25 65 30 37 0