1
5
,
0 (35.0, 29.0) 30.0
1 (13.0, 16.0) 54.0
2 (34.0, 31.0) 30.0
3 (2.0, 30.0) 49.0
4 (25.0, 13.0) 49.0
,
0 23 10 23 15 14 0
23 0 13 1 17 9 23
10 13 0 13 9 6 10
23 1 13 0 16 10 23
15 17 9 16 0 14 15
14 9 6 10 14 0 14
0 23 10 23 15 14 0
,
0 48 22 42 36 36 0
32 0 33 3 37 21 32
10 36 0 37 14 18 14
46 3 20 0 38 29 57
20 28 26 40 0 36 22
29 10 17 21 31 0 42
0 59 27 58 23 17 0