1
5
,
0 (35.0, 29.0) 76.0
1 (13.0, 16.0) 34.0
2 (34.0, 31.0) 52.0
3 (2.0, 30.0) 35.0
4 (25.0, 13.0) 36.0
,
0 23 10 23 15 14 0
23 0 13 1 17 9 23
10 13 0 13 9 6 10
23 1 13 0 16 10 23
15 17 9 16 0 14 15
14 9 6 10 14 0 14
0 23 10 23 15 14 0
,
0 37 22 66 16 20 0
45 0 17 2 41 25 53
21 36 0 15 21 14 12
37 3 30 0 17 12 27
22 43 9 27 0 19 24
18 20 12 24 38 0 30
0 26 25 24 22 29 0