1
5
,
0 (35.0, 29.0) 39.0
1 (13.0, 16.0) 43.0
2 (34.0, 31.0) 66.0
3 (2.0, 30.0) 46.0
4 (25.0, 13.0) 40.0
,
0 23 10 23 15 14 0
23 0 13 1 17 9 23
10 13 0 13 9 6 10
23 1 13 0 16 10 23
15 17 9 16 0 14 15
14 9 6 10 14 0 14
0 23 10 23 15 14 0
,
0 62 20 58 27 38 0
29 0 18 2 20 18 57
13 14 0 35 18 15 23
60 2 28 0 38 28 32
26 32 15 39 0 34 28
27 23 15 22 26 0 32
0 27 11 46 18 17 0