1
5
,
0 (35.0, 29.0) 47.0
1 (13.0, 16.0) 57.0
2 (34.0, 31.0) 32.0
3 (2.0, 30.0) 52.0
4 (25.0, 13.0) 59.0
,
0 23 10 23 15 14 0
23 0 13 1 17 9 23
10 13 0 13 9 6 10
23 1 13 0 16 10 23
15 17 9 16 0 14 15
14 9 6 10 14 0 14
0 23 10 23 15 14 0
,
0 65 16 57 34 18 0
67 0 24 2 45 28 28
30 35 0 20 10 13 21
37 2 38 0 26 11 44
42 49 13 38 0 37 31
24 25 18 12 28 0 28
0 28 30 42 38 28 0