1
5
,
0 (35.0, 29.0) 57.0
1 (13.0, 16.0) 71.0
2 (34.0, 31.0) 62.0
3 (2.0, 30.0) 77.0
4 (25.0, 13.0) 71.0
,
0 23 10 23 15 14 0
23 0 13 1 17 9 23
10 13 0 13 9 6 10
23 1 13 0 16 10 23
15 17 9 16 0 14 15
14 9 6 10 14 0 14
0 23 10 23 15 14 0
,
0 30 23 35 34 27 0
57 0 19 2 49 10 37
27 21 0 14 17 14 16
37 3 16 0 41 29 52
24 22 10 45 0 41 31
17 21 8 22 21 0 30
0 54 23 63 15 17 0