1
5
,
0 (35.0, 29.0) 69.0
1 (13.0, 16.0) 77.0
2 (34.0, 31.0) 36.0
3 (2.0, 30.0) 57.0
4 (25.0, 13.0) 53.0
,
0 23 10 23 15 14 0
23 0 13 1 17 9 23
10 13 0 13 9 6 10
23 1 13 0 16 10 23
15 17 9 16 0 14 15
14 9 6 10 14 0 14
0 23 10 23 15 14 0
,
0 26 13 33 40 40 0
57 0 17 2 24 14 45
14 21 0 38 27 17 11
49 2 37 0 22 20 42
35 38 21 45 0 42 39
33 11 12 25 34 0 26
0 36 14 58 32 37 0