1
5
,
0 (35.0, 29.0) 72.0
1 (13.0, 16.0) 44.0
2 (34.0, 31.0) 47.0
3 (2.0, 30.0) 35.0
4 (25.0, 13.0) 59.0
,
0 23 10 23 15 14 0
23 0 13 1 17 9 23
10 13 0 13 9 6 10
23 1 13 0 16 10 23
15 17 9 16 0 14 15
14 9 6 10 14 0 14
0 23 10 23 15 14 0
,
0 38 27 34 35 27 0
53 0 15 1 33 24 31
15 35 0 33 25 13 14
44 3 19 0 35 17 65
31 42 26 45 0 20 20
21 19 16 13 17 0 38
0 58 11 25 15 26 0