1
5
,
0 (35.0, 29.0) 49.0
1 (13.0, 16.0) 60.0
2 (34.0, 31.0) 63.0
3 (2.0, 30.0) 49.0
4 (25.0, 13.0) 78.0
,
0 23 10 23 15 14 0
23 0 13 1 17 9 23
10 13 0 13 9 6 10
23 1 13 0 16 10 23
15 17 9 16 0 14 15
14 9 6 10 14 0 14
0 23 10 23 15 14 0
,
0 52 29 56 17 33 0
53 0 38 3 48 20 30
12 26 0 20 15 8 23
26 2 18 0 20 29 53
43 26 19 37 0 21 45
30 19 18 13 41 0 31
0 45 11 36 38 20 0