1
5
,
0 (35.0, 29.0) 34.0
1 (13.0, 16.0) 68.0
2 (34.0, 31.0) 45.0
3 (2.0, 30.0) 49.0
4 (25.0, 13.0) 38.0
,
0 23 10 23 15 14 0
23 0 13 1 17 9 23
10 13 0 13 9 6 10
23 1 13 0 16 10 23
15 17 9 16 0 14 15
14 9 6 10 14 0 14
0 23 10 23 15 14 0
,
0 56 25 58 23 37 0
59 0 37 2 45 16 44
24 35 0 16 14 16 20
55 2 21 0 42 27 54
18 24 16 31 0 24 40
37 10 10 21 17 0 15
0 35 13 41 26 26 0