1
5
,
0 (35.0, 29.0) 39.0
1 (13.0, 16.0) 61.0
2 (34.0, 31.0) 44.0
3 (2.0, 30.0) 72.0
4 (25.0, 13.0) 80.0
,
0 23 10 23 15 14 0
23 0 13 1 17 9 23
10 13 0 13 9 6 10
23 1 13 0 16 10 23
15 17 9 16 0 14 15
14 9 6 10 14 0 14
0 23 10 23 15 14 0
,
0 45 30 40 36 35 0
35 0 16 2 44 18 37
29 19 0 17 25 13 20
34 2 21 0 46 23 45
16 31 13 17 0 32 34
26 27 17 14 24 0 30
0 53 26 41 25 27 0