1
5
,
0 (35.0, 29.0) 78.0
1 (13.0, 16.0) 81.0
2 (34.0, 31.0) 39.0
3 (2.0, 30.0) 32.0
4 (25.0, 13.0) 35.0
,
0 23 10 23 15 14 0
23 0 13 1 17 9 23
10 13 0 13 9 6 10
23 1 13 0 16 10 23
15 17 9 16 0 14 15
14 9 6 10 14 0 14
0 23 10 23 15 14 0
,
0 31 31 27 39 41 0
52 0 25 1 24 18 63
21 20 0 20 23 8 29
59 2 19 0 27 20 34
17 41 18 19 0 40 36
30 16 17 25 14 0 18
0 38 16 26 31 21 0