1
5
,
0 (35.0, 29.0) 52.0
1 (13.0, 16.0) 70.0
2 (34.0, 31.0) 33.0
3 (2.0, 30.0) 50.0
4 (25.0, 13.0) 32.0
,
0 23 10 23 15 14 0
23 0 13 1 17 9 23
10 13 0 13 9 6 10
23 1 13 0 16 10 23
15 17 9 16 0 14 15
14 9 6 10 14 0 14
0 23 10 23 15 14 0
,
0 42 20 25 16 21 0
63 0 23 2 29 14 54
13 35 0 30 24 14 12
27 1 35 0 29 19 44
43 35 10 23 0 17 16
38 20 11 20 26 0 26
0 37 27 36 34 32 0