1
5
,
0 (35.0, 29.0) 35.0
1 (13.0, 16.0) 41.0
2 (34.0, 31.0) 41.0
3 (2.0, 30.0) 38.0
4 (25.0, 13.0) 38.0
,
0 23 10 23 15 14 0
23 0 13 1 17 9 23
10 13 0 13 9 6 10
23 1 13 0 16 10 23
15 17 9 16 0 14 15
14 9 6 10 14 0 14
0 23 10 23 15 14 0
,
0 49 16 42 43 17 0
43 0 34 3 30 23 62
22 32 0 35 14 14 24
60 2 31 0 47 23 56
31 31 23 18 0 26 25
22 14 9 24 21 0 36
0 65 18 32 20 21 0