1
5
,
0 (35.0, 29.0) 62.0
1 (13.0, 16.0) 58.0
2 (34.0, 31.0) 67.0
3 (2.0, 30.0) 57.0
4 (25.0, 13.0) 32.0
,
0 23 10 23 15 14 0
23 0 13 1 17 9 23
10 13 0 13 9 6 10
23 1 13 0 16 10 23
15 17 9 16 0 14 15
14 9 6 10 14 0 14
0 23 10 23 15 14 0
,
0 49 21 48 40 31 0
26 0 15 3 24 20 32
12 20 0 33 20 8 26
44 2 36 0 40 20 59
39 22 21 34 0 15 24
40 27 16 21 35 0 15
0 52 18 41 38 16 0