1
5
,
0 (35.0, 29.0) 40.0
1 (13.0, 16.0) 44.0
2 (34.0, 31.0) 37.0
3 (2.0, 30.0) 35.0
4 (25.0, 13.0) 70.0
,
0 23 10 23 15 14 0
23 0 13 1 17 9 23
10 13 0 13 9 6 10
23 1 13 0 16 10 23
15 17 9 16 0 14 15
14 9 6 10 14 0 14
0 23 10 23 15 14 0
,
0 39 21 25 30 38 0
36 0 16 2 49 27 31
11 20 0 21 23 15 20
41 2 18 0 17 16 69
36 22 26 45 0 35 41
28 27 13 23 33 0 34
0 51 21 58 22 21 0