1
5
,
0 (35.0, 29.0) 44.0
1 (13.0, 16.0) 36.0
2 (34.0, 31.0) 41.0
3 (2.0, 30.0) 42.0
4 (25.0, 13.0) 42.0
,
0 23 10 23 15 14 0
23 0 13 1 17 9 23
10 13 0 13 9 6 10
23 1 13 0 16 10 23
15 17 9 16 0 14 15
14 9 6 10 14 0 14
0 23 10 23 15 14 0
,
0 58 21 42 18 27 0
50 0 20 2 36 16 54
29 32 0 32 18 17 16
42 2 35 0 42 10 41
20 19 26 24 0 39 44
18 21 12 12 36 0 34
0 41 11 52 23 26 0