1
5
,
0 (35.0, 29.0) 33.0
1 (13.0, 16.0) 44.0
2 (34.0, 31.0) 38.0
3 (2.0, 30.0) 84.0
4 (25.0, 13.0) 55.0
,
0 23 10 23 15 14 0
23 0 13 1 17 9 23
10 13 0 13 9 6 10
23 1 13 0 16 10 23
15 17 9 16 0 14 15
14 9 6 10 14 0 14
0 23 10 23 15 14 0
,
0 62 24 38 40 16 0
46 0 16 2 45 24 59
12 21 0 28 12 18 15
24 3 37 0 23 27 41
34 21 18 31 0 33 38
20 26 10 22 38 0 36
0 64 11 43 16 23 0