1
5
,
0 (35.0, 29.0) 35.0
1 (13.0, 16.0) 47.0
2 (34.0, 31.0) 52.0
3 (2.0, 30.0) 42.0
4 (25.0, 13.0) 64.0
,
0 23 10 23 15 14 0
23 0 13 1 17 9 23
10 13 0 13 9 6 10
23 1 13 0 16 10 23
15 17 9 16 0 14 15
14 9 6 10 14 0 14
0 23 10 23 15 14 0
,
0 29 15 25 28 42 0
47 0 25 2 19 12 25
21 18 0 36 24 10 19
48 2 15 0 23 24 29
41 34 14 31 0 18 33
32 21 14 13 31 0 19
0 46 21 64 36 18 0