1
5
,
0 (35.0, 29.0) 31.0
1 (13.0, 16.0) 78.0
2 (34.0, 31.0) 53.0
3 (2.0, 30.0) 84.0
4 (25.0, 13.0) 32.0
,
0 23 10 23 15 14 0
23 0 13 1 17 9 23
10 13 0 13 9 6 10
23 1 13 0 16 10 23
15 17 9 16 0 14 15
14 9 6 10 14 0 14
0 23 10 23 15 14 0
,
0 24 20 67 20 25 0
38 0 23 1 48 20 44
18 25 0 33 12 15 16
67 2 38 0 47 24 67
38 48 24 29 0 22 29
34 21 13 26 20 0 40
0 42 29 61 33 40 0