1
5
,
0 (35.0, 29.0) 87.0
1 (13.0, 16.0) 80.0
2 (34.0, 31.0) 42.0
3 (2.0, 30.0) 58.0
4 (25.0, 13.0) 81.0
,
0 23 10 23 15 14 0
23 0 13 1 17 9 23
10 13 0 13 9 6 10
23 1 13 0 16 10 23
15 17 9 16 0 14 15
14 9 6 10 14 0 14
0 23 10 23 15 14 0
,
0 34 11 48 37 42 0
36 0 36 2 25 21 33
22 16 0 23 26 10 18
58 1 26 0 40 11 35
20 42 19 21 0 22 39
25 12 12 17 41 0 40
0 42 15 58 24 32 0