1
5
,
0 (35.0, 29.0) 39.0
1 (13.0, 16.0) 49.0
2 (34.0, 31.0) 32.0
3 (2.0, 30.0) 58.0
4 (25.0, 13.0) 56.0
,
0 23 10 23 15 14 0
23 0 13 1 17 9 23
10 13 0 13 9 6 10
23 1 13 0 16 10 23
15 17 9 16 0 14 15
14 9 6 10 14 0 14
0 23 10 23 15 14 0
,
0 56 19 46 38 31 0
57 0 35 2 39 21 68
17 29 0 32 11 10 13
48 2 33 0 30 24 60
35 27 17 20 0 35 40
30 19 12 16 21 0 16
0 66 14 68 22 15 0