1
5
,
0 (35.0, 29.0) 34.0
1 (13.0, 16.0) 31.0
2 (34.0, 31.0) 50.0
3 (2.0, 30.0) 43.0
4 (25.0, 13.0) 41.0
,
0 23 10 23 15 14 0
23 0 13 1 17 9 23
10 13 0 13 9 6 10
23 1 13 0 16 10 23
15 17 9 16 0 14 15
14 9 6 10 14 0 14
0 23 10 23 15 14 0
,
0 51 10 37 28 41 0
34 0 34 2 43 11 46
21 19 0 37 19 12 19
37 3 33 0 33 10 48
26 32 24 24 0 29 42
41 12 17 24 36 0 36
0 34 19 34 31 36 0