1
5
,
0 (35.0, 29.0) 37.0
1 (13.0, 16.0) 76.0
2 (34.0, 31.0) 51.0
3 (2.0, 30.0) 45.0
4 (25.0, 13.0) 87.0
,
0 23 10 23 15 14 0
23 0 13 1 17 9 23
10 13 0 13 9 6 10
23 1 13 0 16 10 23
15 17 9 16 0 14 15
14 9 6 10 14 0 14
0 23 10 23 15 14 0
,
0 27 26 57 32 15 0
42 0 33 2 49 14 39
16 21 0 13 20 11 20
50 2 22 0 45 22 53
26 23 20 19 0 32 34
18 22 14 21 25 0 42
0 42 14 49 42 32 0