1
5
,
0 (35.0, 29.0) 82.0
1 (13.0, 16.0) 75.0
2 (34.0, 31.0) 89.0
3 (2.0, 30.0) 53.0
4 (25.0, 13.0) 62.0
,
0 23 10 23 15 14 0
23 0 13 1 17 9 23
10 13 0 13 9 6 10
23 1 13 0 16 10 23
15 17 9 16 0 14 15
14 9 6 10 14 0 14
0 23 10 23 15 14 0
,
0 55 17 68 39 42 0
67 0 18 2 23 12 68
19 29 0 28 19 16 12
24 2 17 0 31 29 27
45 41 20 21 0 29 18
16 12 14 25 43 0 18
0 46 28 45 43 26 0