1
5
,
0 (35.0, 29.0) 30.0
1 (13.0, 16.0) 57.0
2 (34.0, 31.0) 31.0
3 (2.0, 30.0) 63.0
4 (25.0, 13.0) 63.0
,
0 23 10 23 15 14 0
23 0 13 1 17 9 23
10 13 0 13 9 6 10
23 1 13 0 16 10 23
15 17 9 16 0 14 15
14 9 6 10 14 0 14
0 23 10 23 15 14 0
,
0 27 16 42 22 34 0
27 0 34 2 30 14 42
21 24 0 15 26 12 18
56 2 28 0 25 16 49
23 41 20 47 0 18 40
40 26 17 14 14 0 38
0 43 30 62 24 42 0