1
5
,
0 (35.0, 29.0) 56.0
1 (13.0, 16.0) 68.0
2 (34.0, 31.0) 34.0
3 (2.0, 30.0) 81.0
4 (25.0, 13.0) 31.0
,
0 23 10 23 15 14 0
23 0 13 1 17 9 23
10 13 0 13 9 6 10
23 1 13 0 16 10 23
15 17 9 16 0 14 15
14 9 6 10 14 0 14
0 23 10 23 15 14 0
,
0 48 11 43 44 20 0
24 0 18 1 28 15 66
25 24 0 32 26 14 28
59 1 37 0 21 27 29
43 25 22 25 0 21 32
22 14 13 30 42 0 21
0 51 11 51 28 15 0