1
5
,
0 (35.0, 29.0) 35.0
1 (13.0, 16.0) 48.0
2 (34.0, 31.0) 66.0
3 (2.0, 30.0) 40.0
4 (25.0, 13.0) 76.0
,
0 23 10 23 15 14 0
23 0 13 1 17 9 23
10 13 0 13 9 6 10
23 1 13 0 16 10 23
15 17 9 16 0 14 15
14 9 6 10 14 0 14
0 23 10 23 15 14 0
,
0 65 21 26 16 31 0
47 0 17 3 18 12 50
25 28 0 35 15 16 20
40 3 22 0 20 13 49
31 31 26 25 0 36 44
22 11 13 14 39 0 24
0 31 27 57 45 14 0