1
5
,
0 (35.0, 29.0) 51.0
1 (13.0, 16.0) 61.0
2 (34.0, 31.0) 45.0
3 (2.0, 30.0) 89.0
4 (25.0, 13.0) 74.0
,
0 23 10 23 15 14 0
23 0 13 1 17 9 23
10 13 0 13 9 6 10
23 1 13 0 16 10 23
15 17 9 16 0 14 15
14 9 6 10 14 0 14
0 23 10 23 15 14 0
,
0 53 21 48 24 28 0
51 0 35 2 23 13 47
29 31 0 15 24 15 24
62 3 22 0 26 11 36
39 49 24 38 0 40 41
32 15 19 16 26 0 37
0 42 18 60 22 19 0