1
5
,
0 (35.0, 29.0) 56.0
1 (13.0, 16.0) 32.0
2 (34.0, 31.0) 31.0
3 (2.0, 30.0) 44.0
4 (25.0, 13.0) 81.0
,
0 23 10 23 15 14 0
23 0 13 1 17 9 23
10 13 0 13 9 6 10
23 1 13 0 16 10 23
15 17 9 16 0 14 15
14 9 6 10 14 0 14
0 23 10 23 15 14 0
,
0 30 17 46 42 39 0
30 0 24 3 29 17 38
23 34 0 28 22 16 10
60 1 23 0 37 25 60
31 17 13 25 0 21 25
26 12 10 14 19 0 30
0 46 23 29 19 26 0