1
5
,
0 (35.0, 29.0) 84.0
1 (13.0, 16.0) 42.0
2 (34.0, 31.0) 47.0
3 (2.0, 30.0) 60.0
4 (25.0, 13.0) 73.0
,
0 23 10 23 15 14 0
23 0 13 1 17 9 23
10 13 0 13 9 6 10
23 1 13 0 16 10 23
15 17 9 16 0 14 15
14 9 6 10 14 0 14
0 23 10 23 15 14 0
,
0 67 17 57 18 39 0
66 0 28 2 32 13 53
29 13 0 37 16 7 11
61 2 29 0 39 28 52
18 36 14 24 0 29 31
24 17 18 23 30 0 35
0 61 25 66 20 25 0