1
5
,
0 (35.0, 29.0) 36.0
1 (13.0, 16.0) 49.0
2 (34.0, 31.0) 36.0
3 (2.0, 30.0) 40.0
4 (25.0, 13.0) 59.0
,
0 23 10 23 15 14 0
23 0 13 1 17 9 23
10 13 0 13 9 6 10
23 1 13 0 16 10 23
15 17 9 16 0 14 15
14 9 6 10 14 0 14
0 23 10 23 15 14 0
,
0 24 17 49 37 18 0
31 0 17 3 27 11 42
17 24 0 29 25 11 22
32 1 32 0 38 22 24
20 45 20 34 0 29 22
28 12 11 17 17 0 18
0 66 26 40 45 16 0