1
5
,
0 (35.0, 29.0) 72.0
1 (13.0, 16.0) 87.0
2 (34.0, 31.0) 88.0
3 (2.0, 30.0) 60.0
4 (25.0, 13.0) 77.0
,
0 23 10 23 15 14 0
23 0 13 1 17 9 23
10 13 0 13 9 6 10
23 1 13 0 16 10 23
15 17 9 16 0 14 15
14 9 6 10 14 0 14
0 23 10 23 15 14 0
,
0 50 24 50 25 33 0
50 0 23 2 22 21 61
13 17 0 19 17 7 23
42 2 32 0 18 18 39
24 22 27 33 0 20 18
18 12 11 18 32 0 23
0 65 29 47 32 25 0