1
5
,
0 (35.0, 29.0) 31.0
1 (13.0, 16.0) 43.0
2 (34.0, 31.0) 51.0
3 (2.0, 30.0) 44.0
4 (25.0, 13.0) 45.0
,
0 23 10 23 15 14 0
23 0 13 1 17 9 23
10 13 0 13 9 6 10
23 1 13 0 16 10 23
15 17 9 16 0 14 15
14 9 6 10 14 0 14
0 23 10 23 15 14 0
,
0 37 20 66 40 33 0
28 0 22 2 36 24 43
30 36 0 35 13 10 12
34 2 18 0 48 21 26
35 31 10 34 0 36 26
34 23 14 11 31 0 40
0 63 11 40 37 32 0