1
5
,
0 (35.0, 29.0) 43.0
1 (13.0, 16.0) 62.0
2 (34.0, 31.0) 34.0
3 (2.0, 30.0) 57.0
4 (25.0, 13.0) 86.0
,
0 23 10 23 15 14 0
23 0 13 1 17 9 23
10 13 0 13 9 6 10
23 1 13 0 16 10 23
15 17 9 16 0 14 15
14 9 6 10 14 0 14
0 23 10 23 15 14 0
,
0 36 17 65 35 18 0
26 0 15 2 42 11 40
26 23 0 21 26 18 26
54 3 15 0 42 18 55
22 33 15 32 0 41 34
36 14 18 22 24 0 33
0 65 25 42 30 25 0