1
5
,
0 (35.0, 29.0) 34.0
1 (13.0, 16.0) 40.0
2 (34.0, 31.0) 45.0
3 (2.0, 30.0) 30.0
4 (25.0, 13.0) 31.0
,
0 23 10 23 15 14 0
23 0 13 1 17 9 23
10 13 0 13 9 6 10
23 1 13 0 16 10 23
15 17 9 16 0 14 15
14 9 6 10 14 0 14
0 23 10 23 15 14 0
,
0 33 18 45 32 31 0
38 0 13 2 22 21 45
24 32 0 18 14 18 22
47 3 32 0 31 16 33
38 27 26 39 0 22 40
42 21 16 19 38 0 25
0 34 26 25 20 37 0