1
5
,
0 (35.0, 29.0) 34.0
1 (13.0, 16.0) 88.0
2 (34.0, 31.0) 74.0
3 (2.0, 30.0) 76.0
4 (25.0, 13.0) 30.0
,
0 23 10 23 15 14 0
23 0 13 1 17 9 23
10 13 0 13 9 6 10
23 1 13 0 16 10 23
15 17 9 16 0 14 15
14 9 6 10 14 0 14
0 23 10 23 15 14 0
,
0 58 22 24 34 31 0
65 0 37 2 26 18 39
15 24 0 28 26 13 27
27 1 21 0 31 20 53
36 29 13 44 0 17 40
16 19 11 27 22 0 33
0 59 20 54 38 29 0