1
5
,
0 (35.0, 29.0) 31.0
1 (13.0, 16.0) 77.0
2 (34.0, 31.0) 41.0
3 (2.0, 30.0) 34.0
4 (25.0, 13.0) 76.0
,
0 23 10 23 15 14 0
23 0 13 1 17 9 23
10 13 0 13 9 6 10
23 1 13 0 16 10 23
15 17 9 16 0 14 15
14 9 6 10 14 0 14
0 23 10 23 15 14 0
,
0 66 12 44 22 26 0
27 0 35 2 42 26 47
28 24 0 20 21 11 27
29 3 27 0 17 19 23
43 27 26 22 0 33 29
34 15 7 27 25 0 40
0 57 14 66 33 31 0