1
5
,
0 (26.0, 43.0) 83.0
1 (49.0, 37.0) 75.0
2 (30.0, 25.0) 75.0
3 (17.0, 35.0) 45.0
4 (8.0, 48.0) 52.0
,
0 25 31 20 19 24 0
25 0 12 9 6 9 25
31 12 0 11 16 21 31
20 9 11 0 8 16 20
19 6 16 8 0 8 19
24 9 21 16 8 0 24
0 25 31 20 19 24 0
,
0 30 84 33 58 71 0
55 0 17 11 7 14 26
44 16 0 19 48 33 62
44 22 22 0 22 40 48
53 8 34 18 0 13 58
66 27 46 27 13 0 62
0 63 92 31 48 49 0