1
5
,
0 (26.0, 43.0) 73.0
1 (49.0, 37.0) 46.0
2 (30.0, 25.0) 65.0
3 (17.0, 35.0) 58.0
4 (8.0, 48.0) 85.0
,
0 25 31 20 19 24 0
25 0 12 9 6 9 25
31 12 0 11 16 21 31
20 9 11 0 8 16 20
19 6 16 8 0 8 19
24 9 21 16 8 0 24
0 25 31 20 19 24 0
,
0 26 62 43 28 41 0
52 0 21 13 9 24 71
86 24 0 24 26 61 41
29 27 27 0 19 32 24
21 7 31 23 0 19 55
60 27 41 18 22 0 57
0 25 77 25 45 73 0