1
5
,
0 (26.0, 43.0) 31.0
1 (49.0, 37.0) 46.0
2 (30.0, 25.0) 59.0
3 (17.0, 35.0) 75.0
4 (8.0, 48.0) 50.0
,
0 25 31 20 19 24 0
25 0 12 9 6 9 25
31 12 0 11 16 21 31
20 9 11 0 8 16 20
19 6 16 8 0 8 19
24 9 21 16 8 0 24
0 25 31 20 19 24 0
,
0 54 76 33 33 42 0
75 0 17 15 17 20 26
78 24 0 11 29 23 46
25 18 11 0 20 25 34
28 8 45 13 0 18 53
50 26 46 25 18 0 44
0 59 62 22 21 47 0