1
5
,
0 (26.0, 43.0) 79.0
1 (49.0, 37.0) 73.0
2 (30.0, 25.0) 46.0
3 (17.0, 35.0) 33.0
4 (8.0, 48.0) 86.0
,
0 25 31 20 19 24 0
25 0 12 9 6 9 25
31 12 0 11 16 21 31
20 9 11 0 8 16 20
19 6 16 8 0 8 19
24 9 21 16 8 0 24
0 25 31 20 19 24 0
,
0 48 77 57 40 54 0
32 0 14 9 10 26 55
85 18 0 24 29 48 38
21 13 26 0 9 43 34
28 9 41 17 0 21 53
30 14 28 24 17 0 67
0 28 49 47 35 38 0