1
5
,
0 (26.0, 43.0) 32.0
1 (49.0, 37.0) 37.0
2 (30.0, 25.0) 80.0
3 (17.0, 35.0) 33.0
4 (8.0, 48.0) 48.0
,
0 25 31 20 19 24 0
25 0 12 9 6 9 25
31 12 0 11 16 21 31
20 9 11 0 8 16 20
19 6 16 8 0 8 19
24 9 21 16 8 0 24
0 25 31 20 19 24 0
,
0 27 58 25 32 29 0
61 0 25 14 16 12 45
68 16 0 19 35 54 77
51 21 18 0 11 38 39
43 15 37 24 0 15 34
50 19 55 24 23 0 51
0 58 71 48 19 56 0