1
5
,
0 (26.0, 43.0) 45.0
1 (49.0, 37.0) 60.0
2 (30.0, 25.0) 37.0
3 (17.0, 35.0) 45.0
4 (8.0, 48.0) 35.0
,
0 25 31 20 19 24 0
25 0 12 9 6 9 25
31 12 0 11 16 21 31
20 9 11 0 8 16 20
19 6 16 8 0 8 19
24 9 21 16 8 0 24
0 25 31 20 19 24 0
,
0 60 68 29 20 39 0
65 0 12 14 13 24 41
31 31 0 11 21 32 61
52 26 18 0 21 24 53
49 16 25 24 0 18 49
63 10 64 37 23 0 72
0 29 64 53 25 45 0