1
5
,
0 (26.0, 43.0) 57.0
1 (49.0, 37.0) 37.0
2 (30.0, 25.0) 68.0
3 (17.0, 35.0) 84.0
4 (8.0, 48.0) 43.0
,
0 25 31 20 19 24 0
25 0 12 9 6 9 25
31 12 0 11 16 21 31
20 9 11 0 8 16 20
19 6 16 8 0 8 19
24 9 21 16 8 0 24
0 25 31 20 19 24 0
,
0 43 39 41 35 57 0
47 0 34 27 16 12 33
91 34 0 11 33 37 80
32 11 27 0 10 38 30
50 8 25 15 0 17 56
56 13 41 42 14 0 37
0 39 70 21 33 67 0