1
5
,
0 (26.0, 43.0) 42.0
1 (49.0, 37.0) 63.0
2 (30.0, 25.0) 77.0
3 (17.0, 35.0) 44.0
4 (8.0, 48.0) 81.0
,
0 25 31 20 19 24 0
25 0 12 9 6 9 25
31 12 0 11 16 21 31
20 9 11 0 8 16 20
19 6 16 8 0 8 19
24 9 21 16 8 0 24
0 25 31 20 19 24 0
,
0 42 46 34 50 48 0
36 0 19 10 13 24 31
72 17 0 30 36 39 67
20 22 28 0 16 24 49
39 11 22 22 0 11 36
65 12 32 29 20 0 25
0 73 33 26 38 30 0