1
5
,
0 (26.0, 43.0) 35.0
1 (49.0, 37.0) 35.0
2 (30.0, 25.0) 57.0
3 (17.0, 35.0) 34.0
4 (8.0, 48.0) 35.0
,
0 25 31 20 19 24 0
25 0 12 9 6 9 25
31 12 0 11 16 21 31
20 9 11 0 8 16 20
19 6 16 8 0 8 19
24 9 21 16 8 0 24
0 25 31 20 19 24 0
,
0 33 78 33 22 50 0
70 0 21 21 8 28 60
80 22 0 18 33 56 38
41 11 30 0 21 31 58
40 9 30 22 0 8 58
54 26 29 32 9 0 61
0 29 61 35 38 34 0