1
5
,
0 (26.0, 43.0) 43.0
1 (49.0, 37.0) 52.0
2 (30.0, 25.0) 37.0
3 (17.0, 35.0) 52.0
4 (8.0, 48.0) 55.0
,
0 25 31 20 19 24 0
25 0 12 9 6 9 25
31 12 0 11 16 21 31
20 9 11 0 8 16 20
19 6 16 8 0 8 19
24 9 21 16 8 0 24
0 25 31 20 19 24 0
,
0 64 33 57 20 65 0
52 0 23 10 14 9 46
40 31 0 32 22 52 67
44 13 21 0 19 19 57
40 9 20 24 0 20 31
35 25 26 27 16 0 60
0 32 32 36 30 62 0