1
5
,
0 (26.0, 43.0) 57.0
1 (49.0, 37.0) 67.0
2 (30.0, 25.0) 64.0
3 (17.0, 35.0) 36.0
4 (8.0, 48.0) 38.0
,
0 25 31 20 19 24 0
25 0 12 9 6 9 25
31 12 0 11 16 21 31
20 9 11 0 8 16 20
19 6 16 8 0 8 19
24 9 21 16 8 0 24
0 25 31 20 19 24 0
,
0 60 50 26 38 65 0
36 0 32 20 11 9 70
32 13 0 28 29 50 90
55 16 25 0 24 37 22
53 15 18 12 0 18 35
54 14 36 46 17 0 49
0 54 47 53 27 72 0