1
5
,
0 (26.0, 43.0) 47.0
1 (49.0, 37.0) 49.0
2 (30.0, 25.0) 70.0
3 (17.0, 35.0) 60.0
4 (8.0, 48.0) 84.0
,
0 25 31 20 19 24 0
25 0 12 9 6 9 25
31 12 0 11 16 21 31
20 9 11 0 8 16 20
19 6 16 8 0 8 19
24 9 21 16 8 0 24
0 25 31 20 19 24 0
,
0 35 73 46 32 36 0
61 0 30 25 8 23 43
92 22 0 22 45 49 71
22 18 17 0 9 28 26
41 13 28 19 0 21 55
52 21 55 30 13 0 36
0 54 88 30 50 53 0