1
5
,
0 (26.0, 43.0) 85.0
1 (49.0, 37.0) 51.0
2 (30.0, 25.0) 31.0
3 (17.0, 35.0) 66.0
4 (8.0, 48.0) 35.0
,
0 25 31 20 19 24 0
25 0 12 9 6 9 25
31 12 0 11 16 21 31
20 9 11 0 8 16 20
19 6 16 8 0 8 19
24 9 21 16 8 0 24
0 25 31 20 19 24 0
,
0 30 43 52 46 58 0
69 0 27 16 11 27 75
90 30 0 20 23 61 68
52 11 18 0 17 32 33
53 12 24 20 0 19 47
48 21 31 44 22 0 55
0 36 65 49 24 61 0