1
5
,
0 (26.0, 43.0) 82.0
1 (49.0, 37.0) 56.0
2 (30.0, 25.0) 58.0
3 (17.0, 35.0) 57.0
4 (8.0, 48.0) 47.0
,
0 25 31 20 19 24 0
25 0 12 9 6 9 25
31 12 0 11 16 21 31
20 9 11 0 8 16 20
19 6 16 8 0 8 19
24 9 21 16 8 0 24
0 25 31 20 19 24 0
,
0 60 86 56 52 47 0
41 0 15 20 17 26 25
59 29 0 19 35 43 38
51 14 25 0 9 24 21
40 14 25 12 0 18 45
51 11 37 46 17 0 51
0 61 76 35 29 25 0