1
5
,
0 (26.0, 43.0) 35.0
1 (49.0, 37.0) 52.0
2 (30.0, 25.0) 65.0
3 (17.0, 35.0) 39.0
4 (8.0, 48.0) 68.0
,
0 25 31 20 19 24 0
25 0 12 9 6 9 25
31 12 0 11 16 21 31
20 9 11 0 8 16 20
19 6 16 8 0 8 19
24 9 21 16 8 0 24
0 25 31 20 19 24 0
,
0 32 61 52 34 46 0
66 0 19 23 9 14 45
35 13 0 13 48 49 39
54 10 25 0 17 25 36
41 9 48 12 0 18 58
51 24 61 31 9 0 68
0 39 74 38 52 31 0