1
5
,
0 (26.0, 43.0) 78.0
1 (49.0, 37.0) 49.0
2 (30.0, 25.0) 89.0
3 (17.0, 35.0) 76.0
4 (8.0, 48.0) 78.0
,
0 25 31 20 19 24 0
25 0 12 9 6 9 25
31 12 0 11 16 21 31
20 9 11 0 8 16 20
19 6 16 8 0 8 19
24 9 21 16 8 0 24
0 25 31 20 19 24 0
,
0 54 66 45 22 44 0
44 0 23 25 17 26 50
42 25 0 13 27 32 48
55 26 25 0 18 45 25
34 11 29 20 0 17 31
32 21 62 46 9 0 26
0 40 71 27 55 26 0