1
5
,
0 (26.0, 43.0) 82.0
1 (49.0, 37.0) 47.0
2 (30.0, 25.0) 32.0
3 (17.0, 35.0) 66.0
4 (8.0, 48.0) 51.0
,
0 25 31 20 19 24 0
25 0 12 9 6 9 25
31 12 0 11 16 21 31
20 9 11 0 8 16 20
19 6 16 8 0 8 19
24 9 21 16 8 0 24
0 25 31 20 19 24 0
,
0 68 65 56 33 68 0
70 0 30 23 13 18 33
57 30 0 29 30 45 61
29 17 29 0 14 29 42
31 13 31 11 0 12 29
46 28 63 20 14 0 42
0 44 51 32 21 38 0