1
5
,
0 (26.0, 43.0) 33.0
1 (49.0, 37.0) 50.0
2 (30.0, 25.0) 41.0
3 (17.0, 35.0) 34.0
4 (8.0, 48.0) 45.0
,
0 25 31 20 19 24 0
25 0 12 9 6 9 25
31 12 0 11 16 21 31
20 9 11 0 8 16 20
19 6 16 8 0 8 19
24 9 21 16 8 0 24
0 25 31 20 19 24 0
,
0 67 53 57 31 29 0
28 0 19 17 16 16 31
50 31 0 32 24 35 37
21 23 20 0 14 43 39
57 12 25 22 0 14 21
37 16 34 21 9 0 60
0 48 70 53 56 38 0