1
5
,
0 (26.0, 43.0) 35.0
1 (49.0, 37.0) 35.0
2 (30.0, 25.0) 41.0
3 (17.0, 35.0) 59.0
4 (8.0, 48.0) 61.0
,
0 25 31 20 19 24 0
25 0 12 9 6 9 25
31 12 0 11 16 21 31
20 9 11 0 8 16 20
19 6 16 8 0 8 19
24 9 21 16 8 0 24
0 25 31 20 19 24 0
,
0 43 88 53 23 50 0
38 0 26 24 11 26 32
53 30 0 15 24 62 75
24 10 17 0 11 24 41
47 9 48 13 0 14 40
66 18 47 20 13 0 67
0 47 36 31 40 60 0