1
5
,
0 (26.0, 43.0) 64.0
1 (49.0, 37.0) 37.0
2 (30.0, 25.0) 32.0
3 (17.0, 35.0) 49.0
4 (8.0, 48.0) 89.0
,
0 25 31 20 19 24 0
25 0 12 9 6 9 25
31 12 0 11 16 21 31
20 9 11 0 8 16 20
19 6 16 8 0 8 19
24 9 21 16 8 0 24
0 25 31 20 19 24 0
,
0 52 86 33 41 63 0
75 0 21 12 10 24 68
40 27 0 13 27 58 43
46 20 22 0 13 35 42
51 13 29 16 0 23 26
70 12 59 33 11 0 66
0 38 69 40 57 60 0