1
5
,
0 (26.0, 43.0) 31.0
1 (49.0, 37.0) 66.0
2 (30.0, 25.0) 51.0
3 (17.0, 35.0) 68.0
4 (8.0, 48.0) 57.0
,
0 25 31 20 19 24 0
25 0 12 9 6 9 25
31 12 0 11 16 21 31
20 9 11 0 8 16 20
19 6 16 8 0 8 19
24 9 21 16 8 0 24
0 25 31 20 19 24 0
,
0 28 76 34 57 36 0
68 0 34 13 15 23 67
38 21 0 17 43 40 91
23 16 16 0 10 24 56
26 8 39 14 0 13 51
63 10 51 29 11 0 46
0 28 84 22 25 64 0