1
5
,
0 (26.0, 43.0) 62.0
1 (49.0, 37.0) 36.0
2 (30.0, 25.0) 61.0
3 (17.0, 35.0) 40.0
4 (8.0, 48.0) 63.0
,
0 25 31 20 19 24 0
25 0 12 9 6 9 25
31 12 0 11 16 21 31
20 9 11 0 8 16 20
19 6 16 8 0 8 19
24 9 21 16 8 0 24
0 25 31 20 19 24 0
,
0 35 85 47 48 71 0
33 0 35 14 14 16 35
45 16 0 20 46 36 51
52 15 20 0 17 40 24
53 15 21 20 0 11 21
30 26 39 19 19 0 63
0 50 78 48 52 65 0