1
5
,
0 (26.0, 43.0) 87.0
1 (49.0, 37.0) 83.0
2 (30.0, 25.0) 42.0
3 (17.0, 35.0) 46.0
4 (8.0, 48.0) 81.0
,
0 25 31 20 19 24 0
25 0 12 9 6 9 25
31 12 0 11 16 21 31
20 9 11 0 8 16 20
19 6 16 8 0 8 19
24 9 21 16 8 0 24
0 25 31 20 19 24 0
,
0 31 38 56 53 36 0
47 0 23 11 11 27 37
91 30 0 31 19 25 71
38 19 21 0 11 24 55
23 16 28 11 0 10 41
70 18 28 41 16 0 48
0 55 83 46 51 48 0