1
5
,
0 (26.0, 43.0) 75.0
1 (49.0, 37.0) 69.0
2 (30.0, 25.0) 61.0
3 (17.0, 35.0) 79.0
4 (8.0, 48.0) 50.0
,
0 25 31 20 19 24 0
25 0 12 9 6 9 25
31 12 0 11 16 21 31
20 9 11 0 8 16 20
19 6 16 8 0 8 19
24 9 21 16 8 0 24
0 25 31 20 19 24 0
,
0 64 70 57 41 63 0
63 0 26 12 6 18 67
52 13 0 18 34 40 61
32 15 12 0 20 40 38
53 17 36 16 0 11 42
66 9 38 17 19 0 61
0 31 62 40 37 64 0