1
5
,
0 (26.0, 43.0) 45.0
1 (49.0, 37.0) 70.0
2 (30.0, 25.0) 63.0
3 (17.0, 35.0) 74.0
4 (8.0, 48.0) 75.0
,
0 25 31 20 19 24 0
25 0 12 9 6 9 25
31 12 0 11 16 21 31
20 9 11 0 8 16 20
19 6 16 8 0 8 19
24 9 21 16 8 0 24
0 25 31 20 19 24 0
,
0 30 45 57 36 47 0
74 0 22 26 11 14 44
53 32 0 12 39 62 92
36 20 23 0 14 16 20
23 7 22 22 0 20 57
34 22 51 22 21 0 42
0 34 68 33 45 72 0