1
5
,
0 (26.0, 43.0) 66.0
1 (49.0, 37.0) 44.0
2 (30.0, 25.0) 35.0
3 (17.0, 35.0) 34.0
4 (8.0, 48.0) 76.0
,
0 25 31 20 19 24 0
25 0 12 9 6 9 25
31 12 0 11 16 21 31
20 9 11 0 8 16 20
19 6 16 8 0 8 19
24 9 21 16 8 0 24
0 25 31 20 19 24 0
,
0 28 34 43 43 49 0
48 0 15 25 18 14 45
77 18 0 16 19 51 69
33 20 16 0 17 46 32
33 13 48 22 0 10 25
34 19 37 36 10 0 49
0 38 65 54 21 35 0