1
5
,
0 (26.0, 43.0) 71.0
1 (49.0, 37.0) 32.0
2 (30.0, 25.0) 83.0
3 (17.0, 35.0) 67.0
4 (8.0, 48.0) 32.0
,
0 25 31 20 19 24 0
25 0 12 9 6 9 25
31 12 0 11 16 21 31
20 9 11 0 8 16 20
19 6 16 8 0 8 19
24 9 21 16 8 0 24
0 25 31 20 19 24 0
,
0 43 33 33 31 72 0
50 0 14 18 16 18 73
67 21 0 26 29 35 80
46 16 23 0 21 21 52
57 18 40 12 0 21 29
70 13 58 27 20 0 53
0 34 79 57 53 41 0