1
5
,
0 (26.0, 43.0) 50.0
1 (49.0, 37.0) 50.0
2 (30.0, 25.0) 62.0
3 (17.0, 35.0) 48.0
4 (8.0, 48.0) 48.0
,
0 25 31 20 19 24 0
25 0 12 9 6 9 25
31 12 0 11 16 21 31
20 9 11 0 8 16 20
19 6 16 8 0 8 19
24 9 21 16 8 0 24
0 25 31 20 19 24 0
,
0 32 69 20 20 55 0
49 0 26 10 10 20 66
40 19 0 23 17 36 54
54 13 23 0 11 37 21
50 14 45 24 0 14 21
52 27 47 37 19 0 38
0 69 47 31 46 70 0