1
5
,
0 (26.0, 43.0) 70.0
1 (49.0, 37.0) 68.0
2 (30.0, 25.0) 65.0
3 (17.0, 35.0) 33.0
4 (8.0, 48.0) 79.0
,
0 25 31 20 19 24 0
25 0 12 9 6 9 25
31 12 0 11 16 21 31
20 9 11 0 8 16 20
19 6 16 8 0 8 19
24 9 21 16 8 0 24
0 25 31 20 19 24 0
,
0 72 55 30 49 61 0
32 0 22 11 15 22 35
72 12 0 19 23 41 46
50 10 11 0 22 21 31
43 15 44 19 0 23 43
63 10 29 28 19 0 63
0 27 92 40 29 47 0