1
5
,
0 (26.0, 43.0) 49.0
1 (49.0, 37.0) 49.0
2 (30.0, 25.0) 53.0
3 (17.0, 35.0) 72.0
4 (8.0, 48.0) 59.0
,
0 25 31 20 19 24 0
25 0 12 9 6 9 25
31 12 0 11 16 21 31
20 9 11 0 8 16 20
19 6 16 8 0 8 19
24 9 21 16 8 0 24
0 25 31 20 19 24 0
,
0 67 64 21 55 30 0
33 0 14 23 14 25 74
83 30 0 16 37 51 39
55 10 27 0 10 23 43
42 14 36 16 0 15 23
57 16 49 34 15 0 40
0 65 81 25 35 41 0