1
5
,
0 (26.0, 43.0) 71.0
1 (49.0, 37.0) 32.0
2 (30.0, 25.0) 39.0
3 (17.0, 35.0) 65.0
4 (8.0, 48.0) 33.0
,
0 25 31 20 19 24 0
25 0 12 9 6 9 25
31 12 0 11 16 21 31
20 9 11 0 8 16 20
19 6 16 8 0 8 19
24 9 21 16 8 0 24
0 25 31 20 19 24 0
,
0 39 56 32 46 38 0
61 0 18 19 12 16 56
71 29 0 22 26 47 38
37 11 21 0 12 36 56
53 16 17 19 0 9 47
47 12 47 41 22 0 30
0 66 37 47 23 26 0