1
5
,
0 (26.0, 43.0) 89.0
1 (49.0, 37.0) 34.0
2 (30.0, 25.0) 46.0
3 (17.0, 35.0) 34.0
4 (8.0, 48.0) 81.0
,
0 25 31 20 19 24 0
25 0 12 9 6 9 25
31 12 0 11 16 21 31
20 9 11 0 8 16 20
19 6 16 8 0 8 19
24 9 21 16 8 0 24
0 25 31 20 19 24 0
,
0 38 89 36 20 30 0
37 0 19 17 15 27 66
44 33 0 28 43 52 71
22 22 23 0 22 16 34
26 17 39 9 0 9 51
48 20 45 28 20 0 32
0 28 50 46 22 46 0