1
5
,
0 (26.0, 43.0) 58.0
1 (49.0, 37.0) 78.0
2 (30.0, 25.0) 37.0
3 (17.0, 35.0) 58.0
4 (8.0, 48.0) 33.0
,
0 25 31 20 19 24 0
25 0 12 9 6 9 25
31 12 0 11 16 21 31
20 9 11 0 8 16 20
19 6 16 8 0 8 19
24 9 21 16 8 0 24
0 25 31 20 19 24 0
,
0 36 35 55 22 49 0
33 0 19 19 8 12 49
77 13 0 26 46 46 34
23 26 30 0 16 36 25
54 13 19 9 0 13 32
40 16 45 21 19 0 30
0 48 33 23 50 41 0