1
5
,
0 (26.0, 43.0) 38.0
1 (49.0, 37.0) 31.0
2 (30.0, 25.0) 31.0
3 (17.0, 35.0) 89.0
4 (8.0, 48.0) 44.0
,
0 25 31 20 19 24 0
25 0 12 9 6 9 25
31 12 0 11 16 21 31
20 9 11 0 8 16 20
19 6 16 8 0 8 19
24 9 21 16 8 0 24
0 25 31 20 19 24 0
,
0 48 66 31 46 50 0
26 0 30 22 15 24 41
35 30 0 23 41 56 74
45 27 19 0 9 29 25
27 18 31 10 0 22 42
62 17 58 26 24 0 64
0 27 40 34 56 29 0