1
5
,
0 (26.0, 43.0) 63.0
1 (49.0, 37.0) 84.0
2 (30.0, 25.0) 37.0
3 (17.0, 35.0) 31.0
4 (8.0, 48.0) 70.0
,
0 25 31 20 19 24 0
25 0 12 9 6 9 25
31 12 0 11 16 21 31
20 9 11 0 8 16 20
19 6 16 8 0 8 19
24 9 21 16 8 0 24
0 25 31 20 19 24 0
,
0 72 59 40 39 25 0
57 0 33 22 8 10 55
85 18 0 24 32 35 42
46 25 28 0 12 41 55
51 9 33 16 0 20 42
49 25 30 45 11 0 29
0 31 81 44 48 57 0