1
5
,
0 (26.0, 43.0) 60.0
1 (49.0, 37.0) 51.0
2 (30.0, 25.0) 39.0
3 (17.0, 35.0) 51.0
4 (8.0, 48.0) 73.0
,
0 25 31 20 19 24 0
25 0 12 9 6 9 25
31 12 0 11 16 21 31
20 9 11 0 8 16 20
19 6 16 8 0 8 19
24 9 21 16 8 0 24
0 25 31 20 19 24 0
,
0 41 47 34 51 58 0
63 0 15 14 10 23 64
34 20 0 16 24 62 44
58 10 26 0 9 33 20
29 9 35 24 0 18 27
72 22 54 21 15 0 72
0 32 80 36 38 64 0