1
5
,
0 (26.0, 43.0) 32.0
1 (49.0, 37.0) 44.0
2 (30.0, 25.0) 60.0
3 (17.0, 35.0) 81.0
4 (8.0, 48.0) 55.0
,
0 25 31 20 19 24 0
25 0 12 9 6 9 25
31 12 0 11 16 21 31
20 9 11 0 8 16 20
19 6 16 8 0 8 19
24 9 21 16 8 0 24
0 25 31 20 19 24 0
,
0 28 52 21 56 45 0
67 0 25 18 12 22 62
76 33 0 32 18 27 33
33 12 34 0 13 39 36
42 13 20 20 0 10 48
25 19 49 30 16 0 30
0 62 41 24 51 63 0