1
5
,
0 (26.0, 43.0) 35.0
1 (49.0, 37.0) 77.0
2 (30.0, 25.0) 44.0
3 (17.0, 35.0) 44.0
4 (8.0, 48.0) 35.0
,
0 25 31 20 19 24 0
25 0 12 9 6 9 25
31 12 0 11 16 21 31
20 9 11 0 8 16 20
19 6 16 8 0 8 19
24 9 21 16 8 0 24
0 25 31 20 19 24 0
,
0 28 86 34 55 50 0
51 0 14 16 14 28 44
49 13 0 33 32 49 51
27 24 31 0 18 26 23
53 15 23 22 0 13 46
70 27 59 35 17 0 50
0 42 31 53 34 50 0