2
10
,
0 (30.0, 48.0) 65.0
1 (32.0, 3.0) 46.0
2 (33.0, 14.0) 54.0
3 (1.0, 14.0) 41.0
4 (39.0, 24.0) 57.0
5 (22.0, 45.0) 30.0
6 (34.0, 8.0) 88.0
7 (22.0, 27.0) 37.0
8 (1.0, 47.0) 68.0
9 (4.0, 26.0) 64.0
,
0 28 16 18 7 23 25 17 17 24 13 0
28 0 23 17 22 13 4 20 11 15 17 28
16 23 0 6 16 11 22 3 13 27 18 16
18 17 6 0 16 6 16 3 9 23 16 18
7 22 16 16 0 20 19 17 12 16 6 7
23 13 11 6 20 0 14 8 9 22 18 23
25 4 22 16 19 14 0 19 9 11 13 25
17 20 3 3 17 8 19 0 11 26 17 17
17 11 13 9 12 9 9 11 0 14 9 17
24 15 27 23 16 22 11 26 14 0 11 24
13 17 18 16 6 18 13 17 9 11 0 13
0 28 16 18 7 23 25 17 17 24 13 0
,
0 63 29 20 16 32 43 50 41 51 15 0
74 0 28 24 29 31 10 36 20 19 17 57
34 27 0 9 33 26 62 8 15 64 23 47
42 48 16 0 17 16 33 4 22 27 42 32
21 27 28 37 0 38 43 31 36 35 10 19
63 13 33 16 28 0 22 25 20 35 40 43
42 11 34 18 52 25 0 32 25 23 16 56
45 36 6 9 30 24 46 0 19 31 39 20
41 14 14 22 24 22 15 17 0 40 13 30
40 39 42 23 48 38 15 41 37 0 23 51
26 18 20 26 16 19 20 31 19 20 0 14
0 38 25 46 19 32 32 46 41 46 35 0