2
10
,
0 (30.0, 48.0) 32.0
1 (32.0, 3.0) 79.0
2 (33.0, 14.0) 63.0
3 (1.0, 14.0) 53.0
4 (39.0, 24.0) 64.0
5 (22.0, 45.0) 69.0
6 (34.0, 8.0) 51.0
7 (22.0, 27.0) 52.0
8 (1.0, 47.0) 35.0
9 (4.0, 26.0) 86.0
,
0 28 16 18 7 23 25 17 17 24 13 0
28 0 23 17 22 13 4 20 11 15 17 28
16 23 0 6 16 11 22 3 13 27 18 16
18 17 6 0 16 6 16 3 9 23 16 18
7 22 16 16 0 20 19 17 12 16 6 7
23 13 11 6 20 0 14 8 9 22 18 23
25 4 22 16 19 14 0 19 9 11 13 25
17 20 3 3 17 8 19 0 11 26 17 17
17 11 13 9 12 9 9 11 0 14 9 17
24 15 27 23 16 22 11 26 14 0 11 24
13 17 18 16 6 18 13 17 9 11 0 13
0 28 16 18 7 23 25 17 17 24 13 0
,
0 31 28 50 13 47 30 46 38 62 21 0
78 0 25 27 65 28 5 26 18 19 24 61
26 24 0 12 19 26 51 4 15 66 36 41
40 35 8 0 37 10 41 9 9 48 33 52
17 34 40 43 0 41 50 27 16 49 15 8
64 33 24 10 37 0 26 16 23 31 44 58
47 6 41 42 26 40 0 58 19 23 13 38
39 22 7 4 41 22 54 0 23 48 39 31
38 32 31 18 32 22 18 26 0 15 21 45
47 17 43 41 26 39 17 33 42 0 24 38
22 26 30 36 9 31 31 47 20 18 0 17
0 74 27 30 16 24 28 37 32 53 30 0