2
10
,
0 (30.0, 48.0) 46.0
1 (32.0, 3.0) 73.0
2 (33.0, 14.0) 70.0
3 (1.0, 14.0) 31.0
4 (39.0, 24.0) 41.0
5 (22.0, 45.0) 59.0
6 (34.0, 8.0) 34.0
7 (22.0, 27.0) 67.0
8 (1.0, 47.0) 34.0
9 (4.0, 26.0) 50.0
,
0 28 16 18 7 23 25 17 17 24 13 0
28 0 23 17 22 13 4 20 11 15 17 28
16 23 0 6 16 11 22 3 13 27 18 16
18 17 6 0 16 6 16 3 9 23 16 18
7 22 16 16 0 20 19 17 12 16 6 7
23 13 11 6 20 0 14 8 9 22 18 23
25 4 22 16 19 14 0 19 9 11 13 25
17 20 3 3 17 8 19 0 11 26 17 17
17 11 13 9 12 9 9 11 0 14 9 17
24 15 27 23 16 22 11 26 14 0 11 24
13 17 18 16 6 18 13 17 9 11 0 13
0 28 16 18 7 23 25 17 17 24 13 0
,
0 59 26 29 16 34 72 27 30 54 31 0
68 0 63 43 62 18 9 36 29 32 51 42
26 64 0 15 44 18 54 6 22 46 42 33
25 49 14 0 22 9 48 5 10 48 20 21
15 39 36 39 0 48 44 19 35 49 13 8
62 22 23 6 38 0 24 16 22 49 42 37
45 9 47 37 25 25 0 53 21 12 18 65
52 52 6 7 39 24 25 0 19 60 39 19
20 25 28 12 30 22 11 22 0 39 13 38
66 25 35 42 39 29 15 50 21 0 15 65
34 48 36 47 17 50 35 37 20 28 0 26
0 43 24 22 16 43 57 48 34 64 35 0