2
10
,
0 (30.0, 48.0) 88.0
1 (32.0, 3.0) 35.0
2 (33.0, 14.0) 34.0
3 (1.0, 14.0) 62.0
4 (39.0, 24.0) 71.0
5 (22.0, 45.0) 37.0
6 (34.0, 8.0) 64.0
7 (22.0, 27.0) 31.0
8 (1.0, 47.0) 53.0
9 (4.0, 26.0) 32.0
,
0 28 16 18 7 23 25 17 17 24 13 0
28 0 23 17 22 13 4 20 11 15 17 28
16 23 0 6 16 11 22 3 13 27 18 16
18 17 6 0 16 6 16 3 9 23 16 18
7 22 16 16 0 20 19 17 12 16 6 7
23 13 11 6 20 0 14 8 9 22 18 23
25 4 22 16 19 14 0 19 9 11 13 25
17 20 3 3 17 8 19 0 11 26 17 17
17 11 13 9 12 9 9 11 0 14 9 17
24 15 27 23 16 22 11 26 14 0 11 24
13 17 18 16 6 18 13 17 9 11 0 13
0 28 16 18 7 23 25 17 17 24 13 0
,
0 39 24 40 17 29 31 19 28 58 17 0
59 0 48 41 47 33 10 39 18 34 27 68
44 33 0 14 45 25 58 4 32 60 25 18
29 31 16 0 36 14 29 6 11 36 43 24
11 60 49 18 0 52 32 32 21 44 7 14
39 26 13 14 58 0 24 17 15 44 24 34
60 9 33 33 38 19 0 51 19 15 35 47
40 28 5 5 23 15 40 0 13 47 32 39
23 33 13 9 29 16 25 29 0 18 23 34
46 23 51 36 21 48 18 32 43 0 13 69
38 20 22 26 18 49 30 35 20 17 0 16
0 59 46 52 19 45 52 19 27 62 25 0