2
10
,
0 (30.0, 48.0) 35.0
1 (32.0, 3.0) 37.0
2 (33.0, 14.0) 31.0
3 (1.0, 14.0) 55.0
4 (39.0, 24.0) 44.0
5 (22.0, 45.0) 58.0
6 (34.0, 8.0) 74.0
7 (22.0, 27.0) 86.0
8 (1.0, 47.0) 59.0
9 (4.0, 26.0) 35.0
,
0 28 16 18 7 23 25 17 17 24 13 0
28 0 23 17 22 13 4 20 11 15 17 28
16 23 0 6 16 11 22 3 13 27 18 16
18 17 6 0 16 6 16 3 9 23 16 18
7 22 16 16 0 20 19 17 12 16 6 7
23 13 11 6 20 0 14 8 9 22 18 23
25 4 22 16 19 14 0 19 9 11 13 25
17 20 3 3 17 8 19 0 11 26 17 17
17 11 13 9 12 9 9 11 0 14 9 17
24 15 27 23 16 22 11 26 14 0 11 24
13 17 18 16 6 18 13 17 9 11 0 13
0 28 16 18 7 23 25 17 17 24 13 0
,
0 76 30 46 8 30 60 34 35 43 37 0
44 0 36 29 46 38 5 52 17 30 26 35
23 50 0 12 30 32 55 3 32 73 52 16
30 20 7 0 40 12 17 5 21 55 20 39
20 24 42 17 0 38 47 43 29 25 7 11
54 36 15 7 59 0 20 16 16 50 28 37
36 11 41 31 47 27 0 24 11 27 25 53
31 30 4 6 33 19 31 0 20 42 45 41
21 27 17 12 30 9 15 28 0 16 9 32
45 22 36 47 42 57 12 76 29 0 21 55
26 18 32 26 18 33 28 27 25 25 0 22
0 43 23 23 13 36 25 34 32 64 16 0