2
10
,
0 (30.0, 48.0) 69.0
1 (32.0, 3.0) 66.0
2 (33.0, 14.0) 35.0
3 (1.0, 14.0) 56.0
4 (39.0, 24.0) 60.0
5 (22.0, 45.0) 41.0
6 (34.0, 8.0) 30.0
7 (22.0, 27.0) 49.0
8 (1.0, 47.0) 57.0
9 (4.0, 26.0) 53.0
,
0 28 16 18 7 23 25 17 17 24 13 0
28 0 23 17 22 13 4 20 11 15 17 28
16 23 0 6 16 11 22 3 13 27 18 16
18 17 6 0 16 6 16 3 9 23 16 18
7 22 16 16 0 20 19 17 12 16 6 7
23 13 11 6 20 0 14 8 9 22 18 23
25 4 22 16 19 14 0 19 9 11 13 25
17 20 3 3 17 8 19 0 11 26 17 17
17 11 13 9 12 9 9 11 0 14 9 17
24 15 27 23 16 22 11 26 14 0 11 24
13 17 18 16 6 18 13 17 9 11 0 13
0 28 16 18 7 23 25 17 17 24 13 0
,
0 65 26 31 10 30 46 43 32 26 17 0
84 0 34 21 36 34 8 59 17 19 36 32
33 37 0 9 37 22 46 3 25 30 30 44
35 31 6 0 42 15 35 9 12 66 35 34
15 59 48 37 0 40 51 47 24 46 13 17
31 31 21 9 46 0 25 11 12 58 42 49
66 10 63 28 45 22 0 32 18 15 32 34
48 31 4 4 47 11 48 0 33 61 28 34
36 14 28 18 34 15 20 26 0 37 25 45
32 25 57 28 49 28 16 34 15 0 28 53
31 23 35 38 14 51 22 47 19 17 0 24
0 36 38 51 10 38 64 25 35 38 28 0