2
10
,
0 (30.0, 48.0) 42.0
1 (32.0, 3.0) 70.0
2 (33.0, 14.0) 62.0
3 (1.0, 14.0) 57.0
4 (39.0, 24.0) 84.0
5 (22.0, 45.0) 71.0
6 (34.0, 8.0) 40.0
7 (22.0, 27.0) 34.0
8 (1.0, 47.0) 51.0
9 (4.0, 26.0) 31.0
,
0 28 16 18 7 23 25 17 17 24 13 0
28 0 23 17 22 13 4 20 11 15 17 28
16 23 0 6 16 11 22 3 13 27 18 16
18 17 6 0 16 6 16 3 9 23 16 18
7 22 16 16 0 20 19 17 12 16 6 7
23 13 11 6 20 0 14 8 9 22 18 23
25 4 22 16 19 14 0 19 9 11 13 25
17 20 3 3 17 8 19 0 11 26 17 17
17 11 13 9 12 9 9 11 0 14 9 17
24 15 27 23 16 22 11 26 14 0 11 24
13 17 18 16 6 18 13 17 9 11 0 13
0 28 16 18 7 23 25 17 17 24 13 0
,
0 83 29 23 19 63 60 37 30 44 17 0
41 0 31 31 53 15 11 54 28 22 35 64
25 38 0 13 22 21 44 5 20 51 37 16
44 49 15 0 24 11 17 9 13 39 23 31
7 38 34 45 0 57 47 20 22 27 7 19
61 20 16 15 46 0 30 22 16 42 47 35
27 11 45 40 33 24 0 49 9 24 27 70
34 45 6 3 45 17 35 0 16 43 39 44
51 12 29 11 26 15 10 32 0 25 12 26
31 15 73 64 45 58 12 47 23 0 15 55
18 37 42 23 7 45 27 50 10 31 0 13
0 78 19 31 16 27 40 23 24 35 15 0