2
10
,
0 (30.0, 48.0) 33.0
1 (32.0, 3.0) 87.0
2 (33.0, 14.0) 77.0
3 (1.0, 14.0) 68.0
4 (39.0, 24.0) 88.0
5 (22.0, 45.0) 35.0
6 (34.0, 8.0) 42.0
7 (22.0, 27.0) 33.0
8 (1.0, 47.0) 32.0
9 (4.0, 26.0) 46.0
,
0 28 16 18 7 23 25 17 17 24 13 0
28 0 23 17 22 13 4 20 11 15 17 28
16 23 0 6 16 11 22 3 13 27 18 16
18 17 6 0 16 6 16 3 9 23 16 18
7 22 16 16 0 20 19 17 12 16 6 7
23 13 11 6 20 0 14 8 9 22 18 23
25 4 22 16 19 14 0 19 9 11 13 25
17 20 3 3 17 8 19 0 11 26 17 17
17 11 13 9 12 9 9 11 0 14 9 17
24 15 27 23 16 22 11 26 14 0 11 24
13 17 18 16 6 18 13 17 9 11 0 13
0 28 16 18 7 23 25 17 17 24 13 0
,
0 53 20 24 12 33 45 24 27 37 37 0
46 0 42 25 33 18 7 29 20 28 28 56
35 46 0 16 26 13 60 6 27 43 32 44
44 25 12 0 32 15 31 5 19 44 40 46
9 36 45 24 0 36 55 30 16 32 18 9
62 18 15 14 51 0 15 18 14 36 25 51
65 5 36 33 35 24 0 32 9 15 36 42
40 58 8 5 30 15 25 0 27 27 25 46
44 24 17 25 25 17 14 25 0 22 18 47
70 22 40 28 46 40 17 74 21 0 15 56
18 36 54 41 12 49 23 21 20 14 0 34
0 85 19 34 21 48 31 40 46 40 32 0