2
10
,
0 (30.0, 48.0) 61.0
1 (32.0, 3.0) 63.0
2 (33.0, 14.0) 79.0
3 (1.0, 14.0) 58.0
4 (39.0, 24.0) 42.0
5 (22.0, 45.0) 35.0
6 (34.0, 8.0) 73.0
7 (22.0, 27.0) 63.0
8 (1.0, 47.0) 51.0
9 (4.0, 26.0) 46.0
,
0 28 16 18 7 23 25 17 17 24 13 0
28 0 23 17 22 13 4 20 11 15 17 28
16 23 0 6 16 11 22 3 13 27 18 16
18 17 6 0 16 6 16 3 9 23 16 18
7 22 16 16 0 20 19 17 12 16 6 7
23 13 11 6 20 0 14 8 9 22 18 23
25 4 22 16 19 14 0 19 9 11 13 25
17 20 3 3 17 8 19 0 11 26 17 17
17 11 13 9 12 9 9 11 0 14 9 17
24 15 27 23 16 22 11 26 14 0 11 24
13 17 18 16 6 18 13 17 9 11 0 13
0 28 16 18 7 23 25 17 17 24 13 0
,
0 79 21 31 19 30 67 35 28 45 32 0
48 0 57 29 56 33 8 58 23 43 24 65
37 48 0 9 19 25 52 7 19 65 40 30
20 20 10 0 34 10 23 3 19 28 35 38
11 63 47 35 0 58 21 30 27 27 11 20
45 21 13 16 52 0 35 23 17 48 18 50
53 7 35 23 47 40 0 37 12 27 13 53
35 58 5 7 36 25 58 0 17 44 23 21
51 17 36 21 26 23 11 31 0 24 23 32
24 32 67 50 35 61 21 39 23 0 16 55
36 23 18 44 13 26 19 19 17 12 0 18
0 35 38 53 20 41 53 43 42 37 32 0