2
10
,
0 (30.0, 48.0) 73.0
1 (32.0, 3.0) 57.0
2 (33.0, 14.0) 89.0
3 (1.0, 14.0) 44.0
4 (39.0, 24.0) 88.0
5 (22.0, 45.0) 33.0
6 (34.0, 8.0) 43.0
7 (22.0, 27.0) 40.0
8 (1.0, 47.0) 54.0
9 (4.0, 26.0) 31.0
,
0 28 16 18 7 23 25 17 17 24 13 0
28 0 23 17 22 13 4 20 11 15 17 28
16 23 0 6 16 11 22 3 13 27 18 16
18 17 6 0 16 6 16 3 9 23 16 18
7 22 16 16 0 20 19 17 12 16 6 7
23 13 11 6 20 0 14 8 9 22 18 23
25 4 22 16 19 14 0 19 9 11 13 25
17 20 3 3 17 8 19 0 11 26 17 17
17 11 13 9 12 9 9 11 0 14 9 17
24 15 27 23 16 22 11 26 14 0 11 24
13 17 18 16 6 18 13 17 9 11 0 13
0 28 16 18 7 23 25 17 17 24 13 0
,
0 34 38 41 19 29 43 50 40 48 29 0
50 0 30 21 34 18 8 25 18 15 29 69
32 45 0 11 34 33 56 8 30 35 54 23
25 50 9 0 26 17 49 7 16 64 25 48
15 28 33 25 0 29 37 47 15 29 13 20
58 20 23 16 25 0 18 22 19 49 31 66
39 10 56 43 41 16 0 35 24 21 15 34
40 53 7 8 22 24 27 0 18 39 36 40
34 14 25 17 16 12 13 19 0 17 27 42
53 37 62 41 19 67 25 68 16 0 20 27
14 40 51 23 14 45 39 21 20 28 0 15
0 34 23 52 7 63 74 31 51 58 37 0