2
10
,
0 (30.0, 48.0) 77.0
1 (32.0, 3.0) 48.0
2 (33.0, 14.0) 51.0
3 (1.0, 14.0) 57.0
4 (39.0, 24.0) 64.0
5 (22.0, 45.0) 64.0
6 (34.0, 8.0) 46.0
7 (22.0, 27.0) 43.0
8 (1.0, 47.0) 51.0
9 (4.0, 26.0) 36.0
,
0 28 16 18 7 23 25 17 17 24 13 0
28 0 23 17 22 13 4 20 11 15 17 28
16 23 0 6 16 11 22 3 13 27 18 16
18 17 6 0 16 6 16 3 9 23 16 18
7 22 16 16 0 20 19 17 12 16 6 7
23 13 11 6 20 0 14 8 9 22 18 23
25 4 22 16 19 14 0 19 9 11 13 25
17 20 3 3 17 8 19 0 11 26 17 17
17 11 13 9 12 9 9 11 0 14 9 17
24 15 27 23 16 22 11 26 14 0 11 24
13 17 18 16 6 18 13 17 9 11 0 13
0 28 16 18 7 23 25 17 17 24 13 0
,
0 62 25 26 19 37 39 22 47 39 36 0
65 0 36 28 29 20 7 36 18 40 22 33
34 61 0 6 40 20 46 4 27 57 53 25
22 49 11 0 17 14 49 6 25 51 36 41
18 39 20 41 0 44 28 44 34 38 18 9
35 16 17 17 59 0 27 12 22 65 43 29
66 9 45 24 34 19 0 46 12 14 21 70
46 44 5 4 25 15 20 0 20 49 26 25
46 30 37 22 19 18 18 22 0 42 24 45
68 21 39 47 27 26 11 61 25 0 29 58
25 21 33 33 15 23 29 23 25 19 0 22
0 68 44 19 20 26 25 21 41 46 16 0