2
10
,
0 (30.0, 48.0) 85.0
1 (32.0, 3.0) 32.0
2 (33.0, 14.0) 82.0
3 (1.0, 14.0) 33.0
4 (39.0, 24.0) 37.0
5 (22.0, 45.0) 67.0
6 (34.0, 8.0) 68.0
7 (22.0, 27.0) 33.0
8 (1.0, 47.0) 75.0
9 (4.0, 26.0) 46.0
,
0 28 16 18 7 23 25 17 17 24 13 0
28 0 23 17 22 13 4 20 11 15 17 28
16 23 0 6 16 11 22 3 13 27 18 16
18 17 6 0 16 6 16 3 9 23 16 18
7 22 16 16 0 20 19 17 12 16 6 7
23 13 11 6 20 0 14 8 9 22 18 23
25 4 22 16 19 14 0 19 9 11 13 25
17 20 3 3 17 8 19 0 11 26 17 17
17 11 13 9 12 9 9 11 0 14 9 17
24 15 27 23 16 22 11 26 14 0 11 24
13 17 18 16 6 18 13 17 9 11 0 13
0 28 16 18 7 23 25 17 17 24 13 0
,
0 60 40 31 18 46 60 22 18 48 37 0
78 0 24 24 56 19 10 57 19 30 42 57
37 29 0 10 30 14 31 4 24 65 42 43
43 18 14 0 40 12 35 8 25 28 27 36
14 61 34 30 0 34 29 19 34 27 15 9
29 21 20 17 37 0 23 10 16 28 43 64
68 5 26 45 31 36 0 26 24 16 32 52
48 28 5 6 27 24 21 0 12 69 32 18
32 32 39 22 20 11 11 32 0 28 15 48
26 29 74 52 40 27 18 53 37 0 18 36
14 23 49 39 8 49 33 43 15 29 0 32
0 84 24 20 13 62 51 29 38 33 28 0