2
10
,
0 (30.0, 48.0) 56.0
1 (32.0, 3.0) 52.0
2 (33.0, 14.0) 64.0
3 (1.0, 14.0) 47.0
4 (39.0, 24.0) 30.0
5 (22.0, 45.0) 39.0
6 (34.0, 8.0) 33.0
7 (22.0, 27.0) 81.0
8 (1.0, 47.0) 87.0
9 (4.0, 26.0) 73.0
,
0 28 16 18 7 23 25 17 17 24 13 0
28 0 23 17 22 13 4 20 11 15 17 28
16 23 0 6 16 11 22 3 13 27 18 16
18 17 6 0 16 6 16 3 9 23 16 18
7 22 16 16 0 20 19 17 12 16 6 7
23 13 11 6 20 0 14 8 9 22 18 23
25 4 22 16 19 14 0 19 9 11 13 25
17 20 3 3 17 8 19 0 11 26 17 17
17 11 13 9 12 9 9 11 0 14 9 17
24 15 27 23 16 22 11 26 14 0 11 24
13 17 18 16 6 18 13 17 9 11 0 13
0 28 16 18 7 23 25 17 17 24 13 0
,
0 69 19 38 11 62 56 32 20 36 18 0
75 0 30 20 31 25 10 21 20 23 19 68
36 65 0 14 31 24 58 7 20 55 38 26
19 23 15 0 46 14 21 4 16 56 23 42
11 53 45 26 0 50 37 22 28 34 10 10
66 20 21 9 53 0 38 15 11 58 35 33
41 11 38 33 27 24 0 30 26 11 35 30
29 32 5 6 32 13 22 0 23 64 19 22
45 26 33 17 35 22 15 18 0 29 23 33
35 27 49 55 33 41 22 52 25 0 26 43
36 20 32 26 18 36 27 52 19 16 0 15
0 32 46 21 8 51 62 39 49 63 21 0