2
10
,
0 (30.0, 48.0) 75.0
1 (32.0, 3.0) 39.0
2 (33.0, 14.0) 75.0
3 (1.0, 14.0) 44.0
4 (39.0, 24.0) 74.0
5 (22.0, 45.0) 43.0
6 (34.0, 8.0) 35.0
7 (22.0, 27.0) 33.0
8 (1.0, 47.0) 47.0
9 (4.0, 26.0) 34.0
,
0 28 16 18 7 23 25 17 17 24 13 0
28 0 23 17 22 13 4 20 11 15 17 28
16 23 0 6 16 11 22 3 13 27 18 16
18 17 6 0 16 6 16 3 9 23 16 18
7 22 16 16 0 20 19 17 12 16 6 7
23 13 11 6 20 0 14 8 9 22 18 23
25 4 22 16 19 14 0 19 9 11 13 25
17 20 3 3 17 8 19 0 11 26 17 17
17 11 13 9 12 9 9 11 0 14 9 17
24 15 27 23 16 22 11 26 14 0 11 24
13 17 18 16 6 18 13 17 9 11 0 13
0 28 16 18 7 23 25 17 17 24 13 0
,
0 67 40 30 15 61 64 42 51 36 30 0
32 0 53 38 34 13 12 37 26 21 41 85
40 29 0 7 30 29 64 5 17 59 50 18
26 28 11 0 37 9 23 8 17 51 36 48
14 54 42 17 0 56 28 50 23 37 11 9
28 13 28 13 47 0 19 22 16 64 26 51
69 6 56 41 36 31 0 47 13 19 33 55
30 56 3 5 40 25 55 0 22 70 26 31
21 14 24 23 14 22 13 18 0 40 11 42
40 40 74 41 37 48 27 31 24 0 15 50
21 31 38 28 15 20 22 20 15 23 0 31
0 60 38 53 10 25 65 28 23 64 39 0