2
10
,
0 (30.0, 48.0) 37.0
1 (32.0, 3.0) 72.0
2 (33.0, 14.0) 78.0
3 (1.0, 14.0) 56.0
4 (39.0, 24.0) 60.0
5 (22.0, 45.0) 33.0
6 (34.0, 8.0) 58.0
7 (22.0, 27.0) 38.0
8 (1.0, 47.0) 39.0
9 (4.0, 26.0) 41.0
,
0 28 16 18 7 23 25 17 17 24 13 0
28 0 23 17 22 13 4 20 11 15 17 28
16 23 0 6 16 11 22 3 13 27 18 16
18 17 6 0 16 6 16 3 9 23 16 18
7 22 16 16 0 20 19 17 12 16 6 7
23 13 11 6 20 0 14 8 9 22 18 23
25 4 22 16 19 14 0 19 9 11 13 25
17 20 3 3 17 8 19 0 11 26 17 17
17 11 13 9 12 9 9 11 0 14 9 17
24 15 27 23 16 22 11 26 14 0 11 24
13 17 18 16 6 18 13 17 9 11 0 13
0 28 16 18 7 23 25 17 17 24 13 0
,
0 32 16 38 12 39 46 47 37 30 39 0
34 0 28 33 61 29 13 52 22 26 45 58
21 46 0 6 38 19 35 5 18 71 52 43
21 48 12 0 36 17 44 7 25 49 41 43
13 39 23 18 0 20 24 39 25 36 7 9
26 20 25 13 47 0 29 12 19 30 50 27
37 5 34 40 55 28 0 45 23 29 25 68
38 35 5 9 26 17 32 0 26 64 38 19
51 22 26 25 33 19 25 24 0 39 19 44
28 31 39 65 34 40 29 40 27 0 21 41
38 40 40 18 9 31 24 52 11 22 0 19
0 52 31 49 12 48 44 25 32 61 39 0