2
10
,
0 (30.0, 48.0) 68.0
1 (32.0, 3.0) 89.0
2 (33.0, 14.0) 34.0
3 (1.0, 14.0) 56.0
4 (39.0, 24.0) 36.0
5 (22.0, 45.0) 56.0
6 (34.0, 8.0) 43.0
7 (22.0, 27.0) 42.0
8 (1.0, 47.0) 72.0
9 (4.0, 26.0) 42.0
,
0 28 16 18 7 23 25 17 17 24 13 0
28 0 23 17 22 13 4 20 11 15 17 28
16 23 0 6 16 11 22 3 13 27 18 16
18 17 6 0 16 6 16 3 9 23 16 18
7 22 16 16 0 20 19 17 12 16 6 7
23 13 11 6 20 0 14 8 9 22 18 23
25 4 22 16 19 14 0 19 9 11 13 25
17 20 3 3 17 8 19 0 11 26 17 17
17 11 13 9 12 9 9 11 0 14 9 17
24 15 27 23 16 22 11 26 14 0 11 24
13 17 18 16 6 18 13 17 9 11 0 13
0 28 16 18 7 23 25 17 17 24 13 0
,
0 59 39 22 16 28 38 30 44 51 19 0
69 0 31 37 39 36 5 57 30 32 45 39
16 43 0 14 20 21 54 4 16 51 32 24
43 17 15 0 36 10 34 5 16 24 21 49
10 25 23 25 0 56 47 19 15 31 10 18
51 27 28 11 42 0 35 21 14 65 43 33
31 9 39 44 49 21 0 42 19 30 27 53
33 32 5 5 40 13 53 0 34 56 27 25
48 18 15 13 30 9 13 19 0 43 16 18
28 42 63 35 42 65 25 36 41 0 12 36
16 17 50 41 7 47 39 43 22 29 0 33
0 56 41 39 10 42 61 19 26 46 24 0