2
10
,
0 (30.0, 48.0) 33.0
1 (32.0, 3.0) 38.0
2 (33.0, 14.0) 66.0
3 (1.0, 14.0) 60.0
4 (39.0, 24.0) 38.0
5 (22.0, 45.0) 51.0
6 (34.0, 8.0) 82.0
7 (22.0, 27.0) 57.0
8 (1.0, 47.0) 41.0
9 (4.0, 26.0) 53.0
,
0 28 16 18 7 23 25 17 17 24 13 0
28 0 23 17 22 13 4 20 11 15 17 28
16 23 0 6 16 11 22 3 13 27 18 16
18 17 6 0 16 6 16 3 9 23 16 18
7 22 16 16 0 20 19 17 12 16 6 7
23 13 11 6 20 0 14 8 9 22 18 23
25 4 22 16 19 14 0 19 9 11 13 25
17 20 3 3 17 8 19 0 11 26 17 17
17 11 13 9 12 9 9 11 0 14 9 17
24 15 27 23 16 22 11 26 14 0 11 24
13 17 18 16 6 18 13 17 9 11 0 13
0 28 16 18 7 23 25 17 17 24 13 0
,
0 82 18 37 17 60 53 48 19 68 32 0
51 0 38 25 34 35 11 25 21 37 31 70
32 35 0 12 41 12 51 7 32 30 33 22
43 20 11 0 27 12 19 6 10 41 26 23
12 66 46 42 0 23 40 45 29 47 10 16
40 15 19 7 25 0 29 14 20 64 44 35
30 5 25 23 35 18 0 26 22 12 33 52
51 49 3 7 45 12 44 0 14 55 33 46
39 30 22 23 23 25 17 22 0 37 15 32
38 24 56 47 49 29 11 62 30 0 27 38
33 20 23 19 13 36 20 36 26 12 0 22
0 77 25 31 17 53 48 52 51 46 34 0