2
10
,
0 (30.0, 48.0) 57.0
1 (32.0, 3.0) 30.0
2 (33.0, 14.0) 39.0
3 (1.0, 14.0) 48.0
4 (39.0, 24.0) 34.0
5 (22.0, 45.0) 32.0
6 (34.0, 8.0) 45.0
7 (22.0, 27.0) 40.0
8 (1.0, 47.0) 85.0
9 (4.0, 26.0) 54.0
,
0 28 16 18 7 23 25 17 17 24 13 0
28 0 23 17 22 13 4 20 11 15 17 28
16 23 0 6 16 11 22 3 13 27 18 16
18 17 6 0 16 6 16 3 9 23 16 18
7 22 16 16 0 20 19 17 12 16 6 7
23 13 11 6 20 0 14 8 9 22 18 23
25 4 22 16 19 14 0 19 9 11 13 25
17 20 3 3 17 8 19 0 11 26 17 17
17 11 13 9 12 9 9 11 0 14 9 17
24 15 27 23 16 22 11 26 14 0 11 24
13 17 18 16 6 18 13 17 9 11 0 13
0 28 16 18 7 23 25 17 17 24 13 0
,
0 41 43 49 11 44 52 30 32 49 25 0
74 0 42 49 52 26 7 57 28 18 46 46
31 64 0 14 40 30 51 7 23 71 40 23
31 47 6 0 30 10 38 5 12 62 31 44
18 40 19 23 0 51 27 50 26 24 9 7
43 29 30 6 55 0 35 21 13 25 41 42
32 11 41 24 44 15 0 31 13 25 20 41
21 42 5 4 26 22 56 0 22 37 26 30
35 27 25 13 32 21 17 15 0 20 18 49
69 40 75 56 33 33 17 29 28 0 22 48
23 26 34 26 16 32 28 41 9 18 0 22
0 80 19 19 10 62 28 41 37 40 26 0