2
10
,
0 (30.0, 48.0) 84.0
1 (32.0, 3.0) 46.0
2 (33.0, 14.0) 65.0
3 (1.0, 14.0) 31.0
4 (39.0, 24.0) 45.0
5 (22.0, 45.0) 36.0
6 (34.0, 8.0) 81.0
7 (22.0, 27.0) 76.0
8 (1.0, 47.0) 77.0
9 (4.0, 26.0) 41.0
,
0 28 16 18 7 23 25 17 17 24 13 0
28 0 23 17 22 13 4 20 11 15 17 28
16 23 0 6 16 11 22 3 13 27 18 16
18 17 6 0 16 6 16 3 9 23 16 18
7 22 16 16 0 20 19 17 12 16 6 7
23 13 11 6 20 0 14 8 9 22 18 23
25 4 22 16 19 14 0 19 9 11 13 25
17 20 3 3 17 8 19 0 11 26 17 17
17 11 13 9 12 9 9 11 0 14 9 17
24 15 27 23 16 22 11 26 14 0 11 24
13 17 18 16 6 18 13 17 9 11 0 13
0 28 16 18 7 23 25 17 17 24 13 0
,
0 42 40 35 8 48 67 43 21 53 35 0
55 0 34 21 61 20 10 24 22 25 41 30
18 35 0 8 38 32 51 8 33 32 34 22
39 20 12 0 44 13 35 8 13 54 34 52
10 47 22 30 0 43 48 42 28 43 8 10
35 15 33 11 31 0 30 22 23 37 20 24
52 11 45 24 41 26 0 31 22 24 20 71
32 31 8 5 37 19 38 0 21 38 49 46
34 32 29 15 18 11 21 19 0 40 22 48
70 28 41 44 44 51 29 56 25 0 16 41
38 36 52 26 14 30 14 52 14 30 0 20
0 29 18 50 17 59 36 33 28 32 30 0