2
10
,
0 (30.0, 48.0) 42.0
1 (32.0, 3.0) 32.0
2 (33.0, 14.0) 75.0
3 (1.0, 14.0) 46.0
4 (39.0, 24.0) 52.0
5 (22.0, 45.0) 43.0
6 (34.0, 8.0) 49.0
7 (22.0, 27.0) 56.0
8 (1.0, 47.0) 86.0
9 (4.0, 26.0) 53.0
,
0 28 16 18 7 23 25 17 17 24 13 0
28 0 23 17 22 13 4 20 11 15 17 28
16 23 0 6 16 11 22 3 13 27 18 16
18 17 6 0 16 6 16 3 9 23 16 18
7 22 16 16 0 20 19 17 12 16 6 7
23 13 11 6 20 0 14 8 9 22 18 23
25 4 22 16 19 14 0 19 9 11 13 25
17 20 3 3 17 8 19 0 11 26 17 17
17 11 13 9 12 9 9 11 0 14 9 17
24 15 27 23 16 22 11 26 14 0 11 24
13 17 18 16 6 18 13 17 9 11 0 13
0 28 16 18 7 23 25 17 17 24 13 0
,
0 38 23 39 15 28 74 50 33 60 24 0
39 0 52 28 50 29 10 32 29 33 36 39
46 64 0 10 41 21 52 5 17 77 28 40
52 19 11 0 42 8 38 4 20 61 38 39
8 37 25 44 0 28 31 17 27 29 11 20
35 19 30 10 45 0 15 19 20 59 37 26
36 11 62 40 44 18 0 43 17 19 29 61
27 49 6 6 27 25 25 0 13 62 32 31
20 23 23 11 31 25 24 13 0 28 23 38
62 32 69 45 44 26 31 31 30 0 23 49
36 43 33 17 14 52 37 42 15 24 0 39
0 62 38 25 19 29 67 24 39 35 27 0