2
10
,
0 (30.0, 48.0) 33.0
1 (32.0, 3.0) 63.0
2 (33.0, 14.0) 72.0
3 (1.0, 14.0) 35.0
4 (39.0, 24.0) 58.0
5 (22.0, 45.0) 52.0
6 (34.0, 8.0) 84.0
7 (22.0, 27.0) 39.0
8 (1.0, 47.0) 69.0
9 (4.0, 26.0) 32.0
,
0 28 16 18 7 23 25 17 17 24 13 0
28 0 23 17 22 13 4 20 11 15 17 28
16 23 0 6 16 11 22 3 13 27 18 16
18 17 6 0 16 6 16 3 9 23 16 18
7 22 16 16 0 20 19 17 12 16 6 7
23 13 11 6 20 0 14 8 9 22 18 23
25 4 22 16 19 14 0 19 9 11 13 25
17 20 3 3 17 8 19 0 11 26 17 17
17 11 13 9 12 9 9 11 0 14 9 17
24 15 27 23 16 22 11 26 14 0 11 24
13 17 18 16 6 18 13 17 9 11 0 13
0 28 16 18 7 23 25 17 17 24 13 0
,
0 45 44 47 15 66 63 32 47 27 36 0
59 0 43 48 41 21 6 29 14 38 26 60
30 56 0 16 21 19 34 6 20 37 28 39
42 33 13 0 41 9 30 6 19 47 35 48
20 58 39 16 0 37 47 20 31 17 6 13
39 23 17 14 37 0 29 9 13 46 24 67
44 8 39 29 33 40 0 26 15 20 23 42
46 24 7 6 37 21 21 0 23 73 19 37
32 34 29 18 15 14 27 17 0 42 22 24
55 42 54 58 21 53 30 43 29 0 12 35
22 35 38 32 13 39 37 33 17 27 0 28
0 73 44 45 14 29 48 35 22 59 17 0