2
10
,
0 (30.0, 48.0) 81.0
1 (32.0, 3.0) 44.0
2 (33.0, 14.0) 56.0
3 (1.0, 14.0) 63.0
4 (39.0, 24.0) 62.0
5 (22.0, 45.0) 57.0
6 (34.0, 8.0) 44.0
7 (22.0, 27.0) 31.0
8 (1.0, 47.0) 46.0
9 (4.0, 26.0) 89.0
,
0 28 16 18 7 23 25 17 17 24 13 0
28 0 23 17 22 13 4 20 11 15 17 28
16 23 0 6 16 11 22 3 13 27 18 16
18 17 6 0 16 6 16 3 9 23 16 18
7 22 16 16 0 20 19 17 12 16 6 7
23 13 11 6 20 0 14 8 9 22 18 23
25 4 22 16 19 14 0 19 9 11 13 25
17 20 3 3 17 8 19 0 11 26 17 17
17 11 13 9 12 9 9 11 0 14 9 17
24 15 27 23 16 22 11 26 14 0 11 24
13 17 18 16 6 18 13 17 9 11 0 13
0 28 16 18 7 23 25 17 17 24 13 0
,
0 43 35 29 14 29 64 28 30 48 18 0
30 0 45 18 66 30 13 27 14 17 28 83
21 25 0 9 36 20 52 3 13 55 54 28
33 33 13 0 32 13 35 9 16 30 42 43
21 65 47 43 0 23 21 44 30 22 14 8
35 15 22 12 33 0 29 9 10 25 20 38
43 7 23 42 28 26 0 50 15 14 18 44
28 54 8 5 38 10 32 0 28 73 33 34
31 31 33 19 29 12 18 19 0 43 17 32
59 29 80 47 42 49 14 36 22 0 25 40
34 49 43 24 14 52 18 36 20 19 0 36
0 65 35 36 11 28 49 36 21 38 23 0