2
10
,
0 (30.0, 48.0) 42.0
1 (32.0, 3.0) 32.0
2 (33.0, 14.0) 35.0
3 (1.0, 14.0) 51.0
4 (39.0, 24.0) 39.0
5 (22.0, 45.0) 44.0
6 (34.0, 8.0) 45.0
7 (22.0, 27.0) 39.0
8 (1.0, 47.0) 46.0
9 (4.0, 26.0) 39.0
,
0 28 16 18 7 23 25 17 17 24 13 0
28 0 23 17 22 13 4 20 11 15 17 28
16 23 0 6 16 11 22 3 13 27 18 16
18 17 6 0 16 6 16 3 9 23 16 18
7 22 16 16 0 20 19 17 12 16 6 7
23 13 11 6 20 0 14 8 9 22 18 23
25 4 22 16 19 14 0 19 9 11 13 25
17 20 3 3 17 8 19 0 11 26 17 17
17 11 13 9 12 9 9 11 0 14 9 17
24 15 27 23 16 22 11 26 14 0 11 24
13 17 18 16 6 18 13 17 9 11 0 13
0 28 16 18 7 23 25 17 17 24 13 0
,
0 32 31 30 13 60 27 18 48 60 15 0
51 0 49 38 61 15 10 56 16 42 46 78
37 36 0 9 21 18 58 7 15 38 41 33
27 50 16 0 23 11 31 4 15 53 33 49
15 28 18 43 0 35 41 33 17 35 9 16
26 26 19 10 42 0 22 9 19 34 51 26
56 10 26 18 28 40 0 56 12 28 17 32
38 53 8 8 44 19 37 0 16 57 35 31
19 19 37 9 31 18 12 24 0 37 23 44
36 22 66 32 45 66 19 58 37 0 29 32
36 36 19 22 13 23 20 26 22 20 0 15
0 45 19 52 20 31 73 52 20 26 37 0