2
10
,
0 (30.0, 48.0) 39.0
1 (32.0, 3.0) 50.0
2 (33.0, 14.0) 48.0
3 (1.0, 14.0) 51.0
4 (39.0, 24.0) 59.0
5 (22.0, 45.0) 38.0
6 (34.0, 8.0) 69.0
7 (22.0, 27.0) 79.0
8 (1.0, 47.0) 81.0
9 (4.0, 26.0) 55.0
,
0 28 16 18 7 23 25 17 17 24 13 0
28 0 23 17 22 13 4 20 11 15 17 28
16 23 0 6 16 11 22 3 13 27 18 16
18 17 6 0 16 6 16 3 9 23 16 18
7 22 16 16 0 20 19 17 12 16 6 7
23 13 11 6 20 0 14 8 9 22 18 23
25 4 22 16 19 14 0 19 9 11 13 25
17 20 3 3 17 8 19 0 11 26 17 17
17 11 13 9 12 9 9 11 0 14 9 17
24 15 27 23 16 22 11 26 14 0 11 24
13 17 18 16 6 18 13 17 9 11 0 13
0 28 16 18 7 23 25 17 17 24 13 0
,
0 73 41 45 9 37 63 44 49 70 27 0
36 0 56 39 34 14 9 33 20 42 40 72
37 56 0 13 33 28 26 6 36 53 33 37
28 29 12 0 38 17 41 8 9 37 47 49
18 48 38 41 0 41 48 41 33 46 13 16
59 30 28 8 41 0 20 10 10 55 46 34
69 7 22 25 41 38 0 58 22 15 22 51
49 29 7 7 26 12 50 0 29 35 29 40
51 24 35 16 27 18 18 16 0 30 24 25
69 29 66 39 28 65 18 46 24 0 25 48
23 23 21 40 10 23 28 42 15 24 0 20
0 51 34 42 10 59 44 24 27 34 27 0