2
10
,
0 (30.0, 48.0) 80.0
1 (32.0, 3.0) 71.0
2 (33.0, 14.0) 44.0
3 (1.0, 14.0) 86.0
4 (39.0, 24.0) 44.0
5 (22.0, 45.0) 64.0
6 (34.0, 8.0) 41.0
7 (22.0, 27.0) 37.0
8 (1.0, 47.0) 55.0
9 (4.0, 26.0) 82.0
,
0 28 16 18 7 23 25 17 17 24 13 0
28 0 23 17 22 13 4 20 11 15 17 28
16 23 0 6 16 11 22 3 13 27 18 16
18 17 6 0 16 6 16 3 9 23 16 18
7 22 16 16 0 20 19 17 12 16 6 7
23 13 11 6 20 0 14 8 9 22 18 23
25 4 22 16 19 14 0 19 9 11 13 25
17 20 3 3 17 8 19 0 11 26 17 17
17 11 13 9 12 9 9 11 0 14 9 17
24 15 27 23 16 22 11 26 14 0 11 24
13 17 18 16 6 18 13 17 9 11 0 13
0 28 16 18 7 23 25 17 17 24 13 0
,
0 72 40 22 21 25 48 30 47 46 25 0
58 0 50 27 43 17 9 25 27 27 24 55
46 50 0 12 36 19 49 6 14 27 45 24
37 33 8 0 28 17 31 6 24 49 32 39
16 30 34 33 0 35 42 28 36 34 14 11
50 37 16 13 43 0 21 11 17 36 32 27
27 11 62 31 45 36 0 32 18 21 24 29
47 36 7 4 23 16 34 0 12 66 35 31
25 26 18 16 20 12 17 26 0 33 13 30
36 21 60 44 19 38 16 55 30 0 31 39
31 39 42 26 14 36 22 22 22 13 0 31
0 72 25 19 16 58 27 48 50 38 36 0