2
10
,
0 (30.0, 48.0) 42.0
1 (32.0, 3.0) 80.0
2 (33.0, 14.0) 60.0
3 (1.0, 14.0) 45.0
4 (39.0, 24.0) 49.0
5 (22.0, 45.0) 46.0
6 (34.0, 8.0) 59.0
7 (22.0, 27.0) 77.0
8 (1.0, 47.0) 30.0
9 (4.0, 26.0) 45.0
,
0 28 16 18 7 23 25 17 17 24 13 0
28 0 23 17 22 13 4 20 11 15 17 28
16 23 0 6 16 11 22 3 13 27 18 16
18 17 6 0 16 6 16 3 9 23 16 18
7 22 16 16 0 20 19 17 12 16 6 7
23 13 11 6 20 0 14 8 9 22 18 23
25 4 22 16 19 14 0 19 9 11 13 25
17 20 3 3 17 8 19 0 11 26 17 17
17 11 13 9 12 9 9 11 0 14 9 17
24 15 27 23 16 22 11 26 14 0 11 24
13 17 18 16 6 18 13 17 9 11 0 13
0 28 16 18 7 23 25 17 17 24 13 0
,
0 42 34 19 14 38 26 31 30 25 20 0
33 0 35 32 62 22 10 51 17 25 31 74
47 62 0 11 21 14 50 4 29 49 38 28
27 41 6 0 43 15 32 3 12 50 20 44
19 61 31 16 0 29 24 34 13 48 18 12
35 35 16 13 58 0 40 14 11 42 52 63
41 8 52 21 23 31 0 21 17 26 19 65
27 32 7 7 50 15 40 0 22 51 37 20
51 22 20 10 34 22 9 25 0 21 18 28
68 35 43 43 39 46 20 44 41 0 24 28
23 29 31 20 16 29 25 19 19 26 0 29
0 54 38 43 19 53 72 36 36 36 19 0