2
10
,
0 (30.0, 48.0) 60.0
1 (32.0, 3.0) 48.0
2 (33.0, 14.0) 78.0
3 (1.0, 14.0) 33.0
4 (39.0, 24.0) 47.0
5 (22.0, 45.0) 89.0
6 (34.0, 8.0) 35.0
7 (22.0, 27.0) 42.0
8 (1.0, 47.0) 55.0
9 (4.0, 26.0) 54.0
,
0 28 16 18 7 23 25 17 17 24 13 0
28 0 23 17 22 13 4 20 11 15 17 28
16 23 0 6 16 11 22 3 13 27 18 16
18 17 6 0 16 6 16 3 9 23 16 18
7 22 16 16 0 20 19 17 12 16 6 7
23 13 11 6 20 0 14 8 9 22 18 23
25 4 22 16 19 14 0 19 9 11 13 25
17 20 3 3 17 8 19 0 11 26 17 17
17 11 13 9 12 9 9 11 0 14 9 17
24 15 27 23 16 22 11 26 14 0 11 24
13 17 18 16 6 18 13 17 9 11 0 13
0 28 16 18 7 23 25 17 17 24 13 0
,
0 59 20 26 16 53 72 27 26 25 18 0
38 0 28 31 38 30 8 56 22 26 33 69
25 63 0 13 27 13 44 6 23 60 20 40
24 49 16 0 35 11 39 4 12 60 35 46
15 31 21 21 0 35 44 47 34 41 15 19
24 38 11 9 24 0 16 16 17 52 38 32
49 10 28 38 47 18 0 29 21 21 35 57
42 42 3 5 30 9 38 0 32 48 19 32
41 25 22 18 29 14 17 33 0 43 27 25
43 15 75 31 41 33 29 46 24 0 20 64
32 39 37 37 14 33 32 23 20 31 0 31
0 63 42 38 14 27 43 27 43 70 27 0