2
10
,
0 (30.0, 48.0) 32.0
1 (32.0, 3.0) 32.0
2 (33.0, 14.0) 68.0
3 (1.0, 14.0) 39.0
4 (39.0, 24.0) 39.0
5 (22.0, 45.0) 35.0
6 (34.0, 8.0) 83.0
7 (22.0, 27.0) 46.0
8 (1.0, 47.0) 36.0
9 (4.0, 26.0) 76.0
,
0 28 16 18 7 23 25 17 17 24 13 0
28 0 23 17 22 13 4 20 11 15 17 28
16 23 0 6 16 11 22 3 13 27 18 16
18 17 6 0 16 6 16 3 9 23 16 18
7 22 16 16 0 20 19 17 12 16 6 7
23 13 11 6 20 0 14 8 9 22 18 23
25 4 22 16 19 14 0 19 9 11 13 25
17 20 3 3 17 8 19 0 11 26 17 17
17 11 13 9 12 9 9 11 0 14 9 17
24 15 27 23 16 22 11 26 14 0 11 24
13 17 18 16 6 18 13 17 9 11 0 13
0 28 16 18 7 23 25 17 17 24 13 0
,
0 35 42 33 15 62 62 48 51 27 18 0
77 0 33 48 56 13 9 23 20 35 31 63
35 66 0 12 45 20 55 5 24 48 31 19
47 39 11 0 20 15 22 9 21 63 47 25
18 51 43 44 0 30 39 29 25 35 17 19
53 14 14 14 26 0 28 13 20 22 35 44
38 9 34 40 23 15 0 43 18 22 26 74
23 44 7 4 23 15 35 0 18 27 26 50
41 13 30 18 17 23 11 19 0 27 11 21
59 37 50 60 41 60 15 41 24 0 27 40
23 48 28 42 9 43 38 50 22 20 0 39
0 60 32 34 12 41 43 36 46 50 23 0