2
10
,
0 (30.0, 48.0) 46.0
1 (32.0, 3.0) 49.0
2 (33.0, 14.0) 87.0
3 (1.0, 14.0) 32.0
4 (39.0, 24.0) 85.0
5 (22.0, 45.0) 63.0
6 (34.0, 8.0) 55.0
7 (22.0, 27.0) 80.0
8 (1.0, 47.0) 64.0
9 (4.0, 26.0) 53.0
,
0 28 16 18 7 23 25 17 17 24 13 0
28 0 23 17 22 13 4 20 11 15 17 28
16 23 0 6 16 11 22 3 13 27 18 16
18 17 6 0 16 6 16 3 9 23 16 18
7 22 16 16 0 20 19 17 12 16 6 7
23 13 11 6 20 0 14 8 9 22 18 23
25 4 22 16 19 14 0 19 9 11 13 25
17 20 3 3 17 8 19 0 11 26 17 17
17 11 13 9 12 9 9 11 0 14 9 17
24 15 27 23 16 22 11 26 14 0 11 24
13 17 18 16 6 18 13 17 9 11 0 13
0 28 16 18 7 23 25 17 17 24 13 0
,
0 67 45 38 13 60 29 39 31 67 20 0
38 0 63 50 50 36 6 26 30 24 38 47
35 57 0 6 47 18 32 4 37 73 46 34
51 37 8 0 28 11 33 4 21 28 25 52
8 64 22 31 0 43 33 29 26 37 19 12
61 18 26 13 53 0 35 25 9 33 41 53
33 11 39 25 34 20 0 53 19 25 33 41
46 40 6 9 27 20 55 0 33 74 46 18
25 30 21 17 26 11 9 23 0 20 15 49
47 18 49 42 45 26 15 64 31 0 15 30
14 42 30 23 9 39 23 33 21 20 0 25
0 75 24 53 9 39 47 28 30 65 18 0