2
10
,
0 (30.0, 48.0) 71.0
1 (32.0, 3.0) 89.0
2 (33.0, 14.0) 82.0
3 (1.0, 14.0) 53.0
4 (39.0, 24.0) 33.0
5 (22.0, 45.0) 30.0
6 (34.0, 8.0) 66.0
7 (22.0, 27.0) 65.0
8 (1.0, 47.0) 44.0
9 (4.0, 26.0) 43.0
,
0 28 16 18 7 23 25 17 17 24 13 0
28 0 23 17 22 13 4 20 11 15 17 28
16 23 0 6 16 11 22 3 13 27 18 16
18 17 6 0 16 6 16 3 9 23 16 18
7 22 16 16 0 20 19 17 12 16 6 7
23 13 11 6 20 0 14 8 9 22 18 23
25 4 22 16 19 14 0 19 9 11 13 25
17 20 3 3 17 8 19 0 11 26 17 17
17 11 13 9 12 9 9 11 0 14 9 17
24 15 27 23 16 22 11 26 14 0 11 24
13 17 18 16 6 18 13 17 9 11 0 13
0 28 16 18 7 23 25 17 17 24 13 0
,
0 31 42 47 18 66 64 36 30 34 14 0
48 0 41 46 26 29 11 38 33 27 40 68
25 42 0 12 22 12 51 3 21 41 41 43
19 50 15 0 42 16 20 7 15 65 29 49
12 58 28 38 0 38 31 26 16 30 9 18
34 28 27 11 56 0 14 18 21 30 19 27
51 11 51 41 19 14 0 46 25 14 14 67
37 50 8 4 22 23 40 0 12 59 43 41
18 33 28 20 24 20 23 18 0 41 11 35
31 41 75 43 30 37 13 68 33 0 14 31
24 26 23 18 10 44 22 48 26 31 0 20
0 57 30 31 19 62 61 36 26 36 17 0