2
10
,
0 (30.0, 48.0) 87.0
1 (32.0, 3.0) 38.0
2 (33.0, 14.0) 86.0
3 (1.0, 14.0) 37.0
4 (39.0, 24.0) 65.0
5 (22.0, 45.0) 54.0
6 (34.0, 8.0) 31.0
7 (22.0, 27.0) 63.0
8 (1.0, 47.0) 51.0
9 (4.0, 26.0) 49.0
,
0 28 16 18 7 23 25 17 17 24 13 0
28 0 23 17 22 13 4 20 11 15 17 28
16 23 0 6 16 11 22 3 13 27 18 16
18 17 6 0 16 6 16 3 9 23 16 18
7 22 16 16 0 20 19 17 12 16 6 7
23 13 11 6 20 0 14 8 9 22 18 23
25 4 22 16 19 14 0 19 9 11 13 25
17 20 3 3 17 8 19 0 11 26 17 17
17 11 13 9 12 9 9 11 0 14 9 17
24 15 27 23 16 22 11 26 14 0 11 24
13 17 18 16 6 18 13 17 9 11 0 13
0 28 16 18 7 23 25 17 17 24 13 0
,
0 67 31 33 14 58 64 46 35 47 13 0
32 0 37 49 50 18 8 57 19 36 35 42
37 65 0 14 31 17 31 3 23 46 48 24
32 23 16 0 29 16 35 4 19 65 45 34
7 29 23 39 0 48 43 22 20 21 14 15
45 29 19 11 22 0 21 16 20 34 50 34
31 11 61 33 30 30 0 42 20 27 15 74
25 28 5 5 28 25 24 0 25 51 38 25
30 16 32 16 23 26 13 33 0 32 21 31
41 43 80 59 45 49 14 37 21 0 27 27
31 43 40 34 16 49 28 19 24 12 0 16
0 70 36 34 8 46 41 30 46 58 32 0