2
10
,
0 (30.0, 48.0) 64.0
1 (32.0, 3.0) 73.0
2 (33.0, 14.0) 58.0
3 (1.0, 14.0) 36.0
4 (39.0, 24.0) 58.0
5 (22.0, 45.0) 78.0
6 (34.0, 8.0) 60.0
7 (22.0, 27.0) 61.0
8 (1.0, 47.0) 36.0
9 (4.0, 26.0) 72.0
,
0 28 16 18 7 23 25 17 17 24 13 0
28 0 23 17 22 13 4 20 11 15 17 28
16 23 0 6 16 11 22 3 13 27 18 16
18 17 6 0 16 6 16 3 9 23 16 18
7 22 16 16 0 20 19 17 12 16 6 7
23 13 11 6 20 0 14 8 9 22 18 23
25 4 22 16 19 14 0 19 9 11 13 25
17 20 3 3 17 8 19 0 11 26 17 17
17 11 13 9 12 9 9 11 0 14 9 17
24 15 27 23 16 22 11 26 14 0 11 24
13 17 18 16 6 18 13 17 9 11 0 13
0 28 16 18 7 23 25 17 17 24 13 0
,
0 67 41 47 10 33 31 35 34 40 25 0
41 0 24 35 49 20 6 28 24 37 23 46
46 48 0 13 30 18 48 8 35 50 51 35
36 47 13 0 35 15 20 8 10 61 33 53
19 60 36 34 0 26 28 35 30 40 14 9
66 35 12 9 24 0 30 17 15 36 19 63
57 7 54 30 19 22 0 26 20 27 36 68
50 32 5 8 49 12 55 0 12 54 30 42
46 32 23 24 13 9 13 30 0 29 14 28
48 27 63 68 46 63 29 57 34 0 18 39
15 43 53 22 17 45 29 24 12 30 0 28
0 69 25 48 20 36 58 26 47 47 37 0