2
10
,
0 (30.0, 48.0) 51.0
1 (32.0, 3.0) 61.0
2 (33.0, 14.0) 72.0
3 (1.0, 14.0) 69.0
4 (39.0, 24.0) 37.0
5 (22.0, 45.0) 76.0
6 (34.0, 8.0) 89.0
7 (22.0, 27.0) 85.0
8 (1.0, 47.0) 39.0
9 (4.0, 26.0) 60.0
,
0 28 16 18 7 23 25 17 17 24 13 0
28 0 23 17 22 13 4 20 11 15 17 28
16 23 0 6 16 11 22 3 13 27 18 16
18 17 6 0 16 6 16 3 9 23 16 18
7 22 16 16 0 20 19 17 12 16 6 7
23 13 11 6 20 0 14 8 9 22 18 23
25 4 22 16 19 14 0 19 9 11 13 25
17 20 3 3 17 8 19 0 11 26 17 17
17 11 13 9 12 9 9 11 0 14 9 17
24 15 27 23 16 22 11 26 14 0 11 24
13 17 18 16 6 18 13 17 9 11 0 13
0 28 16 18 7 23 25 17 17 24 13 0
,
0 70 25 48 8 29 47 35 19 58 18 0
45 0 25 35 36 22 13 56 15 16 39 85
21 29 0 15 31 22 40 7 14 66 25 43
51 40 9 0 32 11 24 8 25 34 21 21
18 26 39 30 0 54 49 46 25 27 11 13
65 15 25 12 30 0 31 15 11 23 28 68
37 6 34 43 22 34 0 51 16 21 17 69
28 57 3 4 50 24 45 0 32 50 45 34
51 22 22 23 20 10 22 24 0 15 23 51
37 24 40 52 20 28 19 47 21 0 20 70
17 45 51 39 10 19 32 39 12 26 0 18
0 69 33 23 18 31 67 28 34 30 35 0