2
10
,
0 (30.0, 48.0) 90.0
1 (32.0, 3.0) 34.0
2 (33.0, 14.0) 34.0
3 (1.0, 14.0) 53.0
4 (39.0, 24.0) 35.0
5 (22.0, 45.0) 52.0
6 (34.0, 8.0) 53.0
7 (22.0, 27.0) 72.0
8 (1.0, 47.0) 70.0
9 (4.0, 26.0) 80.0
,
0 28 16 18 7 23 25 17 17 24 13 0
28 0 23 17 22 13 4 20 11 15 17 28
16 23 0 6 16 11 22 3 13 27 18 16
18 17 6 0 16 6 16 3 9 23 16 18
7 22 16 16 0 20 19 17 12 16 6 7
23 13 11 6 20 0 14 8 9 22 18 23
25 4 22 16 19 14 0 19 9 11 13 25
17 20 3 3 17 8 19 0 11 26 17 17
17 11 13 9 12 9 9 11 0 14 9 17
24 15 27 23 16 22 11 26 14 0 11 24
13 17 18 16 6 18 13 17 9 11 0 13
0 28 16 18 7 23 25 17 17 24 13 0
,
0 51 46 33 19 54 69 24 22 45 21 0
60 0 52 27 53 27 10 24 32 26 38 70
48 44 0 13 47 17 40 3 23 77 36 17
35 40 15 0 18 12 32 7 17 30 39 46
12 67 34 38 0 33 39 44 25 38 12 19
48 32 27 6 39 0 26 13 16 40 32 31
38 10 33 33 51 35 0 31 12 15 28 54
50 26 5 7 17 22 45 0 12 62 20 26
21 25 20 23 23 9 10 26 0 24 25 23
35 27 65 30 21 23 27 37 24 0 26 48
26 41 30 22 18 49 31 51 16 28 0 15
0 68 47 20 8 43 51 48 39 36 14 0