2
10
,
0 (30.0, 48.0) 62.0
1 (32.0, 3.0) 45.0
2 (33.0, 14.0) 42.0
3 (1.0, 14.0) 40.0
4 (39.0, 24.0) 43.0
5 (22.0, 45.0) 37.0
6 (34.0, 8.0) 59.0
7 (22.0, 27.0) 72.0
8 (1.0, 47.0) 52.0
9 (4.0, 26.0) 33.0
,
0 28 16 18 7 23 25 17 17 24 13 0
28 0 23 17 22 13 4 20 11 15 17 28
16 23 0 6 16 11 22 3 13 27 18 16
18 17 6 0 16 6 16 3 9 23 16 18
7 22 16 16 0 20 19 17 12 16 6 7
23 13 11 6 20 0 14 8 9 22 18 23
25 4 22 16 19 14 0 19 9 11 13 25
17 20 3 3 17 8 19 0 11 26 17 17
17 11 13 9 12 9 9 11 0 14 9 17
24 15 27 23 16 22 11 26 14 0 11 24
13 17 18 16 6 18 13 17 9 11 0 13
0 28 16 18 7 23 25 17 17 24 13 0
,
0 36 24 47 10 52 33 30 50 29 26 0
83 0 26 39 55 28 7 30 13 28 28 48
30 38 0 9 24 26 62 5 29 73 51 36
39 38 6 0 24 9 22 6 15 53 36 26
16 54 17 45 0 47 50 40 15 48 14 12
63 24 22 7 40 0 24 22 20 47 27 35
68 12 24 38 41 28 0 35 16 22 32 38
50 31 6 6 29 11 35 0 27 57 49 32
40 12 18 20 18 9 22 12 0 29 17 47
43 23 45 32 31 49 30 34 26 0 20 41
26 36 28 29 12 27 30 29 22 30 0 21
0 29 42 52 8 61 56 29 29 26 20 0