2
10
,
0 (30.0, 48.0) 66.0
1 (32.0, 3.0) 41.0
2 (33.0, 14.0) 58.0
3 (1.0, 14.0) 33.0
4 (39.0, 24.0) 40.0
5 (22.0, 45.0) 87.0
6 (34.0, 8.0) 62.0
7 (22.0, 27.0) 69.0
8 (1.0, 47.0) 47.0
9 (4.0, 26.0) 49.0
,
0 28 16 18 7 23 25 17 17 24 13 0
28 0 23 17 22 13 4 20 11 15 17 28
16 23 0 6 16 11 22 3 13 27 18 16
18 17 6 0 16 6 16 3 9 23 16 18
7 22 16 16 0 20 19 17 12 16 6 7
23 13 11 6 20 0 14 8 9 22 18 23
25 4 22 16 19 14 0 19 9 11 13 25
17 20 3 3 17 8 19 0 11 26 17 17
17 11 13 9 12 9 9 11 0 14 9 17
24 15 27 23 16 22 11 26 14 0 11 24
13 17 18 16 6 18 13 17 9 11 0 13
0 28 16 18 7 23 25 17 17 24 13 0
,
0 44 34 36 12 38 59 51 34 45 34 0
72 0 66 30 61 29 12 41 15 16 26 32
17 27 0 11 29 20 42 4 27 43 38 21
50 20 6 0 32 10 19 8 23 56 23 32
9 31 30 41 0 48 20 18 15 45 12 13
44 21 16 8 32 0 33 20 21 49 37 40
67 10 27 20 39 30 0 24 18 13 18 36
23 57 7 4 22 24 29 0 15 64 50 37
38 13 38 13 20 20 17 13 0 25 16 34
32 16 32 59 45 45 30 59 17 0 26 66
29 27 27 40 10 39 15 33 9 14 0 28
0 33 34 19 19 26 41 47 37 62 15 0