2
10
,
0 (30.0, 48.0) 40.0
1 (32.0, 3.0) 79.0
2 (33.0, 14.0) 65.0
3 (1.0, 14.0) 44.0
4 (39.0, 24.0) 33.0
5 (22.0, 45.0) 66.0
6 (34.0, 8.0) 62.0
7 (22.0, 27.0) 56.0
8 (1.0, 47.0) 35.0
9 (4.0, 26.0) 75.0
,
0 28 16 18 7 23 25 17 17 24 13 0
28 0 23 17 22 13 4 20 11 15 17 28
16 23 0 6 16 11 22 3 13 27 18 16
18 17 6 0 16 6 16 3 9 23 16 18
7 22 16 16 0 20 19 17 12 16 6 7
23 13 11 6 20 0 14 8 9 22 18 23
25 4 22 16 19 14 0 19 9 11 13 25
17 20 3 3 17 8 19 0 11 26 17 17
17 11 13 9 12 9 9 11 0 14 9 17
24 15 27 23 16 22 11 26 14 0 11 24
13 17 18 16 6 18 13 17 9 11 0 13
0 28 16 18 7 23 25 17 17 24 13 0
,
0 29 26 28 9 41 59 23 32 67 24 0
58 0 53 25 25 15 4 21 32 41 31 52
28 31 0 10 44 30 62 8 27 43 21 32
31 41 8 0 47 11 20 5 17 47 20 25
17 38 21 18 0 48 30 50 35 27 18 18
31 29 18 15 31 0 26 22 20 35 43 24
64 7 58 37 24 40 0 21 23 28 30 59
41 59 7 9 23 18 28 0 11 71 32 20
28 21 22 10 16 24 27 21 0 33 22 49
59 18 78 67 29 63 22 66 37 0 21 61
25 29 47 44 10 52 36 42 19 29 0 36
0 43 39 27 13 24 41 36 38 41 34 0