2
10
,
0 (30.0, 48.0) 31.0
1 (32.0, 3.0) 67.0
2 (33.0, 14.0) 31.0
3 (1.0, 14.0) 65.0
4 (39.0, 24.0) 51.0
5 (22.0, 45.0) 88.0
6 (34.0, 8.0) 55.0
7 (22.0, 27.0) 38.0
8 (1.0, 47.0) 84.0
9 (4.0, 26.0) 62.0
,
0 28 16 18 7 23 25 17 17 24 13 0
28 0 23 17 22 13 4 20 11 15 17 28
16 23 0 6 16 11 22 3 13 27 18 16
18 17 6 0 16 6 16 3 9 23 16 18
7 22 16 16 0 20 19 17 12 16 6 7
23 13 11 6 20 0 14 8 9 22 18 23
25 4 22 16 19 14 0 19 9 11 13 25
17 20 3 3 17 8 19 0 11 26 17 17
17 11 13 9 12 9 9 11 0 14 9 17
24 15 27 23 16 22 11 26 14 0 11 24
13 17 18 16 6 18 13 17 9 11 0 13
0 28 16 18 7 23 25 17 17 24 13 0
,
0 45 41 32 18 27 73 25 32 32 38 0
62 0 65 35 26 20 8 29 26 34 22 52
33 36 0 11 49 20 33 3 17 76 42 24
34 26 15 0 28 16 27 8 18 57 28 35
14 30 41 38 0 52 39 28 36 49 10 9
31 13 26 6 20 0 32 22 18 22 44 23
28 6 30 37 50 15 0 50 22 23 22 54
35 23 7 7 42 19 26 0 29 27 39 47
33 25 19 23 31 24 22 32 0 41 10 30
64 33 62 53 35 23 18 61 18 0 27 52
25 30 33 45 17 35 22 20 15 30 0 34
0 35 32 49 18 49 56 47 30 28 26 0