2
10
,
0 (30.0, 48.0) 54.0
1 (32.0, 3.0) 70.0
2 (33.0, 14.0) 37.0
3 (1.0, 14.0) 39.0
4 (39.0, 24.0) 79.0
5 (22.0, 45.0) 38.0
6 (34.0, 8.0) 59.0
7 (22.0, 27.0) 38.0
8 (1.0, 47.0) 62.0
9 (4.0, 26.0) 63.0
,
0 28 16 18 7 23 25 17 17 24 13 0
28 0 23 17 22 13 4 20 11 15 17 28
16 23 0 6 16 11 22 3 13 27 18 16
18 17 6 0 16 6 16 3 9 23 16 18
7 22 16 16 0 20 19 17 12 16 6 7
23 13 11 6 20 0 14 8 9 22 18 23
25 4 22 16 19 14 0 19 9 11 13 25
17 20 3 3 17 8 19 0 11 26 17 17
17 11 13 9 12 9 9 11 0 14 9 17
24 15 27 23 16 22 11 26 14 0 11 24
13 17 18 16 6 18 13 17 9 11 0 13
0 28 16 18 7 23 25 17 17 24 13 0
,
0 31 31 48 9 67 25 40 24 49 32 0
51 0 65 23 25 29 11 48 14 37 23 35
42 47 0 16 42 29 53 3 15 38 53 35
49 48 13 0 24 17 34 5 12 68 18 22
17 29 42 26 0 36 38 43 28 42 8 15
66 17 28 7 31 0 20 22 22 29 47 62
28 6 22 25 43 28 0 37 15 19 29 37
28 36 4 7 35 11 56 0 15 39 21 47
30 28 23 17 15 21 26 33 0 26 27 32
48 29 31 56 38 64 29 60 31 0 14 45
19 28 37 40 13 52 14 21 12 19 0 38
0 43 46 36 11 50 25 27 31 47 31 0