2
10
,
0 (30.0, 48.0) 51.0
1 (32.0, 3.0) 83.0
2 (33.0, 14.0) 69.0
3 (1.0, 14.0) 43.0
4 (39.0, 24.0) 81.0
5 (22.0, 45.0) 71.0
6 (34.0, 8.0) 55.0
7 (22.0, 27.0) 59.0
8 (1.0, 47.0) 86.0
9 (4.0, 26.0) 69.0
,
0 28 16 18 7 23 25 17 17 24 13 0
28 0 23 17 22 13 4 20 11 15 17 28
16 23 0 6 16 11 22 3 13 27 18 16
18 17 6 0 16 6 16 3 9 23 16 18
7 22 16 16 0 20 19 17 12 16 6 7
23 13 11 6 20 0 14 8 9 22 18 23
25 4 22 16 19 14 0 19 9 11 13 25
17 20 3 3 17 8 19 0 11 26 17 17
17 11 13 9 12 9 9 11 0 14 9 17
24 15 27 23 16 22 11 26 14 0 11 24
13 17 18 16 6 18 13 17 9 11 0 13
0 28 16 18 7 23 25 17 17 24 13 0
,
0 71 48 42 12 49 25 38 30 42 25 0
53 0 31 38 63 36 8 24 28 21 42 37
43 47 0 8 33 23 58 5 25 37 45 28
23 19 9 0 18 9 34 8 20 68 47 23
16 32 37 37 0 39 35 33 21 22 12 11
32 15 31 16 20 0 37 22 13 54 43 55
31 10 38 30 45 21 0 43 20 13 30 63
47 28 5 5 40 9 54 0 24 64 44 33
52 24 35 17 22 26 9 17 0 41 20 46
43 43 74 66 48 29 31 73 36 0 12 64
16 18 47 23 8 32 38 20 24 20 0 32
0 73 25 42 11 32 60 32 42 54 30 0