2
10
,
0 (30.0, 48.0) 61.0
1 (32.0, 3.0) 90.0
2 (33.0, 14.0) 60.0
3 (1.0, 14.0) 36.0
4 (39.0, 24.0) 85.0
5 (22.0, 45.0) 49.0
6 (34.0, 8.0) 40.0
7 (22.0, 27.0) 31.0
8 (1.0, 47.0) 81.0
9 (4.0, 26.0) 52.0
,
0 28 16 18 7 23 25 17 17 24 13 0
28 0 23 17 22 13 4 20 11 15 17 28
16 23 0 6 16 11 22 3 13 27 18 16
18 17 6 0 16 6 16 3 9 23 16 18
7 22 16 16 0 20 19 17 12 16 6 7
23 13 11 6 20 0 14 8 9 22 18 23
25 4 22 16 19 14 0 19 9 11 13 25
17 20 3 3 17 8 19 0 11 26 17 17
17 11 13 9 12 9 9 11 0 14 9 17
24 15 27 23 16 22 11 26 14 0 11 24
13 17 18 16 6 18 13 17 9 11 0 13
0 28 16 18 7 23 25 17 17 24 13 0
,
0 46 35 31 10 52 29 24 31 34 34 0
32 0 30 45 48 32 11 35 31 32 39 36
38 23 0 13 34 16 54 5 37 60 46 31
53 27 7 0 35 8 39 7 24 27 20 52
10 50 21 38 0 20 47 47 22 21 12 10
45 15 24 17 47 0 29 20 11 31 32 61
56 12 59 43 23 16 0 27 19 21 28 62
26 59 5 6 20 14 50 0 26 33 46 28
24 20 36 24 35 22 23 18 0 40 25 18
41 32 30 37 18 37 14 32 15 0 19 54
20 40 52 17 11 35 18 40 23 12 0 19
0 74 27 36 11 29 47 44 19 65 22 0