2
10
,
0 (30.0, 48.0) 46.0
1 (32.0, 3.0) 83.0
2 (33.0, 14.0) 90.0
3 (1.0, 14.0) 38.0
4 (39.0, 24.0) 35.0
5 (22.0, 45.0) 32.0
6 (34.0, 8.0) 38.0
7 (22.0, 27.0) 87.0
8 (1.0, 47.0) 50.0
9 (4.0, 26.0) 84.0
,
0 28 16 18 7 23 25 17 17 24 13 0
28 0 23 17 22 13 4 20 11 15 17 28
16 23 0 6 16 11 22 3 13 27 18 16
18 17 6 0 16 6 16 3 9 23 16 18
7 22 16 16 0 20 19 17 12 16 6 7
23 13 11 6 20 0 14 8 9 22 18 23
25 4 22 16 19 14 0 19 9 11 13 25
17 20 3 3 17 8 19 0 11 26 17 17
17 11 13 9 12 9 9 11 0 14 9 17
24 15 27 23 16 22 11 26 14 0 11 24
13 17 18 16 6 18 13 17 9 11 0 13
0 28 16 18 7 23 25 17 17 24 13 0
,
0 35 26 53 10 64 31 27 47 47 35 0
32 0 27 29 49 34 5 30 12 29 39 37
46 23 0 12 25 26 51 3 38 65 32 38
40 46 7 0 36 9 36 6 24 47 28 22
8 33 35 35 0 22 53 24 15 20 14 10
48 17 14 17 28 0 35 23 10 46 39 55
37 6 29 43 31 27 0 42 23 14 33 41
29 30 5 8 40 17 50 0 18 68 35 23
39 14 30 19 33 15 20 29 0 16 22 38
37 22 75 46 48 48 15 57 38 0 15 65
15 32 29 18 10 33 18 31 14 21 0 24
0 39 29 54 11 50 74 44 20 34 16 0