2
10
,
0 (30.0, 48.0) 43.0
1 (32.0, 3.0) 65.0
2 (33.0, 14.0) 56.0
3 (1.0, 14.0) 78.0
4 (39.0, 24.0) 43.0
5 (22.0, 45.0) 34.0
6 (34.0, 8.0) 44.0
7 (22.0, 27.0) 56.0
8 (1.0, 47.0) 82.0
9 (4.0, 26.0) 45.0
,
0 28 16 18 7 23 25 17 17 24 13 0
28 0 23 17 22 13 4 20 11 15 17 28
16 23 0 6 16 11 22 3 13 27 18 16
18 17 6 0 16 6 16 3 9 23 16 18
7 22 16 16 0 20 19 17 12 16 6 7
23 13 11 6 20 0 14 8 9 22 18 23
25 4 22 16 19 14 0 19 9 11 13 25
17 20 3 3 17 8 19 0 11 26 17 17
17 11 13 9 12 9 9 11 0 14 9 17
24 15 27 23 16 22 11 26 14 0 11 24
13 17 18 16 6 18 13 17 9 11 0 13
0 28 16 18 7 23 25 17 17 24 13 0
,
0 47 24 48 13 27 57 52 27 24 29 0
82 0 23 32 33 16 5 28 27 28 48 70
39 50 0 9 47 27 64 6 18 68 39 17
22 45 13 0 20 17 27 8 23 69 17 22
7 61 31 34 0 55 30 24 26 21 17 16
28 15 26 9 42 0 23 18 15 58 44 64
64 7 54 44 25 14 0 34 21 22 37 55
25 53 7 3 40 24 42 0 14 50 42 48
31 13 16 15 26 20 17 25 0 30 9 52
29 24 54 54 23 46 25 33 28 0 30 31
32 29 44 25 6 19 18 19 17 23 0 38
0 31 43 31 11 51 61 36 50 30 14 0