2
10
,
0 (30.0, 48.0) 56.0
1 (32.0, 3.0) 76.0
2 (33.0, 14.0) 56.0
3 (1.0, 14.0) 57.0
4 (39.0, 24.0) 34.0
5 (22.0, 45.0) 69.0
6 (34.0, 8.0) 69.0
7 (22.0, 27.0) 88.0
8 (1.0, 47.0) 57.0
9 (4.0, 26.0) 84.0
,
0 28 16 18 7 23 25 17 17 24 13 0
28 0 23 17 22 13 4 20 11 15 17 28
16 23 0 6 16 11 22 3 13 27 18 16
18 17 6 0 16 6 16 3 9 23 16 18
7 22 16 16 0 20 19 17 12 16 6 7
23 13 11 6 20 0 14 8 9 22 18 23
25 4 22 16 19 14 0 19 9 11 13 25
17 20 3 3 17 8 19 0 11 26 17 17
17 11 13 9 12 9 9 11 0 14 9 17
24 15 27 23 16 22 11 26 14 0 11 24
13 17 18 16 6 18 13 17 9 11 0 13
0 28 16 18 7 23 25 17 17 24 13 0
,
0 72 35 21 9 40 35 24 29 42 38 0
61 0 43 25 61 37 12 39 32 17 47 45
21 48 0 16 25 28 32 4 20 61 46 16
43 23 15 0 45 13 40 8 16 44 35 51
20 31 42 48 0 38 39 32 27 19 12 14
40 37 20 12 33 0 20 11 11 60 18 57
36 12 53 44 30 39 0 39 14 30 31 26
43 50 6 6 17 24 45 0 15 74 28 29
45 31 19 23 34 12 14 27 0 23 13 47
68 28 72 39 28 41 15 69 37 0 19 65
22 29 26 38 17 31 38 45 25 18 0 26
0 72 29 30 15 51 68 27 30 60 33 0