2
10
,
0 (30.0, 48.0) 75.0
1 (32.0, 3.0) 83.0
2 (33.0, 14.0) 40.0
3 (1.0, 14.0) 79.0
4 (39.0, 24.0) 53.0
5 (22.0, 45.0) 83.0
6 (34.0, 8.0) 59.0
7 (22.0, 27.0) 67.0
8 (1.0, 47.0) 74.0
9 (4.0, 26.0) 58.0
,
0 28 16 18 7 23 25 17 17 24 13 0
28 0 23 17 22 13 4 20 11 15 17 28
16 23 0 6 16 11 22 3 13 27 18 16
18 17 6 0 16 6 16 3 9 23 16 18
7 22 16 16 0 20 19 17 12 16 6 7
23 13 11 6 20 0 14 8 9 22 18 23
25 4 22 16 19 14 0 19 9 11 13 25
17 20 3 3 17 8 19 0 11 26 17 17
17 11 13 9 12 9 9 11 0 14 9 17
24 15 27 23 16 22 11 26 14 0 11 24
13 17 18 16 6 18 13 17 9 11 0 13
0 28 16 18 7 23 25 17 17 24 13 0
,
0 81 27 19 17 58 59 40 46 49 32 0
55 0 56 47 50 29 5 30 27 41 18 77
27 47 0 16 40 24 39 4 33 81 40 26
35 20 14 0 35 9 32 5 20 42 38 30
16 58 33 46 0 43 23 38 18 22 10 12
29 20 16 7 34 0 28 23 11 35 51 66
56 5 44 34 53 39 0 34 16 21 34 65
47 36 4 8 42 22 27 0 17 26 51 49
46 32 38 19 15 16 21 12 0 21 18 23
67 28 50 24 45 36 22 70 19 0 26 68
21 32 53 24 9 31 20 24 12 23 0 21
0 37 20 52 8 51 51 46 32 25 23 0