2
10
,
0 (30.0, 48.0) 51.0
1 (32.0, 3.0) 55.0
2 (33.0, 14.0) 87.0
3 (1.0, 14.0) 67.0
4 (39.0, 24.0) 37.0
5 (22.0, 45.0) 71.0
6 (34.0, 8.0) 72.0
7 (22.0, 27.0) 51.0
8 (1.0, 47.0) 36.0
9 (4.0, 26.0) 45.0
,
0 28 16 18 7 23 25 17 17 24 13 0
28 0 23 17 22 13 4 20 11 15 17 28
16 23 0 6 16 11 22 3 13 27 18 16
18 17 6 0 16 6 16 3 9 23 16 18
7 22 16 16 0 20 19 17 12 16 6 7
23 13 11 6 20 0 14 8 9 22 18 23
25 4 22 16 19 14 0 19 9 11 13 25
17 20 3 3 17 8 19 0 11 26 17 17
17 11 13 9 12 9 9 11 0 14 9 17
24 15 27 23 16 22 11 26 14 0 11 24
13 17 18 16 6 18 13 17 9 11 0 13
0 28 16 18 7 23 25 17 17 24 13 0
,
0 45 46 39 8 24 44 40 30 68 16 0
63 0 50 49 64 34 9 50 23 20 47 61
16 41 0 6 35 11 27 8 29 49 40 34
24 45 8 0 40 12 38 4 14 58 33 19
8 65 44 38 0 44 38 27 21 48 17 17
33 25 18 9 30 0 36 9 13 49 46 28
53 8 52 36 50 35 0 51 21 27 33 75
29 55 7 4 37 21 38 0 24 36 47 18
41 19 23 16 27 17 20 16 0 41 25 26
57 43 52 37 35 61 16 61 41 0 28 66
15 48 20 21 17 30 23 42 17 15 0 23
0 60 45 29 21 31 48 38 23 50 25 0