2
10
,
0 (30.0, 48.0) 53.0
1 (32.0, 3.0) 46.0
2 (33.0, 14.0) 70.0
3 (1.0, 14.0) 40.0
4 (39.0, 24.0) 62.0
5 (22.0, 45.0) 36.0
6 (34.0, 8.0) 66.0
7 (22.0, 27.0) 89.0
8 (1.0, 47.0) 89.0
9 (4.0, 26.0) 34.0
,
0 28 16 18 7 23 25 17 17 24 13 0
28 0 23 17 22 13 4 20 11 15 17 28
16 23 0 6 16 11 22 3 13 27 18 16
18 17 6 0 16 6 16 3 9 23 16 18
7 22 16 16 0 20 19 17 12 16 6 7
23 13 11 6 20 0 14 8 9 22 18 23
25 4 22 16 19 14 0 19 9 11 13 25
17 20 3 3 17 8 19 0 11 26 17 17
17 11 13 9 12 9 9 11 0 14 9 17
24 15 27 23 16 22 11 26 14 0 11 24
13 17 18 16 6 18 13 17 9 11 0 13
0 28 16 18 7 23 25 17 17 24 13 0
,
0 61 37 51 10 68 48 26 51 49 26 0
30 0 51 17 66 32 7 23 22 42 35 58
34 59 0 10 49 12 51 6 22 37 52 39
33 30 7 0 23 14 28 7 20 45 42 28
8 42 42 45 0 29 38 33 22 46 16 7
29 31 26 6 21 0 19 16 21 31 44 23
54 8 57 39 50 31 0 55 12 26 31 39
30 54 6 6 34 20 55 0 28 44 22 35
24 26 17 16 14 20 18 12 0 31 15 46
50 34 63 23 45 51 16 59 25 0 13 65
30 48 28 19 8 20 25 37 15 31 0 25
0 68 17 51 12 45 25 32 30 44 35 0