2
10
,
0 (23.0, 32.0) 66.0
1 (19.0, 44.0) 47.0
2 (0.0, 25.0) 64.0
3 (3.0, 27.0) 75.0
4 (14.0, 50.0) 62.0
5 (12.0, 18.0) 38.0
6 (5.0, 44.0) 34.0
7 (30.0, 33.0) 35.0
8 (39.0, 36.0) 56.0
9 (31.0, 2.0) 71.0
,
0 20 24 12 14 26 11 22 22 27 16 0
20 0 6 12 10 10 9 11 4 8 16 20
24 6 0 13 12 4 13 7 8 11 22 24
12 12 13 0 2 14 7 10 16 20 19 12
14 10 12 2 0 13 6 9 14 19 19 14
26 10 4 14 13 0 16 5 12 14 25 26
11 9 13 7 6 16 0 13 12 16 12 11
22 11 7 10 9 5 13 0 14 17 25 22
22 4 8 16 14 12 12 14 0 5 16 22
27 8 11 20 19 14 16 17 5 0 17 27
16 16 22 19 19 25 12 25 16 17 0 16
0 20 24 12 14 26 11 22 22 27 16 0
,
0 34 45 37 22 67 25 60 45 69 38 0
20 0 19 18 25 26 11 28 10 21 21 25
36 16 0 26 22 9 34 13 12 15 61 38
14 13 20 0 4 39 9 13 45 27 53 29
30 28 33 5 0 37 17 20 39 33 24 30
29 21 10 28 32 0 29 9 27 35 73 38
18 16 28 13 10 32 0 24 22 17 27 24
54 12 7 19 13 12 40 0 21 41 65 31
56 8 18 25 37 30 24 15 0 7 28 45
57 9 16 33 48 31 24 40 13 0 47 64
37 28 29 30 33 52 16 58 42 45 0 18
0 22 53 19 16 45 16 58 42 71 29 0