2
10
,
0 (23.0, 32.0) 51.0
1 (19.0, 44.0) 48.0
2 (0.0, 25.0) 42.0
3 (3.0, 27.0) 56.0
4 (14.0, 50.0) 61.0
5 (12.0, 18.0) 82.0
6 (5.0, 44.0) 80.0
7 (30.0, 33.0) 37.0
8 (39.0, 36.0) 67.0
9 (31.0, 2.0) 58.0
,
0 20 24 12 14 26 11 22 22 27 16 0
20 0 6 12 10 10 9 11 4 8 16 20
24 6 0 13 12 4 13 7 8 11 22 24
12 12 13 0 2 14 7 10 16 20 19 12
14 10 12 2 0 13 6 9 14 19 19 14
26 10 4 14 13 0 16 5 12 14 25 26
11 9 13 7 6 16 0 13 12 16 12 11
22 11 7 10 9 5 13 0 14 17 25 22
22 4 8 16 14 12 12 14 0 5 16 22
27 8 11 20 19 14 16 17 5 0 17 27
16 16 22 19 19 25 12 25 16 17 0 16
0 20 24 12 14 26 11 22 22 27 16 0
,
0 36 61 14 16 28 15 40 24 80 24 0
29 0 7 23 26 19 21 28 5 14 22 26
25 12 0 28 34 7 25 10 10 23 57 67
32 32 22 0 2 37 12 19 34 34 24 16
16 19 20 4 0 29 18 20 35 22 38 28
49 13 10 16 38 0 46 6 13 21 39 75
22 19 18 12 18 27 0 18 16 34 24 14
66 13 17 19 11 10 19 0 30 37 46 55
61 9 8 44 30 15 22 17 0 6 29 25
62 8 25 43 32 18 30 28 10 0 50 59
38 37 44 22 53 48 34 71 41 47 0 31
0 58 25 36 19 71 15 23 58 63 24 0