2
10
,
0 (23.0, 32.0) 31.0
1 (19.0, 44.0) 57.0
2 (0.0, 25.0) 52.0
3 (3.0, 27.0) 34.0
4 (14.0, 50.0) 33.0
5 (12.0, 18.0) 43.0
6 (5.0, 44.0) 54.0
7 (30.0, 33.0) 35.0
8 (39.0, 36.0) 61.0
9 (31.0, 2.0) 76.0
,
0 20 24 12 14 26 11 22 22 27 16 0
20 0 6 12 10 10 9 11 4 8 16 20
24 6 0 13 12 4 13 7 8 11 22 24
12 12 13 0 2 14 7 10 16 20 19 12
14 10 12 2 0 13 6 9 14 19 19 14
26 10 4 14 13 0 16 5 12 14 25 26
11 9 13 7 6 16 0 13 12 16 12 11
22 11 7 10 9 5 13 0 14 17 25 22
22 4 8 16 14 12 12 14 0 5 16 22
27 8 11 20 19 14 16 17 5 0 17 27
16 16 22 19 19 25 12 25 16 17 0 16
0 20 24 12 14 26 11 22 22 27 16 0
,
0 57 61 29 15 77 20 50 50 66 45 0
47 0 12 15 19 18 21 26 5 9 28 31
55 12 0 38 20 7 20 16 17 16 64 48
18 35 23 0 4 31 11 27 26 21 48 37
40 13 17 4 0 35 13 25 39 34 28 14
62 22 10 24 14 0 18 8 14 32 38 76
28 21 29 10 14 45 0 28 16 38 21 32
23 31 14 22 20 5 16 0 30 32 31 60
36 6 17 40 25 28 15 38 0 6 37 29
52 22 25 45 38 27 45 40 12 0 48 64
46 37 44 41 30 43 21 36 45 32 0 34
0 59 35 32 32 76 13 39 46 62 43 0