2
10
,
0 (23.0, 32.0) 69.0
1 (19.0, 44.0) 46.0
2 (0.0, 25.0) 45.0
3 (3.0, 27.0) 43.0
4 (14.0, 50.0) 67.0
5 (12.0, 18.0) 75.0
6 (5.0, 44.0) 44.0
7 (30.0, 33.0) 36.0
8 (39.0, 36.0) 89.0
9 (31.0, 2.0) 35.0
,
0 20 24 12 14 26 11 22 22 27 16 0
20 0 6 12 10 10 9 11 4 8 16 20
24 6 0 13 12 4 13 7 8 11 22 24
12 12 13 0 2 14 7 10 16 20 19 12
14 10 12 2 0 13 6 9 14 19 19 14
26 10 4 14 13 0 16 5 12 14 25 26
11 9 13 7 6 16 0 13 12 16 12 11
22 11 7 10 9 5 13 0 14 17 25 22
22 4 8 16 14 12 12 14 0 5 16 22
27 8 11 20 19 14 16 17 5 0 17 27
16 16 22 19 19 25 12 25 16 17 0 16
0 20 24 12 14 26 11 22 22 27 16 0
,
0 24 34 16 41 72 24 31 32 59 44 0
37 0 13 26 26 16 10 27 5 10 24 55
51 10 0 33 21 6 22 14 19 26 24 52
20 25 30 0 2 36 19 22 34 29 55 15
36 22 34 2 0 20 6 16 35 41 53 32
68 26 11 31 35 0 19 12 19 26 63 70
22 18 27 7 6 43 0 26 31 46 36 24
22 32 19 12 12 8 25 0 33 30 59 61
28 7 14 33 20 34 34 32 0 5 33 25
57 22 11 49 21 36 47 33 12 0 47 75
40 30 33 50 40 31 20 32 44 47 0 32
0 20 61 13 20 43 19 29 42 27 37 0