2
10
,
0 (23.0, 32.0) 36.0
1 (19.0, 44.0) 42.0
2 (0.0, 25.0) 39.0
3 (3.0, 27.0) 49.0
4 (14.0, 50.0) 32.0
5 (12.0, 18.0) 47.0
6 (5.0, 44.0) 52.0
7 (30.0, 33.0) 51.0
8 (39.0, 36.0) 50.0
9 (31.0, 2.0) 34.0
,
0 20 24 12 14 26 11 22 22 27 16 0
20 0 6 12 10 10 9 11 4 8 16 20
24 6 0 13 12 4 13 7 8 11 22 24
12 12 13 0 2 14 7 10 16 20 19 12
14 10 12 2 0 13 6 9 14 19 19 14
26 10 4 14 13 0 16 5 12 14 25 26
11 9 13 7 6 16 0 13 12 16 12 11
22 11 7 10 9 5 13 0 14 17 25 22
22 4 8 16 14 12 12 14 0 5 16 22
27 8 11 20 19 14 16 17 5 0 17 27
16 16 22 19 19 25 12 25 16 17 0 16
0 20 24 12 14 26 11 22 22 27 16 0
,
0 57 36 16 22 38 28 47 45 68 22 0
50 0 16 22 19 16 26 25 9 21 29 57
66 17 0 15 23 10 36 8 15 26 48 30
14 24 22 0 5 27 15 15 43 51 25 33
22 24 16 4 0 26 8 23 30 39 50 14
30 27 10 35 27 0 43 12 21 27 26 55
30 9 27 12 13 26 0 21 23 25 27 21
26 24 8 14 20 14 40 0 27 50 30 46
54 10 21 36 18 32 17 33 0 12 27 26
62 20 30 36 28 28 27 38 13 0 46 51
28 18 48 23 38 36 25 31 32 26 0 46
0 21 69 33 21 62 15 60 27 72 32 0