2
10
,
0 (23.0, 32.0) 57.0
1 (19.0, 44.0) 81.0
2 (0.0, 25.0) 56.0
3 (3.0, 27.0) 40.0
4 (14.0, 50.0) 32.0
5 (12.0, 18.0) 56.0
6 (5.0, 44.0) 65.0
7 (30.0, 33.0) 36.0
8 (39.0, 36.0) 34.0
9 (31.0, 2.0) 84.0
,
0 20 24 12 14 26 11 22 22 27 16 0
20 0 6 12 10 10 9 11 4 8 16 20
24 6 0 13 12 4 13 7 8 11 22 24
12 12 13 0 2 14 7 10 16 20 19 12
14 10 12 2 0 13 6 9 14 19 19 14
26 10 4 14 13 0 16 5 12 14 25 26
11 9 13 7 6 16 0 13 12 16 12 11
22 11 7 10 9 5 13 0 14 17 25 22
22 4 8 16 14 12 12 14 0 5 16 22
27 8 11 20 19 14 16 17 5 0 17 27
16 16 22 19 19 25 12 25 16 17 0 16
0 20 24 12 14 26 11 22 22 27 16 0
,
0 58 33 23 22 58 20 55 47 27 26 0
51 0 10 28 30 24 16 12 4 21 21 36
26 14 0 26 32 8 24 8 11 18 30 25
24 34 38 0 3 24 16 26 30 34 47 22
33 17 28 2 0 15 18 22 37 22 25 41
59 17 6 25 23 0 18 13 29 34 60 64
21 21 29 20 18 35 0 33 33 48 18 32
33 13 9 13 16 10 25 0 14 32 32 38
50 8 19 32 35 27 30 18 0 11 29 59
78 24 15 32 38 40 24 27 14 0 24 39
31 45 32 30 25 58 23 37 36 42 0 42
0 25 67 28 39 27 31 57 29 57 22 0