2
10
,
0 (23.0, 32.0) 45.0
1 (19.0, 44.0) 36.0
2 (0.0, 25.0) 78.0
3 (3.0, 27.0) 54.0
4 (14.0, 50.0) 32.0
5 (12.0, 18.0) 86.0
6 (5.0, 44.0) 55.0
7 (30.0, 33.0) 47.0
8 (39.0, 36.0) 69.0
9 (31.0, 2.0) 75.0
,
0 20 24 12 14 26 11 22 22 27 16 0
20 0 6 12 10 10 9 11 4 8 16 20
24 6 0 13 12 4 13 7 8 11 22 24
12 12 13 0 2 14 7 10 16 20 19 12
14 10 12 2 0 13 6 9 14 19 19 14
26 10 4 14 13 0 16 5 12 14 25 26
11 9 13 7 6 16 0 13 12 16 12 11
22 11 7 10 9 5 13 0 14 17 25 22
22 4 8 16 14 12 12 14 0 5 16 22
27 8 11 20 19 14 16 17 5 0 17 27
16 16 22 19 19 25 12 25 16 17 0 16
0 20 24 12 14 26 11 22 22 27 16 0
,
0 35 72 30 23 58 22 64 24 64 34 0
35 0 9 21 21 19 21 25 9 13 43 26
39 12 0 18 12 8 29 14 11 29 53 59
28 16 22 0 4 39 15 12 40 25 32 28
32 19 12 4 0 28 7 19 39 42 52 29
32 20 9 41 24 0 26 16 16 43 69 62
21 11 36 17 15 29 0 33 23 17 30 22
36 26 16 18 16 10 17 0 22 26 65 56
50 8 11 45 14 20 17 35 0 11 30 45
36 18 11 58 41 36 43 38 10 0 32 41
35 17 56 30 46 66 26 62 30 27 0 43
0 27 54 31 23 76 25 31 60 38 43 0