2
10
,
0 (23.0, 32.0) 80.0
1 (19.0, 44.0) 87.0
2 (0.0, 25.0) 47.0
3 (3.0, 27.0) 72.0
4 (14.0, 50.0) 33.0
5 (12.0, 18.0) 33.0
6 (5.0, 44.0) 38.0
7 (30.0, 33.0) 32.0
8 (39.0, 36.0) 66.0
9 (31.0, 2.0) 66.0
,
0 20 24 12 14 26 11 22 22 27 16 0
20 0 6 12 10 10 9 11 4 8 16 20
24 6 0 13 12 4 13 7 8 11 22 24
12 12 13 0 2 14 7 10 16 20 19 12
14 10 12 2 0 13 6 9 14 19 19 14
26 10 4 14 13 0 16 5 12 14 25 26
11 9 13 7 6 16 0 13 12 16 12 11
22 11 7 10 9 5 13 0 14 17 25 22
22 4 8 16 14 12 12 14 0 5 16 22
27 8 11 20 19 14 16 17 5 0 17 27
16 16 22 19 19 25 12 25 16 17 0 16
0 20 24 12 14 26 11 22 22 27 16 0
,
0 57 65 16 39 31 29 48 40 77 16 0
37 0 17 32 24 19 16 18 7 13 29 27
68 7 0 37 24 10 28 18 12 25 22 63
13 23 19 0 5 42 11 12 28 34 46 32
37 12 29 5 0 26 13 14 17 24 32 37
50 14 6 34 29 0 48 7 15 16 43 65
16 12 38 12 16 18 0 17 29 47 23 13
28 12 13 14 20 10 29 0 39 19 60 66
65 8 11 22 39 17 32 34 0 7 41 38
44 23 30 23 42 32 33 30 8 0 52 52
43 36 41 32 55 75 27 44 18 37 0 29
0 38 66 18 33 40 31 38 45 41 37 0