2
10
,
0 (23.0, 32.0) 39.0
1 (19.0, 44.0) 56.0
2 (0.0, 25.0) 36.0
3 (3.0, 27.0) 71.0
4 (14.0, 50.0) 42.0
5 (12.0, 18.0) 86.0
6 (5.0, 44.0) 39.0
7 (30.0, 33.0) 34.0
8 (39.0, 36.0) 74.0
9 (31.0, 2.0) 54.0
,
0 20 24 12 14 26 11 22 22 27 16 0
20 0 6 12 10 10 9 11 4 8 16 20
24 6 0 13 12 4 13 7 8 11 22 24
12 12 13 0 2 14 7 10 16 20 19 12
14 10 12 2 0 13 6 9 14 19 19 14
26 10 4 14 13 0 16 5 12 14 25 26
11 9 13 7 6 16 0 13 12 16 12 11
22 11 7 10 9 5 13 0 14 17 25 22
22 4 8 16 14 12 12 14 0 5 16 22
27 8 11 20 19 14 16 17 5 0 17 27
16 16 22 19 19 25 12 25 16 17 0 16
0 20 24 12 14 26 11 22 22 27 16 0
,
0 54 42 16 33 36 21 56 56 42 28 0
51 0 15 18 23 26 14 31 10 11 20 33
41 12 0 15 26 6 36 16 15 22 44 63
20 18 39 0 4 29 8 23 19 45 40 34
22 27 22 4 0 37 14 22 27 33 54 27
67 26 8 23 27 0 38 14 29 42 55 48
32 16 16 8 13 36 0 31 30 33 21 16
56 24 9 10 22 8 36 0 30 27 57 66
66 4 12 20 27 24 16 39 0 5 45 38
68 18 23 48 55 29 46 39 9 0 41 73
43 26 32 45 50 58 16 25 24 19 0 30
0 24 50 30 25 48 21 66 47 75 46 0