2
10
,
0 (23.0, 32.0) 69.0
1 (19.0, 44.0) 50.0
2 (0.0, 25.0) 44.0
3 (3.0, 27.0) 46.0
4 (14.0, 50.0) 45.0
5 (12.0, 18.0) 83.0
6 (5.0, 44.0) 32.0
7 (30.0, 33.0) 80.0
8 (39.0, 36.0) 31.0
9 (31.0, 2.0) 41.0
,
0 20 24 12 14 26 11 22 22 27 16 0
20 0 6 12 10 10 9 11 4 8 16 20
24 6 0 13 12 4 13 7 8 11 22 24
12 12 13 0 2 14 7 10 16 20 19 12
14 10 12 2 0 13 6 9 14 19 19 14
26 10 4 14 13 0 16 5 12 14 25 26
11 9 13 7 6 16 0 13 12 16 12 11
22 11 7 10 9 5 13 0 14 17 25 22
22 4 8 16 14 12 12 14 0 5 16 22
27 8 11 20 19 14 16 17 5 0 17 27
16 16 22 19 19 25 12 25 16 17 0 16
0 20 24 12 14 26 11 22 22 27 16 0
,
0 29 25 14 33 72 15 22 38 48 41 0
46 0 15 33 26 27 24 23 9 20 21 29
51 8 0 38 29 9 32 9 21 31 62 25
24 25 30 0 2 24 12 21 25 22 46 15
35 12 30 2 0 37 8 14 31 32 36 37
38 13 9 24 33 0 24 11 15 15 74 47
21 15 22 14 12 36 0 24 16 21 26 24
38 13 7 11 18 7 16 0 27 39 65 45
24 10 21 21 23 24 16 40 0 8 41 41
55 18 12 55 29 23 40 33 8 0 37 27
25 33 43 26 30 70 36 56 33 50 0 31
0 44 57 17 15 51 21 65 33 78 46 0