2
10
,
0 (23.0, 32.0) 78.0
1 (19.0, 44.0) 45.0
2 (0.0, 25.0) 51.0
3 (3.0, 27.0) 35.0
4 (14.0, 50.0) 36.0
5 (12.0, 18.0) 33.0
6 (5.0, 44.0) 32.0
7 (30.0, 33.0) 32.0
8 (39.0, 36.0) 40.0
9 (31.0, 2.0) 82.0
,
0 20 24 12 14 26 11 22 22 27 16 0
20 0 6 12 10 10 9 11 4 8 16 20
24 6 0 13 12 4 13 7 8 11 22 24
12 12 13 0 2 14 7 10 16 20 19 12
14 10 12 2 0 13 6 9 14 19 19 14
26 10 4 14 13 0 16 5 12 14 25 26
11 9 13 7 6 16 0 13 12 16 12 11
22 11 7 10 9 5 13 0 14 17 25 22
22 4 8 16 14 12 12 14 0 5 16 22
27 8 11 20 19 14 16 17 5 0 17 27
16 16 22 19 19 25 12 25 16 17 0 16
0 20 24 12 14 26 11 22 22 27 16 0
,
0 21 41 33 24 76 25 49 32 70 32 0
26 0 16 22 11 30 21 15 7 12 20 55
34 14 0 32 32 8 38 14 14 27 30 48
30 33 39 0 5 19 10 28 37 47 33 22
23 19 20 4 0 37 12 13 24 28 49 30
28 22 11 18 19 0 48 9 27 18 64 51
17 11 30 13 14 29 0 29 23 44 19 17
41 28 18 16 10 15 22 0 18 21 41 65
28 11 13 30 15 28 24 20 0 10 37 38
61 9 15 60 52 27 25 23 5 0 45 67
22 18 42 55 42 70 16 39 46 20 0 35
0 21 41 24 24 55 29 59 32 65 17 0