2
10
,
0 (23.0, 32.0) 43.0
1 (19.0, 44.0) 60.0
2 (0.0, 25.0) 52.0
3 (3.0, 27.0) 50.0
4 (14.0, 50.0) 65.0
5 (12.0, 18.0) 86.0
6 (5.0, 44.0) 36.0
7 (30.0, 33.0) 83.0
8 (39.0, 36.0) 57.0
9 (31.0, 2.0) 68.0
,
0 20 24 12 14 26 11 22 22 27 16 0
20 0 6 12 10 10 9 11 4 8 16 20
24 6 0 13 12 4 13 7 8 11 22 24
12 12 13 0 2 14 7 10 16 20 19 12
14 10 12 2 0 13 6 9 14 19 19 14
26 10 4 14 13 0 16 5 12 14 25 26
11 9 13 7 6 16 0 13 12 16 12 11
22 11 7 10 9 5 13 0 14 17 25 22
22 4 8 16 14 12 12 14 0 5 16 22
27 8 11 20 19 14 16 17 5 0 17 27
16 16 22 19 19 25 12 25 16 17 0 16
0 20 24 12 14 26 11 22 22 27 16 0
,
0 52 50 16 39 26 25 60 58 57 35 0
21 0 18 33 26 28 20 31 4 19 20 41
60 16 0 26 15 7 17 19 16 25 60 57
33 26 18 0 4 15 21 20 43 29 54 28
15 13 21 4 0 20 18 19 20 21 24 38
32 29 9 18 32 0 27 7 33 31 43 62
23 9 39 18 12 46 0 32 20 17 16 12
46 30 9 24 16 6 30 0 19 28 27 54
51 5 16 23 37 34 14 39 0 9 29 33
61 22 19 57 53 17 35 32 8 0 52 47
28 26 28 43 50 36 26 53 37 32 0 30
0 40 40 23 33 59 18 47 26 38 31 0