2
10
,
0 (23.0, 32.0) 73.0
1 (19.0, 44.0) 89.0
2 (0.0, 25.0) 66.0
3 (3.0, 27.0) 90.0
4 (14.0, 50.0) 86.0
5 (12.0, 18.0) 35.0
6 (5.0, 44.0) 35.0
7 (30.0, 33.0) 43.0
8 (39.0, 36.0) 42.0
9 (31.0, 2.0) 64.0
,
0 20 24 12 14 26 11 22 22 27 16 0
20 0 6 12 10 10 9 11 4 8 16 20
24 6 0 13 12 4 13 7 8 11 22 24
12 12 13 0 2 14 7 10 16 20 19 12
14 10 12 2 0 13 6 9 14 19 19 14
26 10 4 14 13 0 16 5 12 14 25 26
11 9 13 7 6 16 0 13 12 16 12 11
22 11 7 10 9 5 13 0 14 17 25 22
22 4 8 16 14 12 12 14 0 5 16 22
27 8 11 20 19 14 16 17 5 0 17 27
16 16 22 19 19 25 12 25 16 17 0 16
0 20 24 12 14 26 11 22 22 27 16 0
,
0 57 52 27 40 68 28 64 63 54 32 0
45 0 7 22 24 13 23 26 10 19 36 30
27 14 0 18 26 8 39 18 21 13 54 53
27 15 30 0 3 26 9 17 22 35 53 19
25 28 18 2 0 32 13 9 21 29 55 35
77 25 10 39 14 0 36 8 21 26 31 73
24 20 33 13 11 46 0 40 21 35 21 31
27 21 15 13 19 8 40 0 29 46 59 28
33 6 16 43 25 32 17 26 0 14 34 58
43 13 21 46 53 38 48 23 9 0 33 38
43 22 36 42 40 58 17 54 38 23 0 24
0 57 45 30 33 41 14 57 30 68 24 0