2
10
,
0 (23.0, 32.0) 40.0
1 (19.0, 44.0) 74.0
2 (0.0, 25.0) 89.0
3 (3.0, 27.0) 44.0
4 (14.0, 50.0) 34.0
5 (12.0, 18.0) 31.0
6 (5.0, 44.0) 39.0
7 (30.0, 33.0) 88.0
8 (39.0, 36.0) 43.0
9 (31.0, 2.0) 53.0
,
0 20 24 12 14 26 11 22 22 27 16 0
20 0 6 12 10 10 9 11 4 8 16 20
24 6 0 13 12 4 13 7 8 11 22 24
12 12 13 0 2 14 7 10 16 20 19 12
14 10 12 2 0 13 6 9 14 19 19 14
26 10 4 14 13 0 16 5 12 14 25 26
11 9 13 7 6 16 0 13 12 16 12 11
22 11 7 10 9 5 13 0 14 17 25 22
22 4 8 16 14 12 12 14 0 5 16 22
27 8 11 20 19 14 16 17 5 0 17 27
16 16 22 19 19 25 12 25 16 17 0 16
0 20 24 12 14 26 11 22 22 27 16 0
,
0 43 37 31 22 46 30 24 51 39 18 0
20 0 12 16 21 21 17 29 5 23 26 42
59 17 0 34 18 7 38 14 19 20 24 33
30 20 39 0 2 19 16 25 31 26 48 32
20 11 26 3 0 32 12 24 35 33 26 27
63 26 8 32 14 0 34 16 23 25 37 71
28 11 30 17 17 42 0 34 31 37 26 26
41 19 11 20 23 13 37 0 26 26 47 43
50 6 23 45 25 16 33 23 0 6 45 66
35 13 17 49 27 43 18 26 7 0 25 73
43 46 56 33 44 30 29 52 30 21 0 18
0 25 60 22 35 75 27 57 60 57 36 0