2
10
,
0 (23.0, 32.0) 73.0
1 (19.0, 44.0) 48.0
2 (0.0, 25.0) 38.0
3 (3.0, 27.0) 44.0
4 (14.0, 50.0) 46.0
5 (12.0, 18.0) 70.0
6 (5.0, 44.0) 42.0
7 (30.0, 33.0) 42.0
8 (39.0, 36.0) 86.0
9 (31.0, 2.0) 68.0
,
0 20 24 12 14 26 11 22 22 27 16 0
20 0 6 12 10 10 9 11 4 8 16 20
24 6 0 13 12 4 13 7 8 11 22 24
12 12 13 0 2 14 7 10 16 20 19 12
14 10 12 2 0 13 6 9 14 19 19 14
26 10 4 14 13 0 16 5 12 14 25 26
11 9 13 7 6 16 0 13 12 16 12 11
22 11 7 10 9 5 13 0 14 17 25 22
22 4 8 16 14 12 12 14 0 5 16 22
27 8 11 20 19 14 16 17 5 0 17 27
16 16 22 19 19 25 12 25 16 17 0 16
0 20 24 12 14 26 11 22 22 27 16 0
,
0 36 41 28 28 60 16 38 26 62 46 0
35 0 12 34 31 25 12 11 9 23 24 24
41 15 0 33 15 5 16 12 17 24 30 71
31 21 16 0 4 39 12 15 34 52 25 15
36 20 17 5 0 38 8 17 35 20 46 22
76 25 8 17 17 0 48 6 33 35 34 53
25 22 36 8 17 36 0 27 18 37 34 14
31 18 9 27 12 16 37 0 15 43 51 59
54 5 15 18 24 30 35 24 0 12 29 43
61 15 31 23 23 28 20 24 7 0 37 67
40 23 46 49 34 60 37 44 28 46 0 37
0 51 38 30 24 30 20 45 57 42 44 0