2
10
,
0 (23.0, 32.0) 74.0
1 (19.0, 44.0) 53.0
2 (0.0, 25.0) 45.0
3 (3.0, 27.0) 71.0
4 (14.0, 50.0) 74.0
5 (12.0, 18.0) 36.0
6 (5.0, 44.0) 30.0
7 (30.0, 33.0) 49.0
8 (39.0, 36.0) 52.0
9 (31.0, 2.0) 84.0
,
0 20 24 12 14 26 11 22 22 27 16 0
20 0 6 12 10 10 9 11 4 8 16 20
24 6 0 13 12 4 13 7 8 11 22 24
12 12 13 0 2 14 7 10 16 20 19 12
14 10 12 2 0 13 6 9 14 19 19 14
26 10 4 14 13 0 16 5 12 14 25 26
11 9 13 7 6 16 0 13 12 16 12 11
22 11 7 10 9 5 13 0 14 17 25 22
22 4 8 16 14 12 12 14 0 5 16 22
27 8 11 20 19 14 16 17 5 0 17 27
16 16 22 19 19 25 12 25 16 17 0 16
0 20 24 12 14 26 11 22 22 27 16 0
,
0 39 65 24 18 54 23 49 26 41 33 0
51 0 10 25 26 18 19 24 9 23 17 27
58 10 0 26 18 7 29 10 17 25 33 54
27 16 28 0 4 40 7 24 33 26 20 13
35 11 16 4 0 17 17 10 37 45 32 34
32 22 7 40 36 0 23 10 27 15 75 62
28 18 27 10 15 46 0 15 18 37 30 32
47 16 16 28 17 14 15 0 37 40 68 64
24 8 16 20 33 21 14 26 0 8 43 56
61 11 20 55 24 28 47 19 7 0 28 73
16 16 54 54 34 29 14 70 20 43 0 39
0 29 45 23 37 56 18 46 46 64 40 0