2
10
,
0 (23.0, 32.0) 44.0
1 (19.0, 44.0) 49.0
2 (0.0, 25.0) 60.0
3 (3.0, 27.0) 75.0
4 (14.0, 50.0) 36.0
5 (12.0, 18.0) 48.0
6 (5.0, 44.0) 65.0
7 (30.0, 33.0) 44.0
8 (39.0, 36.0) 33.0
9 (31.0, 2.0) 82.0
,
0 20 24 12 14 26 11 22 22 27 16 0
20 0 6 12 10 10 9 11 4 8 16 20
24 6 0 13 12 4 13 7 8 11 22 24
12 12 13 0 2 14 7 10 16 20 19 12
14 10 12 2 0 13 6 9 14 19 19 14
26 10 4 14 13 0 16 5 12 14 25 26
11 9 13 7 6 16 0 13 12 16 12 11
22 11 7 10 9 5 13 0 14 17 25 22
22 4 8 16 14 12 12 14 0 5 16 22
27 8 11 20 19 14 16 17 5 0 17 27
16 16 22 19 19 25 12 25 16 17 0 16
0 20 24 12 14 26 11 22 22 27 16 0
,
0 31 39 24 20 63 19 32 33 53 27 0
21 0 11 16 15 19 24 26 6 14 39 46
28 10 0 30 25 10 31 20 20 30 45 49
20 26 39 0 3 42 13 23 45 49 31 34
38 26 21 3 0 19 19 24 18 31 55 34
27 19 7 20 32 0 29 6 15 16 72 50
27 13 15 14 11 36 0 27 30 37 23 19
33 21 14 14 12 16 25 0 39 50 58 62
55 9 14 22 20 18 31 15 0 8 34 23
64 22 23 35 27 24 36 31 10 0 18 45
22 32 47 36 53 46 16 57 16 19 0 35
0 38 24 23 18 36 18 27 43 41 37 0