2
10
,
0 (23.0, 32.0) 90.0
1 (19.0, 44.0) 44.0
2 (0.0, 25.0) 40.0
3 (3.0, 27.0) 66.0
4 (14.0, 50.0) 53.0
5 (12.0, 18.0) 41.0
6 (5.0, 44.0) 72.0
7 (30.0, 33.0) 66.0
8 (39.0, 36.0) 69.0
9 (31.0, 2.0) 62.0
,
0 20 24 12 14 26 11 22 22 27 16 0
20 0 6 12 10 10 9 11 4 8 16 20
24 6 0 13 12 4 13 7 8 11 22 24
12 12 13 0 2 14 7 10 16 20 19 12
14 10 12 2 0 13 6 9 14 19 19 14
26 10 4 14 13 0 16 5 12 14 25 26
11 9 13 7 6 16 0 13 12 16 12 11
22 11 7 10 9 5 13 0 14 17 25 22
22 4 8 16 14 12 12 14 0 5 16 22
27 8 11 20 19 14 16 17 5 0 17 27
16 16 22 19 19 25 12 25 16 17 0 16
0 20 24 12 14 26 11 22 22 27 16 0
,
0 41 59 34 24 38 32 52 30 73 34 0
27 0 13 30 27 16 19 15 10 19 27 39
50 7 0 40 28 11 40 8 22 23 31 25
17 33 27 0 3 33 18 18 29 31 34 37
31 12 29 4 0 27 18 25 18 26 52 30
49 17 10 38 29 0 35 10 28 34 72 65
11 22 38 18 6 34 0 18 17 41 21 31
50 23 10 11 25 8 34 0 32 40 28 65
51 7 9 43 20 20 19 28 0 10 37 31
53 12 24 24 28 29 31 51 11 0 42 44
18 34 32 39 39 47 24 40 30 52 0 19
0 41 56 27 24 60 18 53 66 33 18 0