2
10
,
0 (23.0, 32.0) 50.0
1 (19.0, 44.0) 72.0
2 (0.0, 25.0) 41.0
3 (3.0, 27.0) 81.0
4 (14.0, 50.0) 77.0
5 (12.0, 18.0) 70.0
6 (5.0, 44.0) 38.0
7 (30.0, 33.0) 72.0
8 (39.0, 36.0) 47.0
9 (31.0, 2.0) 44.0
,
0 20 24 12 14 26 11 22 22 27 16 0
20 0 6 12 10 10 9 11 4 8 16 20
24 6 0 13 12 4 13 7 8 11 22 24
12 12 13 0 2 14 7 10 16 20 19 12
14 10 12 2 0 13 6 9 14 19 19 14
26 10 4 14 13 0 16 5 12 14 25 26
11 9 13 7 6 16 0 13 12 16 12 11
22 11 7 10 9 5 13 0 14 17 25 22
22 4 8 16 14 12 12 14 0 5 16 22
27 8 11 20 19 14 16 17 5 0 17 27
16 16 22 19 19 25 12 25 16 17 0 16
0 20 24 12 14 26 11 22 22 27 16 0
,
0 44 49 14 38 26 26 65 51 39 34 0
32 0 16 31 30 25 11 23 6 23 35 41
66 17 0 15 27 4 27 16 11 18 25 38
29 28 32 0 5 20 8 22 29 22 25 23
29 18 33 2 0 13 9 12 18 50 34 40
40 16 7 37 36 0 40 10 32 15 68 74
28 26 21 19 16 47 0 30 12 37 26 28
43 18 21 21 12 14 22 0 35 20 62 46
36 8 21 26 17 28 24 20 0 14 27 36
55 18 25 21 32 24 28 48 12 0 42 34
23 19 60 33 54 28 29 56 23 22 0 38
0 51 69 36 36 52 28 65 63 42 39 0