2
10
,
0 (23.0, 32.0) 70.0
1 (19.0, 44.0) 35.0
2 (0.0, 25.0) 34.0
3 (3.0, 27.0) 83.0
4 (14.0, 50.0) 83.0
5 (12.0, 18.0) 36.0
6 (5.0, 44.0) 68.0
7 (30.0, 33.0) 49.0
8 (39.0, 36.0) 53.0
9 (31.0, 2.0) 55.0
,
0 20 24 12 14 26 11 22 22 27 16 0
20 0 6 12 10 10 9 11 4 8 16 20
24 6 0 13 12 4 13 7 8 11 22 24
12 12 13 0 2 14 7 10 16 20 19 12
14 10 12 2 0 13 6 9 14 19 19 14
26 10 4 14 13 0 16 5 12 14 25 26
11 9 13 7 6 16 0 13 12 16 12 11
22 11 7 10 9 5 13 0 14 17 25 22
22 4 8 16 14 12 12 14 0 5 16 22
27 8 11 20 19 14 16 17 5 0 17 27
16 16 22 19 19 25 12 25 16 17 0 16
0 20 24 12 14 26 11 22 22 27 16 0
,
0 52 69 25 19 63 17 64 54 58 30 0
42 0 15 22 17 21 12 32 6 24 27 28
39 12 0 36 13 5 25 17 16 28 27 38
33 12 17 0 5 32 10 12 17 53 54 32
19 18 15 5 0 15 11 24 20 37 36 29
56 29 8 33 19 0 33 12 27 31 44 34
14 23 14 15 7 38 0 23 28 46 18 16
29 17 8 28 9 12 28 0 30 44 40 50
62 8 10 35 34 21 34 21 0 13 34 62
78 11 28 41 20 34 36 52 10 0 46 66
44 45 24 43 44 60 30 31 41 43 0 33
0 28 26 35 36 54 12 41 56 69 39 0