2
10
,
0 (23.0, 32.0) 84.0
1 (19.0, 44.0) 79.0
2 (0.0, 25.0) 39.0
3 (3.0, 27.0) 81.0
4 (14.0, 50.0) 38.0
5 (12.0, 18.0) 82.0
6 (5.0, 44.0) 36.0
7 (30.0, 33.0) 89.0
8 (39.0, 36.0) 74.0
9 (31.0, 2.0) 36.0
,
0 20 24 12 14 26 11 22 22 27 16 0
20 0 6 12 10 10 9 11 4 8 16 20
24 6 0 13 12 4 13 7 8 11 22 24
12 12 13 0 2 14 7 10 16 20 19 12
14 10 12 2 0 13 6 9 14 19 19 14
26 10 4 14 13 0 16 5 12 14 25 26
11 9 13 7 6 16 0 13 12 16 12 11
22 11 7 10 9 5 13 0 14 17 25 22
22 4 8 16 14 12 12 14 0 5 16 22
27 8 11 20 19 14 16 17 5 0 17 27
16 16 22 19 19 25 12 25 16 17 0 16
0 20 24 12 14 26 11 22 22 27 16 0
,
0 25 62 16 35 55 22 32 57 76 17 0
25 0 14 14 31 24 17 14 8 14 35 25
62 17 0 34 21 6 38 16 18 31 64 68
19 20 27 0 5 18 8 23 20 29 29 19
14 18 19 2 0 29 15 11 25 43 37 25
64 11 8 30 23 0 38 14 14 17 32 47
31 15 14 17 9 32 0 29 14 18 15 16
47 16 12 12 14 14 40 0 36 45 47 26
51 4 14 19 21 14 28 15 0 10 30 60
45 15 17 28 32 15 47 39 6 0 43 77
40 39 62 32 55 53 21 43 31 38 0 23
0 58 57 29 32 29 28 24 61 67 18 0