2
10
,
0 (23.0, 32.0) 77.0
1 (19.0, 44.0) 80.0
2 (0.0, 25.0) 46.0
3 (3.0, 27.0) 34.0
4 (14.0, 50.0) 49.0
5 (12.0, 18.0) 50.0
6 (5.0, 44.0) 50.0
7 (30.0, 33.0) 51.0
8 (39.0, 36.0) 53.0
9 (31.0, 2.0) 34.0
,
0 20 24 12 14 26 11 22 22 27 16 0
20 0 6 12 10 10 9 11 4 8 16 20
24 6 0 13 12 4 13 7 8 11 22 24
12 12 13 0 2 14 7 10 16 20 19 12
14 10 12 2 0 13 6 9 14 19 19 14
26 10 4 14 13 0 16 5 12 14 25 26
11 9 13 7 6 16 0 13 12 16 12 11
22 11 7 10 9 5 13 0 14 17 25 22
22 4 8 16 14 12 12 14 0 5 16 22
27 8 11 20 19 14 16 17 5 0 17 27
16 16 22 19 19 25 12 25 16 17 0 16
0 20 24 12 14 26 11 22 22 27 16 0
,
0 28 45 19 39 28 17 56 29 60 26 0
54 0 10 26 29 24 18 22 5 24 17 41
69 18 0 19 13 4 30 15 21 14 23 48
26 20 22 0 2 41 10 21 27 53 47 33
26 26 15 2 0 28 16 10 34 43 45 16
61 17 9 30 19 0 28 14 26 17 54 51
13 21 23 10 7 31 0 34 29 20 22 28
39 15 17 24 17 10 19 0 18 20 44 54
54 7 10 39 32 19 24 34 0 7 43 30
75 20 19 49 22 16 33 22 9 0 50 36
22 19 55 51 42 51 24 64 42 48 0 40
0 23 39 34 38 71 22 64 66 79 16 0