2
10
,
0 (23.0, 32.0) 58.0
1 (19.0, 44.0) 58.0
2 (0.0, 25.0) 49.0
3 (3.0, 27.0) 45.0
4 (14.0, 50.0) 83.0
5 (12.0, 18.0) 40.0
6 (5.0, 44.0) 54.0
7 (30.0, 33.0) 43.0
8 (39.0, 36.0) 65.0
9 (31.0, 2.0) 32.0
,
0 20 24 12 14 26 11 22 22 27 16 0
20 0 6 12 10 10 9 11 4 8 16 20
24 6 0 13 12 4 13 7 8 11 22 24
12 12 13 0 2 14 7 10 16 20 19 12
14 10 12 2 0 13 6 9 14 19 19 14
26 10 4 14 13 0 16 5 12 14 25 26
11 9 13 7 6 16 0 13 12 16 12 11
22 11 7 10 9 5 13 0 14 17 25 22
22 4 8 16 14 12 12 14 0 5 16 22
27 8 11 20 19 14 16 17 5 0 17 27
16 16 22 19 19 25 12 25 16 17 0 16
0 20 24 12 14 26 11 22 22 27 16 0
,
0 48 52 34 22 52 19 57 41 64 33 0
53 0 15 32 25 29 26 24 10 14 21 23
66 18 0 23 31 8 19 9 11 24 64 28
34 13 31 0 3 22 16 13 43 59 45 36
22 24 24 2 0 32 14 18 21 32 46 36
49 28 5 28 26 0 30 13 34 24 43 78
26 13 35 13 8 31 0 18 14 25 20 32
57 28 20 14 24 14 21 0 29 28 51 26
62 9 20 29 26 19 20 27 0 6 45 54
44 11 14 56 43 42 16 25 11 0 41 29
27 30 40 51 30 70 29 33 38 22 0 25
0 47 70 33 28 30 24 49 42 71 40 0