2
10
,
0 (23.0, 32.0) 43.0
1 (19.0, 44.0) 47.0
2 (0.0, 25.0) 67.0
3 (3.0, 27.0) 42.0
4 (14.0, 50.0) 66.0
5 (12.0, 18.0) 72.0
6 (5.0, 44.0) 45.0
7 (30.0, 33.0) 47.0
8 (39.0, 36.0) 42.0
9 (31.0, 2.0) 45.0
,
0 20 24 12 14 26 11 22 22 27 16 0
20 0 6 12 10 10 9 11 4 8 16 20
24 6 0 13 12 4 13 7 8 11 22 24
12 12 13 0 2 14 7 10 16 20 19 12
14 10 12 2 0 13 6 9 14 19 19 14
26 10 4 14 13 0 16 5 12 14 25 26
11 9 13 7 6 16 0 13 12 16 12 11
22 11 7 10 9 5 13 0 14 17 25 22
22 4 8 16 14 12 12 14 0 5 16 22
27 8 11 20 19 14 16 17 5 0 17 27
16 16 22 19 19 25 12 25 16 17 0 16
0 20 24 12 14 26 11 22 22 27 16 0
,
0 56 62 31 28 48 31 37 49 70 26 0
56 0 13 26 12 28 20 13 6 24 33 54
63 8 0 29 31 10 15 10 17 19 26 45
17 22 18 0 2 30 14 12 30 30 24 37
18 18 15 3 0 25 15 9 20 54 41 14
30 12 6 32 31 0 21 6 24 39 48 34
23 25 18 9 8 18 0 30 34 34 35 23
35 20 20 12 11 6 20 0 35 39 45 37
58 4 16 24 32 30 20 30 0 12 34 49
74 21 29 45 20 34 49 37 12 0 18 55
33 45 44 30 25 72 22 66 21 43 0 44
0 42 33 19 37 28 29 37 56 47 24 0