2
10
,
0 (23.0, 32.0) 37.0
1 (19.0, 44.0) 40.0
2 (0.0, 25.0) 66.0
3 (3.0, 27.0) 71.0
4 (14.0, 50.0) 46.0
5 (12.0, 18.0) 66.0
6 (5.0, 44.0) 50.0
7 (30.0, 33.0) 59.0
8 (39.0, 36.0) 48.0
9 (31.0, 2.0) 53.0
,
0 20 24 12 14 26 11 22 22 27 16 0
20 0 6 12 10 10 9 11 4 8 16 20
24 6 0 13 12 4 13 7 8 11 22 24
12 12 13 0 2 14 7 10 16 20 19 12
14 10 12 2 0 13 6 9 14 19 19 14
26 10 4 14 13 0 16 5 12 14 25 26
11 9 13 7 6 16 0 13 12 16 12 11
22 11 7 10 9 5 13 0 14 17 25 22
22 4 8 16 14 12 12 14 0 5 16 22
27 8 11 20 19 14 16 17 5 0 17 27
16 16 22 19 19 25 12 25 16 17 0 16
0 20 24 12 14 26 11 22 22 27 16 0
,
0 25 53 23 34 50 32 44 57 74 39 0
25 0 15 22 29 26 16 19 10 24 28 24
70 14 0 25 18 6 36 13 17 21 29 60
17 23 19 0 5 20 15 27 38 54 27 21
38 24 17 3 0 29 17 17 38 32 37 39
60 22 5 26 36 0 17 10 14 34 34 31
27 21 24 21 7 32 0 36 19 25 22 24
38 15 15 19 13 14 14 0 40 37 49 28
42 6 19 42 15 14 25 36 0 8 25 53
76 14 30 58 44 27 32 19 12 0 52 74
25 26 30 48 32 52 26 64 21 33 0 19
0 36 70 28 28 43 24 57 29 52 17 0