2
10
,
0 (23.0, 32.0) 35.0
1 (19.0, 44.0) 76.0
2 (0.0, 25.0) 59.0
3 (3.0, 27.0) 48.0
4 (14.0, 50.0) 76.0
5 (12.0, 18.0) 51.0
6 (5.0, 44.0) 60.0
7 (30.0, 33.0) 65.0
8 (39.0, 36.0) 30.0
9 (31.0, 2.0) 34.0
,
0 20 24 12 14 26 11 22 22 27 16 0
20 0 6 12 10 10 9 11 4 8 16 20
24 6 0 13 12 4 13 7 8 11 22 24
12 12 13 0 2 14 7 10 16 20 19 12
14 10 12 2 0 13 6 9 14 19 19 14
26 10 4 14 13 0 16 5 12 14 25 26
11 9 13 7 6 16 0 13 12 16 12 11
22 11 7 10 9 5 13 0 14 17 25 22
22 4 8 16 14 12 12 14 0 5 16 22
27 8 11 20 19 14 16 17 5 0 17 27
16 16 22 19 19 25 12 25 16 17 0 16
0 20 24 12 14 26 11 22 22 27 16 0
,
0 36 27 18 14 73 17 52 55 75 45 0
55 0 11 24 24 28 18 28 6 17 28 35
30 16 0 39 22 9 26 13 9 27 44 45
33 18 20 0 5 21 17 23 29 55 42 36
17 15 12 4 0 28 17 11 40 19 45 35
63 11 5 28 19 0 27 9 29 15 68 56
32 10 22 13 15 30 0 20 22 20 15 13
43 20 15 12 17 12 34 0 20 26 33 53
66 9 16 38 33 28 33 29 0 5 39 31
34 12 16 28 31 25 23 24 9 0 26 34
38 27 22 20 32 60 22 45 44 33 0 18
0 29 51 19 39 75 24 38 62 72 32 0