2
10
,
0 (23.0, 32.0) 63.0
1 (19.0, 44.0) 32.0
2 (0.0, 25.0) 52.0
3 (3.0, 27.0) 42.0
4 (14.0, 50.0) 54.0
5 (12.0, 18.0) 48.0
6 (5.0, 44.0) 56.0
7 (30.0, 33.0) 39.0
8 (39.0, 36.0) 60.0
9 (31.0, 2.0) 35.0
,
0 20 24 12 14 26 11 22 22 27 16 0
20 0 6 12 10 10 9 11 4 8 16 20
24 6 0 13 12 4 13 7 8 11 22 24
12 12 13 0 2 14 7 10 16 20 19 12
14 10 12 2 0 13 6 9 14 19 19 14
26 10 4 14 13 0 16 5 12 14 25 26
11 9 13 7 6 16 0 13 12 16 12 11
22 11 7 10 9 5 13 0 14 17 25 22
22 4 8 16 14 12 12 14 0 5 16 22
27 8 11 20 19 14 16 17 5 0 17 27
16 16 22 19 19 25 12 25 16 17 0 16
0 20 24 12 14 26 11 22 22 27 16 0
,
0 49 70 20 24 35 22 24 26 64 45 0
20 0 7 13 18 12 15 24 8 9 32 57
48 12 0 33 27 12 20 14 16 26 26 39
33 35 35 0 3 23 17 22 36 57 52 36
18 19 19 2 0 17 15 16 16 33 19 14
70 19 9 34 26 0 23 8 12 15 39 64
16 16 14 9 11 16 0 16 35 46 24 32
51 16 16 10 11 8 20 0 37 24 48 54
53 6 22 39 23 30 12 24 0 6 23 40
47 16 23 38 31 21 18 42 5 0 28 46
43 22 41 35 33 54 23 39 29 48 0 44
0 52 51 14 28 48 32 40 60 34 27 0