2
10
,
0 (23.0, 32.0) 45.0
1 (19.0, 44.0) 36.0
2 (0.0, 25.0) 46.0
3 (3.0, 27.0) 51.0
4 (14.0, 50.0) 32.0
5 (12.0, 18.0) 40.0
6 (5.0, 44.0) 53.0
7 (30.0, 33.0) 49.0
8 (39.0, 36.0) 62.0
9 (31.0, 2.0) 82.0
,
0 20 24 12 14 26 11 22 22 27 16 0
20 0 6 12 10 10 9 11 4 8 16 20
24 6 0 13 12 4 13 7 8 11 22 24
12 12 13 0 2 14 7 10 16 20 19 12
14 10 12 2 0 13 6 9 14 19 19 14
26 10 4 14 13 0 16 5 12 14 25 26
11 9 13 7 6 16 0 13 12 16 12 11
22 11 7 10 9 5 13 0 14 17 25 22
22 4 8 16 14 12 12 14 0 5 16 22
27 8 11 20 19 14 16 17 5 0 17 27
16 16 22 19 19 25 12 25 16 17 0 16
0 20 24 12 14 26 11 22 22 27 16 0
,
0 52 42 19 17 43 23 24 22 27 32 0
23 0 11 34 21 10 22 26 9 11 24 56
57 8 0 23 25 10 21 10 9 30 56 72
22 19 14 0 2 33 14 12 19 38 46 16
20 27 32 5 0 19 16 10 18 33 33 32
38 21 8 40 34 0 47 9 24 36 53 35
23 13 18 13 15 44 0 14 30 22 21 18
25 27 12 16 12 8 36 0 29 22 73 57
62 5 17 18 21 13 32 22 0 11 34 25
40 12 22 32 38 24 37 51 8 0 30 55
43 29 64 21 35 70 17 64 26 51 0 38
0 31 43 14 32 52 26 65 45 37 30 0