2
10
,
0 (23.0, 32.0) 35.0
1 (19.0, 44.0) 87.0
2 (0.0, 25.0) 88.0
3 (3.0, 27.0) 71.0
4 (14.0, 50.0) 86.0
5 (12.0, 18.0) 63.0
6 (5.0, 44.0) 69.0
7 (30.0, 33.0) 45.0
8 (39.0, 36.0) 87.0
9 (31.0, 2.0) 31.0
,
0 20 24 12 14 26 11 22 22 27 16 0
20 0 6 12 10 10 9 11 4 8 16 20
24 6 0 13 12 4 13 7 8 11 22 24
12 12 13 0 2 14 7 10 16 20 19 12
14 10 12 2 0 13 6 9 14 19 19 14
26 10 4 14 13 0 16 5 12 14 25 26
11 9 13 7 6 16 0 13 12 16 12 11
22 11 7 10 9 5 13 0 14 17 25 22
22 4 8 16 14 12 12 14 0 5 16 22
27 8 11 20 19 14 16 17 5 0 17 27
16 16 22 19 19 25 12 25 16 17 0 16
0 20 24 12 14 26 11 22 22 27 16 0
,
0 36 26 22 30 31 14 60 26 55 30 0
42 0 13 27 28 30 17 27 9 21 36 51
71 8 0 18 21 9 40 21 18 30 45 71
30 19 26 0 3 18 8 25 21 49 56 28
23 12 15 2 0 20 16 23 35 43 42 16
48 22 5 24 23 0 41 11 23 30 43 59
22 17 40 12 17 30 0 14 15 27 21 14
42 29 19 27 23 12 26 0 32 33 69 33
22 5 14 34 15 27 26 38 0 7 40 36
53 17 27 45 50 35 16 51 8 0 22 68
35 18 34 20 49 67 35 51 34 46 0 38
0 29 46 25 14 52 23 62 25 49 47 0