2
10
,
0 (23.0, 32.0) 76.0
1 (19.0, 44.0) 31.0
2 (0.0, 25.0) 59.0
3 (3.0, 27.0) 52.0
4 (14.0, 50.0) 90.0
5 (12.0, 18.0) 34.0
6 (5.0, 44.0) 65.0
7 (30.0, 33.0) 72.0
8 (39.0, 36.0) 32.0
9 (31.0, 2.0) 48.0
,
0 20 24 12 14 26 11 22 22 27 16 0
20 0 6 12 10 10 9 11 4 8 16 20
24 6 0 13 12 4 13 7 8 11 22 24
12 12 13 0 2 14 7 10 16 20 19 12
14 10 12 2 0 13 6 9 14 19 19 14
26 10 4 14 13 0 16 5 12 14 25 26
11 9 13 7 6 16 0 13 12 16 12 11
22 11 7 10 9 5 13 0 14 17 25 22
22 4 8 16 14 12 12 14 0 5 16 22
27 8 11 20 19 14 16 17 5 0 17 27
16 16 22 19 19 25 12 25 16 17 0 16
0 20 24 12 14 26 11 22 22 27 16 0
,
0 36 54 37 18 69 18 52 30 55 27 0
51 0 12 28 22 25 9 22 7 16 21 53
52 9 0 25 17 7 28 8 18 24 30 68
27 20 28 0 3 38 11 12 30 27 45 20
36 15 21 3 0 30 9 24 27 51 21 27
61 19 8 42 15 0 43 11 31 15 26 53
14 13 17 17 14 19 0 31 28 36 28 30
35 13 20 23 10 10 23 0 33 42 29 59
36 5 11 38 20 25 29 17 0 13 26 43
36 10 31 35 46 41 31 44 10 0 39 57
35 39 58 27 42 32 31 74 31 19 0 24
0 20 48 31 24 41 15 46 32 69 40 0