2
10
,
0 (23.0, 32.0) 36.0
1 (19.0, 44.0) 46.0
2 (0.0, 25.0) 84.0
3 (3.0, 27.0) 36.0
4 (14.0, 50.0) 73.0
5 (12.0, 18.0) 79.0
6 (5.0, 44.0) 43.0
7 (30.0, 33.0) 47.0
8 (39.0, 36.0) 52.0
9 (31.0, 2.0) 59.0
,
0 20 24 12 14 26 11 22 22 27 16 0
20 0 6 12 10 10 9 11 4 8 16 20
24 6 0 13 12 4 13 7 8 11 22 24
12 12 13 0 2 14 7 10 16 20 19 12
14 10 12 2 0 13 6 9 14 19 19 14
26 10 4 14 13 0 16 5 12 14 25 26
11 9 13 7 6 16 0 13 12 16 12 11
22 11 7 10 9 5 13 0 14 17 25 22
22 4 8 16 14 12 12 14 0 5 16 22
27 8 11 20 19 14 16 17 5 0 17 27
16 16 22 19 19 25 12 25 16 17 0 16
0 20 24 12 14 26 11 22 22 27 16 0
,
0 37 46 17 37 51 32 48 47 56 23 0
20 0 15 27 24 27 21 17 7 23 32 51
67 19 0 16 19 8 17 13 15 12 35 56
19 21 28 0 5 40 8 22 33 28 24 17
16 27 28 4 0 35 19 25 41 35 43 14
27 15 10 21 23 0 25 12 23 37 74 75
26 12 26 20 11 36 0 17 14 33 36 28
34 24 17 21 23 8 23 0 18 36 34 31
48 4 12 24 24 34 22 25 0 5 35 25
52 19 23 25 33 39 18 52 11 0 27 75
19 24 47 29 31 57 36 50 25 18 0 39
0 36 25 21 19 74 28 39 59 30 46 0