2
10
,
0 (23.0, 32.0) 33.0
1 (19.0, 44.0) 40.0
2 (0.0, 25.0) 35.0
3 (3.0, 27.0) 35.0
4 (14.0, 50.0) 49.0
5 (12.0, 18.0) 49.0
6 (5.0, 44.0) 50.0
7 (30.0, 33.0) 49.0
8 (39.0, 36.0) 55.0
9 (31.0, 2.0) 32.0
,
0 20 24 12 14 26 11 22 22 27 16 0
20 0 6 12 10 10 9 11 4 8 16 20
24 6 0 13 12 4 13 7 8 11 22 24
12 12 13 0 2 14 7 10 16 20 19 12
14 10 12 2 0 13 6 9 14 19 19 14
26 10 4 14 13 0 16 5 12 14 25 26
11 9 13 7 6 16 0 13 12 16 12 11
22 11 7 10 9 5 13 0 14 17 25 22
22 4 8 16 14 12 12 14 0 5 16 22
27 8 11 20 19 14 16 17 5 0 17 27
16 16 22 19 19 25 12 25 16 17 0 16
0 20 24 12 14 26 11 22 22 27 16 0
,
0 44 32 36 31 50 13 30 60 59 37 0
53 0 10 19 25 23 11 17 8 11 18 20
33 9 0 24 14 5 20 18 18 26 55 28
37 30 38 0 4 31 18 28 21 51 50 26
16 30 20 5 0 31 11 16 23 23 21 23
31 16 7 23 28 0 40 6 14 40 61 52
30 13 28 11 17 31 0 22 24 27 20 19
30 14 15 26 9 8 33 0 32 49 36 52
57 8 15 38 27 22 33 38 0 10 17 35
76 10 26 26 53 26 37 32 8 0 45 50
33 43 43 45 49 63 34 34 17 41 0 22
0 32 48 29 35 34 26 51 50 41 40 0