2
10
,
0 (23.0, 32.0) 62.0
1 (19.0, 44.0) 78.0
2 (0.0, 25.0) 73.0
3 (3.0, 27.0) 62.0
4 (14.0, 50.0) 61.0
5 (12.0, 18.0) 44.0
6 (5.0, 44.0) 42.0
7 (30.0, 33.0) 69.0
8 (39.0, 36.0) 47.0
9 (31.0, 2.0) 48.0
,
0 20 24 12 14 26 11 22 22 27 16 0
20 0 6 12 10 10 9 11 4 8 16 20
24 6 0 13 12 4 13 7 8 11 22 24
12 12 13 0 2 14 7 10 16 20 19 12
14 10 12 2 0 13 6 9 14 19 19 14
26 10 4 14 13 0 16 5 12 14 25 26
11 9 13 7 6 16 0 13 12 16 12 11
22 11 7 10 9 5 13 0 14 17 25 22
22 4 8 16 14 12 12 14 0 5 16 22
27 8 11 20 19 14 16 17 5 0 17 27
16 16 22 19 19 25 12 25 16 17 0 16
0 20 24 12 14 26 11 22 22 27 16 0
,
0 29 60 29 37 41 13 66 44 39 29 0
30 0 7 36 15 24 21 14 8 12 33 54
31 11 0 31 12 12 19 19 20 21 28 37
23 26 19 0 5 37 21 13 30 53 37 25
21 16 26 4 0 33 16 10 22 27 21 17
59 20 5 36 15 0 31 8 32 19 63 50
22 14 31 9 17 34 0 25 28 32 25 21
66 27 8 15 19 13 39 0 41 51 65 39
47 10 16 32 29 13 29 28 0 5 19 38
45 25 21 36 39 19 37 20 11 0 51 37
32 42 62 37 44 70 21 45 43 24 0 18
0 40 68 33 23 62 15 42 35 41 35 0