2
10
,
0 (23.0, 32.0) 76.0
1 (19.0, 44.0) 56.0
2 (0.0, 25.0) 62.0
3 (3.0, 27.0) 52.0
4 (14.0, 50.0) 51.0
5 (12.0, 18.0) 36.0
6 (5.0, 44.0) 90.0
7 (30.0, 33.0) 38.0
8 (39.0, 36.0) 38.0
9 (31.0, 2.0) 33.0
,
0 20 24 12 14 26 11 22 22 27 16 0
20 0 6 12 10 10 9 11 4 8 16 20
24 6 0 13 12 4 13 7 8 11 22 24
12 12 13 0 2 14 7 10 16 20 19 12
14 10 12 2 0 13 6 9 14 19 19 14
26 10 4 14 13 0 16 5 12 14 25 26
11 9 13 7 6 16 0 13 12 16 12 11
22 11 7 10 9 5 13 0 14 17 25 22
22 4 8 16 14 12 12 14 0 5 16 22
27 8 11 20 19 14 16 17 5 0 17 27
16 16 22 19 19 25 12 25 16 17 0 16
0 20 24 12 14 26 11 22 22 27 16 0
,
0 42 33 26 37 77 25 28 23 69 44 0
53 0 14 18 16 28 10 23 8 13 17 35
52 17 0 25 22 6 17 8 16 26 53 56
15 34 35 0 3 26 9 22 37 51 43 21
29 11 34 5 0 29 9 9 28 45 52 21
50 22 11 30 21 0 37 7 30 43 64 75
29 23 32 9 7 33 0 20 16 24 17 29
65 26 10 21 16 11 34 0 40 19 57 38
36 5 11 16 25 14 21 19 0 7 18 41
64 19 31 43 51 20 21 39 5 0 31 66
42 39 46 25 35 31 14 43 46 33 0 18
0 21 50 22 30 48 17 51 23 40 22 0