2
10
,
0 (23.0, 32.0) 44.0
1 (19.0, 44.0) 31.0
2 (0.0, 25.0) 41.0
3 (3.0, 27.0) 49.0
4 (14.0, 50.0) 66.0
5 (12.0, 18.0) 75.0
6 (5.0, 44.0) 50.0
7 (30.0, 33.0) 47.0
8 (39.0, 36.0) 71.0
9 (31.0, 2.0) 88.0
,
0 20 24 12 14 26 11 22 22 27 16 0
20 0 6 12 10 10 9 11 4 8 16 20
24 6 0 13 12 4 13 7 8 11 22 24
12 12 13 0 2 14 7 10 16 20 19 12
14 10 12 2 0 13 6 9 14 19 19 14
26 10 4 14 13 0 16 5 12 14 25 26
11 9 13 7 6 16 0 13 12 16 12 11
22 11 7 10 9 5 13 0 14 17 25 22
22 4 8 16 14 12 12 14 0 5 16 22
27 8 11 20 19 14 16 17 5 0 17 27
16 16 22 19 19 25 12 25 16 17 0 16
0 20 24 12 14 26 11 22 22 27 16 0
,
0 23 27 37 38 72 13 52 63 77 39 0
38 0 16 32 12 28 26 28 8 12 24 35
33 15 0 14 14 9 29 17 13 22 38 44
19 36 18 0 2 21 12 23 22 52 45 18
14 20 13 3 0 24 15 20 37 26 33 31
33 19 9 41 19 0 43 11 29 40 57 61
14 10 15 11 18 25 0 25 26 34 27 18
51 21 21 18 11 14 25 0 14 23 29 35
50 10 16 31 24 28 25 23 0 12 28 28
69 15 28 42 44 34 35 19 8 0 24 76
17 45 55 21 28 56 34 73 27 50 0 43
0 20 35 34 34 36 29 33 35 60 40 0