2
10
,
0 (23.0, 32.0) 71.0
1 (19.0, 44.0) 87.0
2 (0.0, 25.0) 33.0
3 (3.0, 27.0) 32.0
4 (14.0, 50.0) 56.0
5 (12.0, 18.0) 64.0
6 (5.0, 44.0) 74.0
7 (30.0, 33.0) 48.0
8 (39.0, 36.0) 59.0
9 (31.0, 2.0) 39.0
,
0 20 24 12 14 26 11 22 22 27 16 0
20 0 6 12 10 10 9 11 4 8 16 20
24 6 0 13 12 4 13 7 8 11 22 24
12 12 13 0 2 14 7 10 16 20 19 12
14 10 12 2 0 13 6 9 14 19 19 14
26 10 4 14 13 0 16 5 12 14 25 26
11 9 13 7 6 16 0 13 12 16 12 11
22 11 7 10 9 5 13 0 14 17 25 22
22 4 8 16 14 12 12 14 0 5 16 22
27 8 11 20 19 14 16 17 5 0 17 27
16 16 22 19 19 25 12 25 16 17 0 16
0 20 24 12 14 26 11 22 22 27 16 0
,
0 46 68 21 21 57 28 26 55 31 20 0
51 0 13 20 23 19 11 16 10 13 19 53
36 15 0 27 31 7 40 20 8 32 41 63
32 26 20 0 3 24 10 27 31 51 35 30
35 27 13 2 0 35 17 15 40 46 54 23
51 19 9 38 22 0 47 10 33 38 70 50
31 25 22 14 16 19 0 22 15 22 14 29
62 14 17 25 22 10 36 0 26 22 31 47
59 5 15 17 35 34 20 37 0 9 41 33
68 9 32 29 29 42 21 47 5 0 38 33
42 39 32 46 45 58 24 31 31 23 0 24
0 39 39 22 19 55 15 39 29 44 47 0