2
10
,
0 (23.0, 32.0) 43.0
1 (19.0, 44.0) 50.0
2 (0.0, 25.0) 74.0
3 (3.0, 27.0) 69.0
4 (14.0, 50.0) 30.0
5 (12.0, 18.0) 83.0
6 (5.0, 44.0) 49.0
7 (30.0, 33.0) 65.0
8 (39.0, 36.0) 40.0
9 (31.0, 2.0) 32.0
,
0 20 24 12 14 26 11 22 22 27 16 0
20 0 6 12 10 10 9 11 4 8 16 20
24 6 0 13 12 4 13 7 8 11 22 24
12 12 13 0 2 14 7 10 16 20 19 12
14 10 12 2 0 13 6 9 14 19 19 14
26 10 4 14 13 0 16 5 12 14 25 26
11 9 13 7 6 16 0 13 12 16 12 11
22 11 7 10 9 5 13 0 14 17 25 22
22 4 8 16 14 12 12 14 0 5 16 22
27 8 11 20 19 14 16 17 5 0 17 27
16 16 22 19 19 25 12 25 16 17 0 16
0 20 24 12 14 26 11 22 22 27 16 0
,
0 32 57 14 23 38 27 66 61 73 21 0
42 0 18 27 23 15 24 32 9 9 36 40
35 10 0 35 16 5 16 9 16 27 26 27
19 17 14 0 3 36 11 17 42 21 53 33
23 26 24 3 0 26 7 23 40 26 54 35
51 19 5 42 29 0 40 16 25 26 43 34
19 13 24 16 13 39 0 28 19 44 29 32
51 29 16 12 10 9 26 0 23 41 44 51
28 9 8 32 39 18 34 38 0 6 18 60
52 20 13 29 42 41 31 46 10 0 34 33
29 34 26 58 21 67 13 66 20 18 0 41
0 24 29 29 15 70 20 22 52 37 35 0