2
10
,
0 (23.0, 32.0) 52.0
1 (19.0, 44.0) 79.0
2 (0.0, 25.0) 41.0
3 (3.0, 27.0) 35.0
4 (14.0, 50.0) 33.0
5 (12.0, 18.0) 50.0
6 (5.0, 44.0) 39.0
7 (30.0, 33.0) 36.0
8 (39.0, 36.0) 68.0
9 (31.0, 2.0) 36.0
,
0 20 24 12 14 26 11 22 22 27 16 0
20 0 6 12 10 10 9 11 4 8 16 20
24 6 0 13 12 4 13 7 8 11 22 24
12 12 13 0 2 14 7 10 16 20 19 12
14 10 12 2 0 13 6 9 14 19 19 14
26 10 4 14 13 0 16 5 12 14 25 26
11 9 13 7 6 16 0 13 12 16 12 11
22 11 7 10 9 5 13 0 14 17 25 22
22 4 8 16 14 12 12 14 0 5 16 22
27 8 11 20 19 14 16 17 5 0 17 27
16 16 22 19 19 25 12 25 16 17 0 16
0 20 24 12 14 26 11 22 22 27 16 0
,
0 23 60 24 29 59 16 27 61 49 36 0
40 0 18 32 24 18 21 30 5 18 37 49
55 12 0 14 16 5 20 9 16 23 27 25
33 13 18 0 3 42 13 16 38 22 23 13
38 11 27 4 0 22 9 19 33 33 34 19
28 30 4 18 33 0 38 10 30 37 61 65
24 10 18 11 10 37 0 16 27 27 26 23
48 22 18 23 21 10 16 0 16 25 57 58
63 4 8 42 20 25 31 18 0 12 30 51
43 19 22 30 40 17 30 49 10 0 41 40
17 35 48 42 34 46 30 46 23 35 0 39
0 52 61 30 16 57 28 22 49 44 36 0