2
10
,
0 (23.0, 32.0) 62.0
1 (19.0, 44.0) 39.0
2 (0.0, 25.0) 34.0
3 (3.0, 27.0) 62.0
4 (14.0, 50.0) 47.0
5 (12.0, 18.0) 33.0
6 (5.0, 44.0) 51.0
7 (30.0, 33.0) 48.0
8 (39.0, 36.0) 47.0
9 (31.0, 2.0) 77.0
,
0 20 24 12 14 26 11 22 22 27 16 0
20 0 6 12 10 10 9 11 4 8 16 20
24 6 0 13 12 4 13 7 8 11 22 24
12 12 13 0 2 14 7 10 16 20 19 12
14 10 12 2 0 13 6 9 14 19 19 14
26 10 4 14 13 0 16 5 12 14 25 26
11 9 13 7 6 16 0 13 12 16 12 11
22 11 7 10 9 5 13 0 14 17 25 22
22 4 8 16 14 12 12 14 0 5 16 22
27 8 11 20 19 14 16 17 5 0 17 27
16 16 22 19 19 25 12 25 16 17 0 16
0 20 24 12 14 26 11 22 22 27 16 0
,
0 43 55 33 37 68 18 44 58 30 19 0
33 0 12 21 27 27 17 25 7 12 22 28
50 17 0 32 35 5 18 14 19 31 56 34
36 13 34 0 4 41 9 26 24 49 30 16
23 18 12 5 0 26 11 25 26 26 55 31
73 27 9 20 17 0 20 13 14 24 49 34
13 25 29 11 17 32 0 29 21 35 15 28
47 31 14 22 24 12 19 0 40 39 53 56
54 4 13 21 37 14 24 24 0 6 38 23
65 12 17 48 46 18 34 52 6 0 39 32
42 47 63 40 43 58 14 34 41 27 0 42
0 48 36 13 35 52 32 24 30 56 36 0