2
10
,
0 (23.0, 32.0) 46.0
1 (19.0, 44.0) 71.0
2 (0.0, 25.0) 51.0
3 (3.0, 27.0) 58.0
4 (14.0, 50.0) 41.0
5 (12.0, 18.0) 43.0
6 (5.0, 44.0) 64.0
7 (30.0, 33.0) 65.0
8 (39.0, 36.0) 68.0
9 (31.0, 2.0) 35.0
,
0 20 24 12 14 26 11 22 22 27 16 0
20 0 6 12 10 10 9 11 4 8 16 20
24 6 0 13 12 4 13 7 8 11 22 24
12 12 13 0 2 14 7 10 16 20 19 12
14 10 12 2 0 13 6 9 14 19 19 14
26 10 4 14 13 0 16 5 12 14 25 26
11 9 13 7 6 16 0 13 12 16 12 11
22 11 7 10 9 5 13 0 14 17 25 22
22 4 8 16 14 12 12 14 0 5 16 22
27 8 11 20 19 14 16 17 5 0 17 27
16 16 22 19 19 25 12 25 16 17 0 16
0 20 24 12 14 26 11 22 22 27 16 0
,
0 57 46 33 32 39 18 33 67 44 29 0
23 0 16 20 26 26 23 16 6 13 34 38
69 10 0 28 18 5 27 19 17 26 28 44
23 21 14 0 2 16 14 21 16 30 49 28
24 22 17 5 0 35 13 19 28 22 23 21
46 22 11 30 24 0 45 11 30 18 28 39
14 15 26 15 11 46 0 39 18 32 13 15
49 27 16 26 10 10 33 0 15 37 26 41
23 5 8 16 31 26 12 33 0 10 41 26
42 10 19 30 21 24 44 40 11 0 37 54
23 29 40 36 42 58 26 49 20 39 0 16
0 42 45 34 26 29 29 56 57 79 40 0