2
10
,
0 (23.0, 32.0) 89.0
1 (19.0, 44.0) 45.0
2 (0.0, 25.0) 67.0
3 (3.0, 27.0) 32.0
4 (14.0, 50.0) 36.0
5 (12.0, 18.0) 70.0
6 (5.0, 44.0) 39.0
7 (30.0, 33.0) 42.0
8 (39.0, 36.0) 46.0
9 (31.0, 2.0) 34.0
,
0 20 24 12 14 26 11 22 22 27 16 0
20 0 6 12 10 10 9 11 4 8 16 20
24 6 0 13 12 4 13 7 8 11 22 24
12 12 13 0 2 14 7 10 16 20 19 12
14 10 12 2 0 13 6 9 14 19 19 14
26 10 4 14 13 0 16 5 12 14 25 26
11 9 13 7 6 16 0 13 12 16 12 11
22 11 7 10 9 5 13 0 14 17 25 22
22 4 8 16 14 12 12 14 0 5 16 22
27 8 11 20 19 14 16 17 5 0 17 27
16 16 22 19 19 25 12 25 16 17 0 16
0 20 24 12 14 26 11 22 22 27 16 0
,
0 26 33 27 25 48 15 25 65 65 39 0
43 0 15 28 11 11 25 20 8 16 32 58
70 17 0 14 22 8 20 18 16 29 39 58
17 33 20 0 2 22 11 10 22 27 43 25
16 17 14 5 0 14 17 14 15 42 54 32
57 29 6 39 25 0 17 12 27 35 52 36
24 17 16 21 14 43 0 35 17 36 25 26
66 29 16 15 15 6 18 0 34 42 40 28
59 6 15 23 31 19 12 35 0 14 40 28
56 10 18 43 43 39 27 27 9 0 18 33
34 41 24 34 55 51 27 30 31 19 0 40
0 20 71 16 34 63 32 31 53 60 28 0