2
10
,
0 (23.0, 32.0) 49.0
1 (19.0, 44.0) 59.0
2 (0.0, 25.0) 86.0
3 (3.0, 27.0) 80.0
4 (14.0, 50.0) 32.0
5 (12.0, 18.0) 79.0
6 (5.0, 44.0) 46.0
7 (30.0, 33.0) 71.0
8 (39.0, 36.0) 67.0
9 (31.0, 2.0) 36.0
,
0 20 24 12 14 26 11 22 22 27 16 0
20 0 6 12 10 10 9 11 4 8 16 20
24 6 0 13 12 4 13 7 8 11 22 24
12 12 13 0 2 14 7 10 16 20 19 12
14 10 12 2 0 13 6 9 14 19 19 14
26 10 4 14 13 0 16 5 12 14 25 26
11 9 13 7 6 16 0 13 12 16 12 11
22 11 7 10 9 5 13 0 14 17 25 22
22 4 8 16 14 12 12 14 0 5 16 22
27 8 11 20 19 14 16 17 5 0 17 27
16 16 22 19 19 25 12 25 16 17 0 16
0 20 24 12 14 26 11 22 22 27 16 0
,
0 24 56 33 38 69 18 55 64 33 34 0
41 0 8 34 22 14 12 20 7 9 44 22
37 18 0 27 26 5 40 17 17 21 31 39
16 28 20 0 3 28 20 21 16 27 46 13
35 11 34 3 0 34 18 10 27 38 22 32
34 11 10 17 27 0 23 12 15 21 45 57
21 22 16 21 11 37 0 36 27 18 25 12
41 23 17 16 19 6 36 0 25 48 60 25
39 7 15 35 23 27 34 35 0 7 17 43
28 13 13 25 34 28 34 47 14 0 19 54
41 44 55 21 38 63 14 52 27 29 0 40
0 24 43 34 34 67 25 57 27 63 37 0