2
10
,
0 (23.0, 32.0) 37.0
1 (19.0, 44.0) 84.0
2 (0.0, 25.0) 36.0
3 (3.0, 27.0) 42.0
4 (14.0, 50.0) 39.0
5 (12.0, 18.0) 87.0
6 (5.0, 44.0) 68.0
7 (30.0, 33.0) 63.0
8 (39.0, 36.0) 85.0
9 (31.0, 2.0) 77.0
,
0 20 24 12 14 26 11 22 22 27 16 0
20 0 6 12 10 10 9 11 4 8 16 20
24 6 0 13 12 4 13 7 8 11 22 24
12 12 13 0 2 14 7 10 16 20 19 12
14 10 12 2 0 13 6 9 14 19 19 14
26 10 4 14 13 0 16 5 12 14 25 26
11 9 13 7 6 16 0 13 12 16 12 11
22 11 7 10 9 5 13 0 14 17 25 22
22 4 8 16 14 12 12 14 0 5 16 22
27 8 11 20 19 14 16 17 5 0 17 27
16 16 22 19 19 25 12 25 16 17 0 16
0 20 24 12 14 26 11 22 22 27 16 0
,
0 42 56 21 25 42 28 24 65 70 45 0
58 0 9 33 30 13 18 30 8 19 28 40
70 8 0 40 19 8 24 7 13 18 56 40
24 24 21 0 5 17 15 25 34 27 35 17
18 20 12 4 0 26 16 11 37 42 39 23
41 29 10 22 20 0 22 16 23 36 38 72
24 15 38 19 17 34 0 29 25 39 18 21
42 25 15 23 20 11 18 0 21 49 30 48
55 7 14 31 39 35 31 36 0 11 38 47
27 13 13 32 39 23 37 49 10 0 39 64
30 27 39 50 22 26 16 66 37 24 0 18
0 41 35 35 24 53 19 42 57 57 30 0