2
10
,
0 (23.0, 32.0) 60.0
1 (19.0, 44.0) 52.0
2 (0.0, 25.0) 37.0
3 (3.0, 27.0) 36.0
4 (14.0, 50.0) 53.0
5 (12.0, 18.0) 42.0
6 (5.0, 44.0) 87.0
7 (30.0, 33.0) 62.0
8 (39.0, 36.0) 53.0
9 (31.0, 2.0) 80.0
,
0 20 24 12 14 26 11 22 22 27 16 0
20 0 6 12 10 10 9 11 4 8 16 20
24 6 0 13 12 4 13 7 8 11 22 24
12 12 13 0 2 14 7 10 16 20 19 12
14 10 12 2 0 13 6 9 14 19 19 14
26 10 4 14 13 0 16 5 12 14 25 26
11 9 13 7 6 16 0 13 12 16 12 11
22 11 7 10 9 5 13 0 14 17 25 22
22 4 8 16 14 12 12 14 0 5 16 22
27 8 11 20 19 14 16 17 5 0 17 27
16 16 22 19 19 25 12 25 16 17 0 16
0 20 24 12 14 26 11 22 22 27 16 0
,
0 36 54 32 17 39 22 44 29 37 26 0
29 0 13 22 14 22 26 27 6 23 29 40
66 10 0 26 24 8 20 15 10 16 38 42
28 33 38 0 2 25 19 19 17 55 24 16
27 23 19 2 0 28 12 13 22 31 39 40
74 15 10 19 20 0 45 10 23 35 65 60
23 25 18 15 13 21 0 31 33 23 16 30
34 20 8 21 14 16 32 0 34 31 69 31
27 4 18 45 14 18 24 23 0 9 27 52
76 15 15 42 44 43 28 48 8 0 25 75
43 27 51 51 40 66 26 27 33 43 0 26
0 26 26 17 34 76 19 63 25 61 16 0