2
10
,
0 (23.0, 32.0) 49.0
1 (19.0, 44.0) 33.0
2 (0.0, 25.0) 67.0
3 (3.0, 27.0) 74.0
4 (14.0, 50.0) 53.0
5 (12.0, 18.0) 61.0
6 (5.0, 44.0) 33.0
7 (30.0, 33.0) 62.0
8 (39.0, 36.0) 37.0
9 (31.0, 2.0) 32.0
,
0 20 24 12 14 26 11 22 22 27 16 0
20 0 6 12 10 10 9 11 4 8 16 20
24 6 0 13 12 4 13 7 8 11 22 24
12 12 13 0 2 14 7 10 16 20 19 12
14 10 12 2 0 13 6 9 14 19 19 14
26 10 4 14 13 0 16 5 12 14 25 26
11 9 13 7 6 16 0 13 12 16 12 11
22 11 7 10 9 5 13 0 14 17 25 22
22 4 8 16 14 12 12 14 0 5 16 22
27 8 11 20 19 14 16 17 5 0 17 27
16 16 22 19 19 25 12 25 16 17 0 16
0 20 24 12 14 26 11 22 22 27 16 0
,
0 26 33 21 36 55 19 56 23 59 30 0
42 0 6 29 27 17 11 20 8 22 16 58
44 19 0 14 19 8 14 10 21 20 33 67
18 30 28 0 4 33 19 10 22 43 31 37
15 16 30 2 0 19 16 13 24 19 56 18
27 21 5 22 29 0 33 15 17 33 36 44
16 14 30 12 15 41 0 23 14 37 18 13
28 23 15 21 15 12 37 0 38 42 25 42
59 5 9 32 38 17 12 29 0 6 41 56
49 14 30 59 49 19 30 32 13 0 32 67
28 20 59 34 54 35 28 37 32 30 0 41
0 22 59 37 21 50 16 65 27 63 38 0